13207 0 13207 0 12799 63514 214004 48575 79479 142930 211454 155389 171498 107266 223830 211564 0 131133 154289 211564 137851 181692 103719 13207 0 211564 0 154289 211564 169742 181692 170882 37388 215949 17824 0 103719 61621 229523 66466 181692 0 212204 170885 61621 134661 137851 0 81322 211564 186152 84638 212000 85439 216040 105890 61621 171501 212746 195440 84638 134939 48575 79479 144639 171501 13207 0 106711 151816 103719 73131 107266 89272 104007 211564 63228 154289 171501 211520 39206 26117 0 37388 211564 84833 103719 100381 6902 154289 0 84708 17824 0 0 211834 17824 223845 115941 154289 13207 0 211564 143422 49742 106711 0 0 14397 0 134939 26117 103925 103719 0 220575 198218 50403 155990 103719 160868 213706 14728 0 81322 211564 0 103719 157251 211834 17824 0 0 211520 171165 211564 222417 154289 160868 0 195797 14728 0 0 211520 177705 211564 222417 154289 160868 195797 149657 219063 154289 13207 0 17824 26870 80147 0 223816 103719 0 153872 103719 62609 132560 100355 84719 62783 49502 81322 0 223813 0 0 223813 134939 13123 0 214004 211564 60722 154289 39284 151431 0 170897 17824 222563 58125 232108 37388 168992 173945 51429 211520 106711 212000 17824 0 221873 37388 71244 13207 0 211564 176781 154289 61621 0 106711 131069 198954 154289 84719 63228 103719 73131 155389 160868 0 84638 0 39206 26117 0 0 105890 4377 61621 0
91026 51429 91026 51429 106711 211564 20568 222563 37388 88542 214004 0 155990 202463 162859 81322 0 155990 222475 91117 91026 51429 134939 13123 0 211564 131180 143844 14728 190634 154289 91117 162859 228767 91026 51429 26439 91117 17824 225177 57195 91026 51429 106711 225177 51445 103719 198218 52931 204070 19128 103719 211564 221179 201367 198218 52931 204070 19128 211564 221179 201367 206238 14728 107144 12790 162859 214004 158183 91117 214004 58737 211696 37164 143422 52931 63539 152082 26439 154289 211564 3797 13813 214004 211564 221179 201367 51091 73650 13837 47033 94173 211564 181060 214004 113978 14728 26212 18438 212204 94173 26631 207888 214004 135953 211520 143422 162859 39206 158183 91117 156422 107266 229078 212409 211520 211564 76252 88542 52784 152082 24005 91117 37164 201367 14728 47024 52784 37164 177151 211564 205332 53054 185390 211520 201367 14728 47024 52784 152082 24005 0 13227 0 12554 91117 106711 152082 12795 16363 201367 14728 47024 39206 202124 202463 211564 185714 14728 222417 154289 42817 115941 154289 91117 204070 19128 91117 211520 77761 132560 36321 225177 174293 212000 39206 13123 187916 211520 42817 162859 204070 19128 53986 39485 158183 91117 211834 106711 203165 91026 0 103719 211564 221179 201367 107266 106711 123146 37388 211564 147865 181024 19833 230742 205288 211564 181060 214004 158183 91117 212000 228767 107266 214004 26117 75090 67447 214004 85439 91026 157248 90031 204070 19128 211564 33674 39070 228767 91117 214004 26117 93681 214004 85439 26439 212000 27025 211520 91117 41747 226295 104880 14728 58165 198218 201367 94564 225177 203021 91026 122672 37164 157251 204070 19128 18190 222592 14728 140505 63539 152082
200764 0 52947 78746 200764 0 52947 106711 52947 103719 211564 201354 154289 78746 211564 52947 189830 106711 211564 47071 154289 79943 165337 19128 154289 2731 0 162859 126212 211834 211564 2760 42444 72707 79479 211564 52947 229078 0 211564 55485 200764 0 52947 229078 53704 103719 2440 81322 211564 199016 160800 154289 0 52947 0 52947 92143 26631 147145 200764 0 52947 81322 2293 221763 2312 230711 107266 229078 178894 0 52947 103719 2489 104135 181560 52947 229078 53704 157515 154289 211564 151938 160800 154289 200764 0 52947 230753 151938 133651 52947 229078 53704 81322 196936 160800 154289 199006 200764 0 52947 14728 211564 151938 160800 154289 159341 26126 52947 144135 154289 230384 200764 0 52947 92143 87879 103719 2470 214004 79730 0 52947 8412 214004 211564 2731 42444 211564 52947 94173 215203 17827 154289 154289 230742 155990 6506 106711 121387 14728 155990 1795 106711 229254 144135 154289 107266 103719 211564 20368 153881 200764 0 52947 106711 160800 154289 211564 168759 200764 0 138213 201411 17827 19128 154289 211564 42444 154289 2731 211834 230243 0 162859 6209 99726 14728 5261 75338 126257 103719 211564 52947 211564 168624 59736 229078 0 162859 162942 200532 139318 1164 211834 230243 6777 99752 221187 20119 14397 21611 59736 154289 0 162942 200532 139318 5632 211564 174857 131159 154289 211564 52947 229078 6315 230835 1573 10132 13837 3244 147910 13837 6902 19471 242 158552 0 4322 81322 157248 174826 14728 6472 81322 218938 155990 142930 174826 97814 155990 0 154289 16352 174806 230243 1795 154289 211564 168624 6586 200085 70703 199278 80931 53824 14728 80931 19128 211640 77879 121660 154289 211564 168624 102313 211696 19128 26870 154289 151431 230338 104135 14687 103719 2760 200764 0 52947 92143 168624 211520 229078 5890 151431 230835 1795 10132 930 0 14728 19471 103719 2731 211834 230243 6209 99726 157515 154289 230742 3457 92143 45105 220575 211564 10337 154289 2195 126257 232108 211670 5305 230243 133505 52966 126257 214176 709 92143 76506 0 232108 151115 100713 170173 14728 3671 230243 152082 178562 3144 154289 12554 99726 230243 130085 221873 154289 162859 126257 12973 14728 930 92143 198226 126257 12973 230959 229078 5752 234783 154289 10337 155990 154879 211564 21611 99723 195912 229078 4872 14728 211564 21611 75344 195912 229078 6670 103719 211564 52947 211564 168624 229078 200321 157515 232108 3051 220575 211564 10337 154289 2195 5537 81322 2195 214004 3244 3340 81322 3340 214004 4758 3144 81322 4798 214004 5714 14728 3051 230959 230243 5752 234783 154289 10337 155990 154879 211564 136155 10337 229078 4665 234783 79479 73650 390 76508 211834 230243 6902 131423 79479 73650 390 76508 10337 2195 14728 157787 211834 230243 6808 131423 211564 136155 103946 79479 99723 103719 211564 52947 229078 4265 14728 211564 136155 103946 79479 75344 229078 4624 131423 92143 136155 103946 154289 3843 225119 3051 79479 76508 211564 162942 0 103946 79479 211564 52947 229078 2195 7973 5537 154289 75338 14728 1163 154289 211564 168624 230243 27236 211564 169328 125542 103931 2729 154289 212397 220575 10337 2195 14728 5969 154289 212397 10337 5752 155990 157787 188829 103719 211564 52947 17824 131824 37388 200764 0 52947 172247 188829
214500 0 214500 0 13123 117085 19128 212263 0 32619 0 0 108565 3671 2547 110829 709 2806 229078 100537 177394 170883 14728 145279 94900 229078 32619 214004 109478 160489 103719 35930 14728 89529 221873 103719 174140 149657 235368 47071 94900 229078 211564 65605 79479 14397 67289 14728 103563 172640 181955 24053 211564 0
0 0 106711 14397 74432 84918 121947 131760 211520 126212 66466 211564 67289 0 7973 4377 214004 3144 139506 234783 10531 13227 107266 127238 125207 0 107266 106711 142930 47951 178562 214004 69250 80071 154289 0 94564 26631 80147 103719 0 68470
206320 0 206320 0 43007 0 32619 1163 108565 2492 106711 198989 10132 29680 14728 2750 151137 170706 103719 164998 155990 136194 122423 192515 232108 181821 0 14728 110079 0 94900 106711 154289 109478 60193 0 130085 194807 51419 214004 232840 155337 211564 84719 48575 14728 157248 17831 154289 141611 29682 94900 72617 211564 0 0 0 19128 141197 156285 79479 211564 106118 154289 60723 29682 14728 80153 211564 141611 189122 105264 103719 27888 38615 0 130085 191779 103563 51419 214004 141611 29682 103719 211564 2572 232108 80456 0 14728 157251 94900 232851 157515 211564 84719 48575 230717 0 154289 0 8651 25256 17824 216040 105890 13962 8661 0 211699 79100 155337 0 0 0 19128 141197 156285 79479 211564 106118 154289 15324 60722 103931 60722 154289 211564 149218 206730 0 45826 212204 0 197874 0 130939 26439 107266 106711 195254 106711 67447 214004 90046 103719 0 168625 14728 218540 157515 214004 26117 0 79479 84719 14511 79479 212204 232840 94900 192515 211564 2750 151137 170706 103719 164998 155990 136194 232108 181821 0 14728 110079 0 97782 151137 123131 103719 58381 2750 147986 85965 214004 189121 106711 0 214004 212204 141252 0 94900 0 0 211564 181060 156285 106711 19128 103563 19128 0 211564 181060 170762 214004 232840 155337 103719 177291 154289 97782 0 232840 155337 0 15713 47951 178562 0 229078 86509 211564 189129 147143 0 0 0 80153 211564 141611 189122 105264 103719 27888 37911 103719 2637 94900 106711 55486 19830 232108 211564 0 105264 211564 105264 154289 141611 14728 42311 29682 211564 195406 0 179442 52820 14728 211564 99823 100235 136179 105264 103719 20929 2760 0 229078 16914 170203 154289 211564 154753 105264 154289 189121 14728 209758 94900 106711 13123 155337 211564 31256 154289 189129 88552 20119 211564 0 179442 105264 117085 79479 97782 189129 0 14728 0 0 79479 132560 234783 0 178180 49388 127277 70555 103719 211564 110432 55485 29682 0 106711 152109 79479 97782 0 154289 102295 14728 211564 89263 152743 154289 203336 14728 49038 97782 102295 94564 0
0 211564 0 0 200857 106711 79419 200857 103719 225715 21205 107266 106711 211564 0 154289 195956 176078 231205 14728 106711 147145 10196 0 0 211564 17656 154289 211564 200857 14728 79776 166800 154289 176078 231205 211564 232840 201307 103719 2592 37164 211834 229078 59074 103719 77656 107266 211564 166497 229078 152082 81839 36156 26439 107266 193890 26117 44273 211564 149657 200857 229078 147145 0 230384 200857 26439 107266 122738 103719 211564 230384 160800 154289 225715 107266 229078 166567 211520 211564 218938 131069 48072 193890 166784 103719 212204 149657 200857 37164 21205 231205 229078 152082 0 211520 96131 181537 94173 88365 200857 103719 107433 158183 63100 197529 212000 230204 22689 214004 211640 79776 0 211564 80571 0 200857 37164 213219 2631 212000 154423 38953 22689 26439 211564 0 200857 229078 152082 124804 79479 105688 134340 103719 17007 2608 107266 88365 211564 147143 154289 107433 17656 0 0 230959 229078 166800 79479 176078 231205 211564 77879 134331 230742 229078 166799 96237 229078 0 195956 176078 225119 21205 225715 37164 211564 154354 155694 229078 155337 191188 1569 2599 232108 219707 134331 176078 225119 0 105457 0 107266 229078 152082 127722 20119 77879 194737 28439 211564 75450 14728 211564 149657 200857 37164 135979 212000 8314 107266 107266 106711 73569 38675 185459 0 79278 211564 196776 154289 211564 75450 176078 106711 157480 178656
153738 14728 179229 153738 14728 179229 106711 2772 30308 49519 143826 211520 229078 170882 37388 64162 58065 125542 14728 229078 62311 37388 0 97329 153738 14728 179229 229078 178602 155337 17007 389 2772 103719 151901 13835 211564 143826 177141 140760 180139 232108 5132 176356 155337 183086 214424 14728 5261 157515 154289 390 81322 137936
150160 14728 0 104493 0 150160 14728 0 104493 0 106711 2772 182430 49519 143826 211520 229078 170882 37388 114574 0 181829 14877 0 45908 0 14728 161567 0 14728 229078 62311 37388 163785 0 150160 14728 0 104493 0 229078 178602 155337 154016 2768 103719 151901 13835 211564 167073 106175 150160 14728 0 79278 174752 48080 214004 190122 145265 24053 14728 66466 211640 9578 212000 75233 103719 127722 211564 143826 177141 168946 180139 232108 6062 176356 155337 183086 214424 14728 5714 157515 154289 390 81322 137936
0 14150 0 0 0 106711 2760 200213 49519 143826 211520 229078 170882 37388 109723 139455 14728 0 0 14728 229078 62311 37388 109366 66762 0 0 229078 178602 155337 134939 1163 2760 103719 151901 13835 211564 143826 177141 140760 180139 232108 4624 176356 155337 183086 214424 14728 4872 157515 154289 390 81322 137936
99821 63539 235471 117071 143826 99821 63539 235471 117071 106711 2794 13837 182430 49519 143826 107266 229078 170882 37388 110801 0 108345 35206 14728 161568 0 14728 229078 233190 14728 62311 37388 108345 35206 99821 63539 235471 117071 229078 178602 155337 58381 2004 2794 103719 151901 13835 211564 143826 177141 148702 180139 232108 3843 176356 155337 183086 214424 14728 4872 157515 154289 390 81322 137936 211564 143826 13123 61448 168503 20119 211564 33384 154346 232108 155471 139506 130085 103719 211564 221179 201367 14728 39211 230742 130085 107266 68603 103719 211564 33384 154346 20119 107433 77879 229820 107266 76461 154303 211564 43971 37388 107433 212164 229820 211564 143826 155471 0 215203 154289 4872 232920 230742 75033 214004 0 79479 107433 931 139506 35981 14728 19128 179758 130085 211564 143826 134163 33384 31955
211564 86366 94900 123266 26813 211564 86366 94900 123266 26813 106711 2564 182430 49519 143826 211520 229078 170882 37388 80504 0 14728 229078 62311 37388 57825 37197 211564 86366 94900 123266 26813 229078 178602 155337 2564 103719 151901 13835 14728 103719 2565 103719 73312 37388 170030 170891
211872 169353 166578 211872 169353 166578 106711 169353 166578 230717 201534 106711 222419 214004 65407 201534 218389 212204 218389 106711 50773 214004 14397 69074 84695 10196 212204 211564 229254 106711 0 14728 134939 26117 222419 10253 212204 106711 117085 19128 211564 0 55888 211834 17824 61621 0 211520 39206 26117 222419 214004 95086 211564 229254 212204 86516 61621 219063 154289 211872 169353 166611 80054 0 211872 169353 166611 170881 121947 160800 154289 131807 0 0 214004 211564 20403 14728 68289 214004 177705 211949 17824 223822 14728 231130
184184 0 184184 15470 0 32619 110829 3244 2519 106711 14397 13837 49511 14728 8890 192713 106711 143422 75359 79479 96131 163136 155337 211564 223834 193919 0 133651 122367 192713 143422 154423 16801 19128 211564 0 153625 154289 62380 154868 131807 43753 0 0 0 184184 16801 19128 0 155337 189828 3340 2633 2747 154289 191598 202913 0 177141 70061 21842 151411 192713 232553 211564 87666 86951 21842 103719 2594 79479 96131 232840 155337 122367 0 177141 211564 125056 8601 21842 37388 211564 0 0 154289 211564 163145 18998 0 177141 0 21842 79479 28289 0 103719 210151 49677 79479 96131 191406 154289 0 49687 192713 106711 14098 211564 77879 154289 155471 77019 0 232548 214004 231648 14397 0 103127 21842 184184 0 90672 201289 19128 145265 14728 49519 163142 155337 64941 154289 170497 213307 210151 0 232108 49038 103931 110202 231914 40558 0 109703 0 58130 133651 80504 0 109335 123182 124462 229514 149817 15518 145090 0 94014 0 0 214668 156496 214004 147143 111067 77019 192713 16801 213330 155337 211564 214619 193919 201290 110087 40777 14728 94173 130085 142930 211454 2730 157248 210151 90672 16799 184184 0 88734 232108 99010 81322 211564 0 0 103719 0 38615 192713 229078 155389 154289 211564 77879 177215 154289 211564 0 0 0 8601 21842 12974 232108 96131 79776 0 0 0 14728 84638 0 0 229078 170180 20119 211564 2772 70061 21847 12974 232108 191779 136992 154289 96131 58290 191406 0 14728 133651 122367 0 126243 103719 79943 232980 211275 232108 96131 100713 0 14728 96131 100713 49039 0 198218 154289 211640 49047 106711 20119 211564 0 0 145225 103719 127460 15050 38615
0 218757 0 218757 147865 0 174983 14728 210151 106711 0 187401 218757 43617 230742 34932 81322 0 110287 211564 43617 106711 82730 103719 168612 14728 106711 26732 214004 85439 121956 20800 103719 110287 206692 14728 218489 235488 0 81322 110287 58417 214004 155678 0 218757 43617 232108 99148 214004 77580 105688 74341 79479 211564 0 162859 230959 126209 157999 211564 74231 43617 26706 34930 0 145265 14728 57116 125207 155337 144112 212564 211564 234783 107266 94173 26486 49677 43617 34930 197646 73589 0 14728 8881 154289 211564 0 0 107266 106711 51326 220575 60722 14728 0 232108 211564 104005 154289 9605 0 81322 126587 49677 8881 211564 0 154289 211564 216072 53201 121947 17827 154289 73312 10129 19469 14728 211564 138926 67390 201315 103719 2798 211564 43617 26706 214004 34926 149657 171021 143844 214004 151816 71048 0 107266 13123 206225 214004 103931 198218 171021 103719 17173 26439 154289 211564 50244 211520 132560 235488 0 72448 103719 110287 63539 152082 220704 211564 156418 0 121660 49047 154289 149657 193961 230243 105966 103931 126209 105855 14728 199476 197646 171021 14728 71048 171021 209601 0 121660 103719 61621 61185 229078 13123 105966
227152 174752 211564 227152 174752 13123 117085 19128 0 155990 0 106711 196936 174752 147910 214004 138343 211564 227152 174752 126243 155337 16982 3599 200532 115804 154289 121387 103719 42521 138343 211564 227152 174752 106711 175973 19128 70396 37388 211564 0
93595 189121
214500 77879 29957 214500 77879 29957 106711 211564 77879 71475 154289 211564 150165 193919 0 107266 229078 130085 103719 20929 709 2625 14728 11070 20929 709 2629 107266 0 37388 211564 189821 169742 165594 71475 177396 14728 130085 103719 20929 2620 170882 103719 20929 2625 14728 178602 103719 2747 155337 211564 143107 154289 214500 0 77879 29957 94900 190195 49677 79479 63755 79382 14728 58422 211520 94900 228777 214004 67456 107266 27031 107266 231473 218527 97401 105890 63755 135979 97782 143469 0 106711 0 157787 94594 211564 163104 160934 79479 214500 212204 103929 172702 193919 214004 230742 0 200905 14728 0 17824 0 37164 152082 211564 0 0 38414 144135 214004 0 32587 0 0 107266 231473 26117 45593 38414 14728 176896 0 106071 81322 214500 56512 0 211564 0 10196 0 211564 157248 0 214004 67456 63755 79382 214500 62569 211520 199810 67461 12554 154289 107266 37164 230711 94900 200273 15713 39206 154289 211564 214756 154289 211564 192855 94900 20571 214004 85439 107266 232108 0 14728 0 95750 99838 12554 94900 70555 221873 63844 106711 60450 211564 116429 14728 0 211564 0 198502 12554 211564 9550 17824 0 7973 223845 107371 230711 0 155701 39206 154289 63755 79382 79479 199810 211564 0 77548 67475 107266 37164 12554 37164 164393 0 107266 157515 211699 212124 212000 17824 63814 212000 201304 228483 18574 93304 14728 123400 17824 0 212204 34157 211564 9550 157515 154289 211564 18011 14728 229242 211670 103719 0 14728 211564 71475 70555 232108 0 127556 207931 165270 154289 211564 160934 230742 70555 221873 103719 211564 0 75344 11886 2640 143826 214500 77879 29957 229078 178602 155337 211564 66621 0 189821 14728 231473 26117 178602 155337 0 211564 49973 191406
57226 0 57226 0 32619 191188 3457 2604 106711 206071 170924 102041 98182 231788 232108 211564 223551 39637 154289 211564 147865 98182 122906 150025 14728 191547 19128 14397 13199 39927 79479 211564 39637 66466 98682 83195 97782 102307 218880 35254 0 13123 166834 79479 211564 39637 14728 106711 211564 209622 39927 32619 14728 175430 103719 0 206066 212000 94564 166799 214176 212566 211640 40281 211564 158917 17824 117085 79479 211640 0 166817 154303 155389 15713 57226 106711 117085 19128 87305 230753 0 106711 117085 19128 0
230338 48339 67216 211564 230338 48339 67216 17824 14397 21179 183834 79419 209622 195834 103719 163596 230384 21178
0 157755 0 157755 231111 117085 19128 0 200857 106711 200857 106711 211564 121959 200213 200857 103719 163596 230384 21178 107266 106711 103719 211564 203986 154289 0 7973 212475 115807 230338 154289 163596 47071 42544
110079 0 195635 110079 68156 0 0 3530 132800 2538 106711 34867 29680 94900 106711 110125 231849 154289 211564 2750 151137 170706 103719 164998 155990 136194 94900 229078 211564 77879 62330 154289 211564 0 217584 0 105264 14728 106711 152375 43151 154289 211564 105264 79479 189121 72897 14728 0 20119 211564 221237 154289 131896 0 229078 155389 154289 2729 151137 0 230959 194796 211564 202288 0 20119 211564 4523 151137 122423 0 155337 86941 0 103719 202288 206066 155337 2195 134939 2798 94900 77879 203340 20119 211564 221237 154289 38933 103719 0 49066 230717 94900 88734 103719 2576 94900 211699 201493 155337 214004 63539 97782 164300 211834 10196 232862 20119 211564 0 105264 120370 0 38615 79479 230753 94900 179986 214004 38933 214004 232840 220575 206320 0 20119 211564 0 120464 154289 141611 29682 0 166799 42521 182302 103719 32895 211564 0 0 0 14728 100355 84833 0 171069 94900 92143 18006 204031 79479 211564 0 154289 0 214004 193919 211520 121947 84833 0 171069 52784 26117 64211 19128 0 154289 211564 232926 84833 0 211564 171059 214004 191234 211564 100355 84833 26706 20119 212204 167572 94900 229078 130085 62330 154289 211564 149731 72617 0 42544 147145 10196 80701 0 155389 154289 0 143422 103563 51419 66466 97782 179442 234783 20119 211564 0 229078 214004 77580 211564 169807 156149 103719 230742 42335 103719 0 63246 103719 74885 94900 14728 97782 209622 204017 103719 0 211564 0 71076 0 42311 0 0 106711 152375 122873 0 10255 211564 0 154289 100355 84719 104587
7425 0 195635 7425 0 155181 0 0 126093 709 20929 2490 106711 34867 44499 14728 0 0 232553 211564 2609 151137 170706 103719 44501 79479 60721 0 69149 0 14728 232862 157515 211564 203208 154289 0 8651 0 0 229078 32619 103719 0 126093 214004 109478 160489 211564 75344 143807 214004 198989 10129 230711 94900 229078 218938 0 88734 232108 58903 103719 189121 20119 211564 221237 154289 0 14728 203340 0 20119 211564 221237 154289 39719 215473 26694 143844 214004 70687 49979 97782 63663 20119 216975 49066 38933 103719 2557 94900 143807 214004 0 49066 221237 154289 127034 103719 122184 2557 14728 201307 232862 232108 0 80537 103719 110079 0 120391 212204 74224 0 0 105554 103719 226483 66466 97782 213307 211834 94900 232851 155337 211564 203208 154289 211564 214040 0 226482 103719 2575 94900 143807 214004 211564 149731 36156 0 120464 154289 141611 29682 103719 38933 0 222419 138121 81322 176597 0 214004 60714 0 69149 0 103719 212204 138108 218938 103135 154289 54751 207888 81322 61621 15148 17824 49478 214004 131133 212475 103135 154289 211564 208850 94900 232851 157515 211564 203208 154289 103563 0 8651 0 28439 2614 14728 2637 94900 229078 62330 154289 211564 120464 154289 141611 29682 103719 38933 14728 229078 0 103719 2619 94900 229078 69054 170203 154289 211564 183361 197680 14728 191538 81322 2636 94900 229078 16914 214004 211564 156149 154289 137542 103719 2636
0 0 0 0 0 48053 221763 204636 2794 38675 0 107292 0 48053 106711 0 79419 48053 25239 103719 0 79769 103719 2545 19128 0 107292 211564 48053 10196 77286 234783 137489 232108 0 0 103719 2639 14728 229078 38675 0 0 79479 68599 234783 211564 48053 94173 232553 211564 0 0 0 78054 213330 14728 211564 0 58065 224625 212475 213330 211564 8894 0 0 229078 80153 155337 2195 20929 2545 232108 211564 147143 0 107292 37388 150673 107293 103310 40424 0 127392 0 35481 0 0 0 186310 0 0 0 86313 58065 0 86491 0 14728 0 0 211564 87666 234783 154289 211564 209622 230243 212397 154289 211564 0 71679 211520 122154 81322 2566 214004 2600 103719 212397 87666 234783 0 107292 232553 211564 0 77879 63276 215388 80175 213330 2573 2576 2581 14728 2593 14728 211564 0 224625 212475 213330 2573 14728 2589 14728 229078 183953 221873 103719 211564 77879 63276 103719 2580 2584 2585 2589 14728 2592 14728 103719 211564 0 224625 103719 2598 212204 163217 229078 54473 37388 211564 225597 232108 211564 0 43438 209622 154289 34076 103719 2592 0 107292 43566 211640 147143 214004 0 0 103719 211564 204636 154289 2794 211834 106711 14397 155436 62894 26439 154289 211564 203165 155885 81322 211564 107293 49799 103719 0 0 0 94173 201307 58065 2794 189821 232108 87949 179765 70444 80217 20119 211564 70392 154289 211564 77879 92692 154289 211564 189821 103719 58381 2794 211564 122153 134331 70414 103719 65186 232108 0 0 211564 0 0 0 43438 0 0 2794 0 211564 48053 166799 211640 98682 134340 20119 0 0 0 221763 2764 230742 94173 134918 39697 154289 1573 162859 152375 211564 209622 166834 20119 211564 0 0 0 232108 39697 154289 3843 211564 0 200857 106711 13123 222419 19128 94961 79479 198218 154289 211564 134340 154289 211564 147865 209622 19128 230072 19128 76135 0 211564 49314 81322 2545 214004 2794 230243 211564 186152 19128 211564 107293 147865 79419 209622 31042 14728 230835 10196 211564 147143 43564 211564 8894 0 0 222438 212397 49314 19128 189950 45625 103719 211564 2794 43448 211564 130919 49314 17824 230835 14728 30308
0 0 229078 211564 189950 78541 154289 211564 199163 194223 107266 78497 103719 152302 2608
166517 221187 211564 166517 221187 17824 164968 221187 154289 135995 211564 206730 154289 211949 221187 229078 77879 60716 37388 134866 166517 211564 58802 154289 211564 78054 25234 166517 221187 17824 25239 155471 155337 78054 164968 0 80147 103719 147986 230711 166517 221187 17824 222419 214004 74348 16352 154289 211949 78054 164968 0 211564 223467 106711 212204 12799 164976 214004 0 132560 71606 7973 164968 122624 166517 171319 211949 221187 103719 2409 212000 17824 13123 117085 19128 147963 221187 26439 211564 156417 154289 211640 58802 49534 155471 81322 171271 154289 147986 14728 152082 81322 16352 100355 51120 166517 221187 17824 155471 155389 206730 154289 147963 221187 14098 157248 206745 212000 17824 50970 221149 26439 211949 221187 17824 152082 25239 155337 171271 154289 16352 171597 153625 155990 160863 211520 233011 26117 0 45828 37164 17824 25239 155471 155337 171271 154289 80748 199163 211564 0 211520 166517 221187 37388 58802 0 214004 17824 211564 67181 154289 211949 0 39206 26117 19830 232108 20119 122983 155389 81930 164968 211800 232108 199447 178578 232108 84653 178578 14728 149817 122624 154289 221205 0 232108 173989 136045 232108 0 14728 232108 201411 136045 14728 0 166517 221187 17824 225177 103563 79479 211782 164979 26439 212000 0 191779 0 12307 74360 154289 164968 122624 212000 17824 160871 0 103719 179442 155337 221055 211789 204070 19128 173989 89189 166517 221187 134939 198253 26117 190724 177831 214004 37388 164976 19128 87389 221187 212000 0 100355 0 0 81322 211564 206730 154289 221187 198218 164976 18005 211520 49780 232108 0 105410 233011 94564 214004 222417 204070 206730 154289 221187 214004 131133 49742 177817 214004 188064 221304 211564 138078 14728 189950 230742 74091 19128 81930 221187 103719 211564 194338 206730 79479 97873 176968 103719 100355 97888 211564 166517 123719 14728 166517 213307 17824 0 125674 20119 81930 164968 124353 147963 221187 95750 164976 214004 0 174235 80504 0 172993 212204 0 211564 202955 154289 89189 106711 195275 230638 107266 106711 14728 211564 202955 154289 211564 69141 79519 195275 106711 230638 107266 106711 211564 69141 79519 155733 155337 61621 164968 173983 69073 43817 211454 89189 134087 197529 107266 39485 26117 49866 62328 214004 89189 214004 152106 211520 89189 106711 14397 74506 229618 79519 106711 81322 211564 167572 154289 166517 221187 125207 49872 16877 14728 0 107266 106711 217501 211520 211564 0 0 79519 28439 218938 171574 12973 103719 80748 199163 89272 0 211564 89181 20660 79519 28439 211564 186152 218938 171574 14728 211520 106711 26439 211564 43817 155337 211564 171574 106711 16982 211564 166517 221167 154289 43817 37164 211564 134087 154289 211564 171574 106711 75509 75509 124118 211454 211564 166517 134087
0 0 0 0 0 0 106711 198357 37388 13837 195421 0 107266 106711 81322 96131 77879 11886 15324 107266 229078 170882 37388 0 0 0 0 0 0 14728 189766 0 233215 211564 198357 107266 229078 178602 19128 211564 11886 189950 195440 155337 76226 2428 2794 107266 76214 211564 13207 24053 0 211564 198357 106711 14397 0 198357 211564 129066 17824 7973 232528 230959 233011 176333 94564 191837 211454 125996 214004 131807 199415 54116 94564 140760 155808 155337 211564 198357 211564 195440 229078 204029 49686 37388 176795 211564 214756 78054 103719 21178 14728 39211 107266 176792 211564 214756 210381 103719 211564 221179 201367 14728 149657 236481 211564 198357 26434 0 189950 214756 210381 195440 103719 21178 39211 14728 211564 221179 201367 107266 94173 87879 155337 214004 190615 157787 218938 139506 51761 103719 211564 221179 201367 107266 94173 26631 42829 218938 213330 166720 103719 39211
64569 0 64569 133786 0 155181 0 930 134939 2455 3671 110829 2634 153273 0 229078 34867 44499 53744 232108 211564 60722 154289 171498 0 0 177141 211564 151137 170706 103719 44501 103719 2577 0 229078 32619 103719 38373 68470 192713 14728 96131 195766 230243 191033 214004 126209 103719 70687 230711 232891 228806 201307 192713 199648 211564 179678 154289 96131 125014 211834 96131 143469 229078 14397 74244 155337 147986 14728 14710 68472 0 0 75861 229078 34867 0 14728 188776 192713 203340 54751 14728 26434 209598 0 49066 20119 221237 154289 158228 103719 2585 0 229078 7906 214004 222417 50113 209758 62560 211564 203208 154289 105331 105331 106711 171498 103719 211564 31473 211520 106711 222419 214004 216359 61115 192713 9558 211564 209736 154289 176597 0 138108 222419 214004 60530 211564 212475 61921 203210 154289 0 71999 43138 212409 94900 80147 211564 203208 154289 0 0 171652 94900 229078 181060 192713 13123 80147 211564 203208 154289 226667 79479 96131 232840 192713 229078 21843 211564 151137 170706 103719 44501 103719 2585 10196 4208 234783 154289 232840 14728 78054 234783 10196 231857 211564 151137 170706 0 229078 7906 214004 77580 211564 203208 154289 105331 176597 0 26434 231111 222419 214689 14728 95751 214004 77580 203210 154289 132560 29675 141613 204070 19128 63514 211564 203208 154289 141613 95767 222373 220704 99821 212000 232840 16505 81322 211564 151137 170706 192713 229078 16914 214004 211564 156149 154289 137542 14728 86509 211564 0 136092 211564 214756 21842 154289 211564 183361 197680 192713 229078 43494 154289 34836 221237 81322 2589 214004 2619 14728 170203 154289 0 81322 2598 214004 2619 0 106711 14397 156296 230742 98461 50500 155337 189121 14728 232891 9994 96131 28289 203331 229078 132953 211524 230959 0 96131 230711 192713 211524 229078 103719 154346 211564 156149 154289 137542 62853 20119 211564 183361 197680 190122 0 137304 218938 105557 74912 0 229078 152082 12795 214004 71014 211564 211564 221179 201367 232141 199447 163342 81322 211564 46518 192713 171520 14728 228772 232891 161904 192713 13123 92143 87949 178570 232108 0 230959 229078 50970 214672 124674 192713 177141 211564 123740 161904 170706 103719 2616 0 61505 154289 203131 103719 2634
81089 177020 30308 198357 81089 106711 198357 37388 13837 195421 177020 30308 107266 229078 233190 14728 170882 37388 47324 0 14728 0 231593 107266 229078 178602 19128 195440 155337 132800 1365 2798 37388 18210 145265 74910 19128 30308 58290 195440 14397 232852 79479 18210 145265 74910 214312 177020 30308 143469 7973 211564 49856 170889 191559 103719 122184 2794 30308 229078 1163 234783 154868 20119 211564 213307 192713 229078 126257 103719 14464 97371 38615 177020 30308 143469 0 114164 158851 18210 145265 1 79479 198357 14728 145265 225626 211520 103925 45625 154289 218938 198390 233190 0 30308 45826 81089 19128 211564 157248 198357 229078 7973 9535 127722 94574 74225 211520 235012 76498 125207 107266 229078 145725 163540 103719 211520 198357 211564 161769 53193 155389 92692 155990 124118 154289 211564 170889 52635 154289 211564 145265 225626 14728 30308 75344 52784 94564 158851 152124 103719 73896 79479 86521 221873 12554 181071 214004 211564 198357 30308 45826 81089 19128 211564 157248 198357 229078 7973 9535 127722 94574 74225 211520 235012 76498 125207 107266 229078 145725 163540 103719 211520 198357 18210 145265 74409 222419 211564 166156 197819 21287 13227 114164 92143 198218 0 157787 211564 173945 154289 211564 129066 30308 0 96131 211520 186564 107266 19128 212000 233215 107266 141750 81089 48270 0 231593 74263 211520 233215 211564 129066 155337 212741 150392 87591 105890 81089 229078 233186 61621 198390 12554 150392 14728 229078 125207 0 224226 26631 221873 127053 213307 14728 107266 81089 14728 229078 125207 0 107266 106711 81089 211564 145265 225626 79479 211564 198357 26434 226360 225626 211564 198357 229078 54111 79479 211564 129066 211564 222417 154289 21287 14728 211564 225626 155337 132800 709 2798 211564 225626 225763 52842 155337 235543 229078 202124 7973 1 19128 154289 17007 1573 2798 211564 225626 92143 157787 493 139506 225776 139506 49669 3245 1 125224 14728 139506 0 195338 211564 90060 103719 168612 154289 211564 198357 14728 225626 211834 94564 26631 152767 160706 225646 14728 0 79504 94173 185390 211520 211564 0 154289 211564 198357 106711 15713 194776 154289 211564 169353 154289 197646 136143 199477 218929 74824 14728 0 107266 13123 185390 211949 136143 52784 53703 0 0 60375 211564 225177 22852 180139 168513 145265 42275 45908 35294 0 56095 14728 195226 0 94564 205282 30308
21099 49289 21099 106711 98682 183824 144846 103719 211564 201354 154289 49289 211564 47071 106711 103719 0 8999 14728 64755 52926 107266 106711 211564 212164 29231 47071 37388 152743 154289 162859 103719 49289 14728 211564 0 29231 47071 37388 152743 154289 162859 103719 211564 221179 201367 211564 47071 168624 229078 0 66466 211564 2794 221179 201367 42444 59772 14728 21099 17824 211564 130919 47024 154289 211564 59772 48270 138213 201411 17827 221179 201367 138213 17827 0 103719 2767 211564 47024 232135 211564 201411 17827 92143 7973 0 162859 230742 131156 107266 211564 0 232108 211564 3138 143422 162859 99838 59772 14728 21099 214176 131133 221873 124118 211454 92692 154289 211564 59772 138213 201411 17827 162859 14728 21099 94173 7973 92692 154289 211564 168624 154289 59772 103719 2767 211564 59772 49478 201411 17827 0 92143 7973 0 162859 211520 131156 107266 211564 0 232108 211564 0 143422 162859 21099 201307 103719 211564 2371 230711 107266 229078 117085 19128 78478 211564 147143 154289 59772 37088 64162 78478 64162 78478 212409 154289 21099 19128 43489 79479 176858 72652 94900 14728 97782 49854 230204 157515 80175 200532 139324 67390 154289 59772 37164 211564 215473 14728 49289 230243 152082 63844 230072 10196 211564 195066 53572 154289 2401 155337 110829 2729 2804 0 193743 214683 166386 20119 66466 211564 138994 170031 154289 211564 57477 116972 181437 20119 126587 143826 211577 930 162859 230243 193860 58075
200107 0 200107 0 106711 225626 83155 25239 155337 211564 210151 191406 200107 0 107266 106711 211564 80217 83155 103719 211564 0 191406 107266 229078 172270 37388 0 14728 60716 37388 0 209753 211564 83155 229078 178602 79479 231279 155337 17007 930 2798 107266 229078 178602 79479 150721 4485 155337 134939 2004 2798 107266 51211 157787 390 139844 211520 179394 222475 211564 0 0 107266 12799 166801 214004 65186 211640 158183 158906 155990 49285 103719 211670
60000 145225 14728 18807 82970 60000 145225 14728 18807 82970 229078 201307 103719 2366 103719 149657 36146 86509 214004 60000 37388 126587 0 211564 49047 214106 103929 158906 154289 110351 233149 154289 60000 14728 0 81322 60000 14728 211564 205516 17827 103719 2798 60000 47071 52820 15599 211520 107266 229078 214004 222417 110351 233149 154289 60000 214004 33845 211564 47071 154289 60000 20119 211564 186152 213307 211564 145225 15599 211520 107266 229078 110122 79528 232108 231317 214004 103643 211564 173945 154289 107433 104587 103719 76226 2798 107266 229078 15599 211520 60000 145225 92143 26631 86509 14397 21842 79479 107433 49047 154289 158906 14728 65199 37388 110351 233149
12554 115721 151115 0 12554 115721 151115 0 106711 211564 77879 203345 11886 37388 39216 181955 24053 204566 4624 107266 229078 178602 155337 134939 2747 211564 170883 154289 211564 11886 229078 109335 77678 211564 11886 229078 175973 19128 211564 7090 89268 172640 168513 11886 154289 12554 213307 37388 0
110351 233149 154289 60000 110351 233149 191188 0 3671 20929 2174 233149 154289 60000 229078 14397 70703 121514 14728 168853 158902 94900 158901 211564 104297 180203 233149 193935 211564 51397 154289 125097 14728 57477 97782 158906 154289 67289 189121 103719 211564 70703 138984 193919 211564 10337 154289 70817 132560 154289 233149 158906 14728 65199 17824 155337 62853 20119 211564 60000 145225 14728 18807 82970
0 0 0 0 155990 0 106711 49749 222419 103719 44479 120462 214004 178867 0 37388 0 211564 125896 106711 172946 103719 183176 0 14728 166389 103719 211564 60758 211564 0 0 14728 0 211564 0 14728 177708 211564 170245 105138 37388 53708 222983 211564 222983 131156 211564 125896 0 20119 127786 210306 211454 151816 211564 125896 26488 83780 14728 106711 49042 37388 51647 107266 197529 107266 0 105890 15713 0 102493 211834 17824 203905 62993 103719 211564 125896 212000 231473 26117 123266 26813 103719 230711 107266 0 102493 229254 232108 185924 62993 103719 107266 106711 0 211699 172750 229254 14728 65656 185924 231473 26117 191133 189138 222417 0 0 214004 178867 211564 125896 198035 106711 62993 103719 0 0 17824 154423 0 214004 222417 211454 0 0 212000 39206 26117 222419 79479 0
0 155337 102041 0 155337 102041 106711 211564 218852 71475 154289 211564 150165 193919 0 107266 11070 152302 2631 214500 106711 0 20119 0 0 131156 20119 34147 7973 211564 62102 26870 74432 14728 0 97782 50244 214004 211564 157248 22537 154289 211564 168983 154289 0 26870 74432 214672 10196 14397 8342 0 37388 0 211520 94900 97062 211564 22537 127236 79479 97401 103719 211564 0 14728 62560 126292 230742 127246 73802 125207 97401 14728 49502 214004 0 211520 107266 106711 0 45081 214004 113978 97401 103719 189969 81322 211564 90057 214500 0 211564 126292 105138 97782 0 230753 211564 22583 0 230638 214004 63539 232108 0 22583 49677 79479 0 155337 102041 204126 166834 214004 211564 193640 154289 211564 22537 14728 0 58422 214004 207868 211670 12554 211564 22537 17824 152375 0 26439 212000 39206 152375 179984 211564 126292 214004 107433 75861 19128 212000 18706 20119 211564 102041 193919 123820 211564 8887 0 0 193961 97782 0 20119 211564 211681 154289 211564 193919 131826 94037 99821 94900 174235 231016 94900 45826 214004 211564 166784 211564 160800 65941 214004 97782 0 154289 45105 126296 14728 97782 0 214004 211564 102041 0 211564 163135 26734 14728 19128 107266 51320 211564 9550 75233 19557 211564 22537 211699 207868 212204 213307 214004 86505 211564 126292 214004 0 212000 87301 155527 211564 102041 14728 180907 155337 211564 0 214004 41450 221873 232108 97401 212000 85439 41718 103719 211564 0 154289 188290 14728 0 0 211564 163135 123820 216817 214004 51318 163145 37164 0 157515 14728 183969 154303 230711 214500 193961 97401 211564 126292 0 85463 155337 211564 102041 14728 165215 221873 211564 22537 214004 211564 20800 0 0 155337 102041 229078 178602 155337 211564 225409 0 179984 154289 0 211564 66621 0 58304 103719 0 0 189821 14728 231473 26117 178602 155337 0 211564 49973 191406
58165 154289 22583 163785 0 132800 2764 20929 2767 13123 117085 19128 22583 45081 14728 22583 163785 229078 2004 22583 230959 126212 103719 211564 219891 163785 61505 154289 45081 8155 155337 20929 2767 103719 127034 10196 204195 142930 211454 5055 104877 157787 14397 68599 163217 211564 40977 179761 103719 191779 29205 0 105890 99821 211564 197646 191559 59841 154289 0 52820 40720 157515 107433 109942 127241 10196 45105 103719 57189
0 0 106711 148793 154289 0 155337 211564 198989 193772 154289 0 94612 0 26126 106711 211564 0 103719 81351 154289 0 211564 147143 135976 0 80980 229254 103719 211564 94613 121660 212204 26439 211564 17827 92143 200362 14728 202899 211520 76246 230518
105504 181722 0 105504 166386 230717 218938 0 136322 155990 230717 0 14728 15713 181722 136322 211834 17824 132560 61621 219063 154289 0 0 218938 130919 219063 154289 0 0 17824 211564 61231 105504 14728 211564 0 105504 61231 105504 106711 230717 0 14728 181722 136322 215726 81322 211564 0 39206 113978 87591 155990 0 218527 126136 30117 155527 181722 155337 14397 0 212204 136328 181722 20119 0 215726 39206 13123 87301 81322 211564 181722 214004 211564 0 37388 87591 155337 14397 0 107266 106711 38675 211520 26439 107266 127246 125207 61231 0 105504 106711 230717 218938 0 136322 211834 17824 202124 155337 14728 0 37164 151115 0 14728 151115 181060 218565 8816 215726 214004 218527 123266 215726 87519 103719 3531 218527 107266 106711 38675 211520 26439 107266 127246 125207 80175 0
0 0 0 0 168988 117085 19128 0 103719 211564 155694 213769 106711 211564 195896 71475 154289 211564 150165 193919 0 107266 11070 17007 1163 2636 230753 20582 0 0 20119 0 160489 99710 32587 14728 211564 115506 14728 122199 143422 154289 211564 9550 85439 126651 103719 211564 0 26439 211564 64394 63745 155678 81322 211564 105138 214004 161076 211564 213307 32587 210194 211564 115506 211564 202561 154289 231016 109486 0 0 14728 99821 143338 187742 97782 162859 81322 196532 0 0 229078 178602 155337 211564 225409 0 0 0 14728 231473 26117 178602 155337 211564 66621 0 211564 49973 191406
131069 153390 211564 131069 153390 106711 211564 130919 216402 103719 0 79636 123311 185390 181848 99043 126212 148448 96237 107266 229905 14397 72708 3144 214653 94173 0 154289 4082 76325 0 14728 106711 7973 6386 234783 154868 26439 154289 107433 10337 211564 216402 106711 95534 221873 37388 43145 103719 110897 2750 211564 216402 52820 58417 211520 211564 131069 153390 229078 155389 154289 77286 89263 34867 216423 103719 26439 154289 107433 166386 103719 211564 147865 96290
108630 108630 0 108630 108630 0 106711 77176 43753 81322 211564 201206 229035 143826 94900 13123 16807 103719 14728 94900 106711 0 14728 229078 32619 155337 211564 166525 0 108630 108630 106711 216361 125207 211564 47394 48033 37388 211564 157248 0 14728 106711 154423 0 20119 79479 26870 0 212204 43574 230711 218938 109021 147145 0 0 14728 0 0 17824 0 155337 0 14728 108630 108630 8343 0 105890 211670 103719 205943 94900 193961 211670 97782 98682 14397 220736 47071 36156 37388 0 214004 201492 21857 81322 100381 211834 94900 85463 103719 217403 79479 124225 100381 105890 211640 189969 47071 211564 109021 222417 211564 79519 214004 0 211564 0 122864 32813 0 214004 124165 211670 123001 185186
0 211564 0 17824 77176 174806 154289 53726 81322 211564 201206 229035 221217 212000 17824 0 81286 53726 211520 126209 155337 211564 166525 0 211564 143422 75359 0 106711 43753 147145 108630 108630 0 81322
198407 14150 0 198407 0 106711 211564 80217 225626 83155 103719 211564 198407 211564 0 191406 107266 229078 130085 37388 198407 209622 14728 172270 37388 190216 79479 211564 190216 136335 65407 103719 2634 103719 211564 83155 235471 17824 7906 214004 166784 19128 198407 211564 0 14728 0 211564 0 235471 39206 0 198407 211564 0 155990 198407 211564 0 0 105890 107266 14728 235471 231473 85439 149657 141250 79479 212397 83195 212204 106711 38675 126647 209758 212204 83155 106711 195181 214004 198407 211564 0 211564 167572 154289 211564 83155 106711 214004 49039 181284 58707 181881 14728 85439 214004 211564 70392 154289 237304 103719 198407 14728 0 211834 17824 68599 237307 37164 155471 204931 198407 39206 176790 211564 122153 237304 154289 211564 83155 155471 198407 155990 207690 39206 166784 211564 189950 214004 122153 237304 211564 58165 68369 143422 237307 94564 218938 124361 230742 17824 147145 8892 103719 211564 83155 20119 211564 70392 154289 73650 8830 235471 88365 214004 77301 155389 154289 64978 0 181881 14728 20119 211564 70392 154289 73650 8830 235471 88365 214004 77301 64978 0 97443 211834 17824 196936 181881 38675 0 103719 211564 8892 143422 154289 211670 39206 26117 60446 102493 235471 110853 155337 211670 102493 211564 0 106711 60446 126136 15324 110864 157515 154289 107266 181284 17824 78614 103719 211564 11019 14728 212000 17824 87646 102493 235471 49039 390 155990 2730 181284 235471 85439 125014 102493 235471 94564 151115 181284 14728 198250 97949 235471 79479 73831 0 199810 155990 64978 0 235471 127464 125014 211834 17824 13123 0 103719 211564 8892 102493 235471 97900 0 107266 231473 199837 79479 30117 14728 102493 235471 127464 125014 235471 0 20119 211564 122153 0 235471 215291 0 39206 26117 222419 214004 87301 214004 211564 32230 200905 102493 235471 215285 211670 102493 235471 94564 2729 155990 142930 181284 211699 181252 130085 154289 201294 231473 199837 7978 211564 0 14728 102493 235471 110853 105890 107266 235471 87301 214004 211564 32230 200905
51437 51437 134939 177812 214004
92692 191406 92692 106711 191406 154289 225626 83195 53704 37388 0 197819 211564 166800 166834 19128 43753 147145 88149 80799 230959 106711 205559 154289 210896 8341 20119 211564 30308 0 189121 179442 49856 90017 154289 189138 131133 168770 214004 15713 61920 14728 8343 124165 103719 132560 12399 142311 211520 201304 115737 73658 103719 211564 77879 83155 92692 130085 103719 2639 235471 166784 212564 212204 62446 14728 217615 214004 72220 103719 2757 211564 191231 92692 229078 178602 92692 229078 79274 37388 218938 0 14728 211564 149841 83155 106711 55486 103719 170889 37164 211564 154354 178601 57718 106711 152302 1573 2806 178562 83155 168770 229078 178602 103719 2767 14728 207902 166386 103719 211564 186152 221217 168770 92692 92692 71475 155389 92692 71475 218938 14728 209622 79986 14397 0 83155 230243 172946 214176 105890 155389 158578 79479 185714 103719 2767 212204 158578 106711 117085 19128 211564 156012 33384
80504 158345 80504 158345 32619 180767 80504 0 155337 134939 3340 2540 106711 14397 13837 0 14728 0 94900 106711 117085 79479 97782 232840 155337 211564 0 201206 229035 14728 191598 202913 94900 13123 62311 198218 168604 77507 204070 19128 126136 193753 154289 0 14728 62380 183086 0 97782 143422 168604 0 17824 0 14728 0 142307
0 131807 0 137055 17824 0 130085 154289 0 192464 125207 162859 103719 13835 212000 17824 143422 168604 20119 0 104729 103922 86231 0 199763 78802 37222 68398 72821 211564 64741 106711 0 157515 155337 78294 205399 14728 211564 0 131807 106711 130085 232108 0 0 211564 0 39206 26117 0 14728 58532 232108 223845 0 204070 19128 0 14728 195066 0
69149 0 69149 0 106711 138108 214004 60530 211564 18637 154289 20433 103719 198054 222475 216072 69149 138847 0 212204 138108 232878 103719 132560 40999 230717 176597 0 63743 152082 211564 122308 148638 121947 54751 214004 232840 171498 203210 17824 222563 64211 81322 61921 54751 192793 155990 0 0 204070 19128 226360 0 155990 0 171501 69162 39206 26117 222419 103719 211949 195837 230719 176652 39485 26439 69162 105461 142930 203173 232108 20433 211454 176652 63539 69149 0 106711 138108 214004 60530 211564 18637 154289 20433 103719 198054 222475 216072 69149 138847 0 211564 138108 229078 106067 37388 7425 0 230959 232553 211564 151137 170706 103719 44501 79479 212204 14728 97782 203344 155337 226482 203210 14728 215974 181692 103719 2609 211564 77879 69149 0 171498 203208 214004 26117 198160 229078 0 103719 2625 195338 211699 191779 157248 97138 203210 94564 26631 64211 37388 69149 0 103931 211564 125097 49983 14728 211564 22819 0
161567 152889 195635 161567 152889 0 161567 0 152889 32619 152022 3340 108565 2547 106711 34867 0 14728 42311 29680 94900 229078 21843 211564 2747 151137 170706 103719 164998 155990 136194 232108 0 0 14728 213390 100575 79479 211640 62567 7973 42311 63276 212000 62562 55888 154289 42311 63276 106711 0 37388 0 14728 0 59866 0 195635 161567 106711 211564 55485 170203 154289 211564 183361 197680 14728 44991 73989 14728 62330 154289 211564 219891 42544 79479 136179 179442 14728 0 94900 106711 13123 0 170938 14728 94901 154289 211564 120464 79479 234787 84724 14728 42311 29682 20119 211564 181969 221237 149657 235368 47071 152889 229078 21843 211564 183361 197680 0 136092 103719 2760
0 211564 210766 0 39206 177812 214004 212475 61621 50234
114722 0 114722 133240 0 154016 3671 2562 152302 2428 2767 229078 14397 13837 195421 154289 181955 145265 94900 106711 28289 117085 19128 211564 122855 195421 154289 211564 95140 137943 24053 174327 181352 81322 2597 230711 211564 24053 201307 221763 2767 230711 94900 61505 155337 58381 389 2767 136143 179231 211520 0 92143 26631 80147 58075 155337 211564 10212 154289 152302 3340 2767 94900 61505 26439 94900 214683 14397 8342 157845 154289 48434
77305 83155 77305 83155 106711 225626 83155 103719 230742 218938 155990 142930 166801 25670 79479 211564 231857 200258 222563 37388 77305 214004 211564 58165 155990 143422 77305 83195 94564 190516 154289 43769 232108 61621 7857 198218 168604 77305 83195 17824 143217 0 202913 77302 14728 198850 0
172900 172900 106711 206218 103719 211564 192463 154289 196936 37250 155990 0 230711 107266 106711 172906 107266 0 14397 69074 46879 211520 51440 198250 79479 73831 0 181284 230711 163529 172908 37250 155990 152748 17824 62854 155337 0
0 0 106711 2636 62760 143826 62311 37388 201989 0 0 106711 7973 75830 39065 79479 45105 211520 106711 207888 157787 37388 78004 74244 214668 0 27316 0
43884 35294 43884 35294 106711 211564 130919 43753 103719 211564 49556 203090 0 37388 43873 0
201064 14728 108411 0 201064 14728 108411 0 230243 13837 21278 14728 0 212000 17824 28289 117085 79479 211640 32309 7973 211564 0 26238 201148 0 0 191188 3671 2486 152302 3457 2760 229078 32619 103719 230338 164395 0 0 0 110829 3457 2486 76226 3244 2804 229078 13123 32619 103719 164395 32895 191538 103719 232891 228806 102710 155337 152302 3457 2760 201148 0 61505 154289 39284 94900 229078 6472 108411 61505 76226 3244 2804 81322 203131 211564 52962 77879 172270 32268 103719 2553 107266 229078 211564 0 22583 32268 212000 211699 172270 218938 142930 32309 155337 0 211564 77879 32268 232108 211564 0 26238 229078 211564 29205 98910 100575 107266 229078 172270 103719 2575 0 0 28289 117085 19128 64978 0 229078 211564 68037 79479 211564 67289 32309 103719 211564 191406 157787 3844 32309 94564 26631 172270 103719 3144 121661
0 0 0 20929 0 2428 76226 2318 154016 2492 229078 151137 170706 206071 189137 230959 130085 62567 103719 164979 44501 14728 67320 189121 156422 94900 229078 164975 37164 94900 232553 211564 2438 151137 170706 103719 44501 14728 229078 80154 154289 164968 44501 122199 103719 125014 94900 218540 214004 157248 189129 170762 94900 229078 211564 77879 163529 214004 169873 211520 0 154289 40103 62197 81322 170802 125207 211564 36899 154289 80054 81650 233011 41747 86941 228948 97782 67289 232840 229078 155337 211564 0 154289 0 103719 2376 25239 155337 212204 232840 94900 0 1574 72563 155337 0 0 214004 221237 154289 0 79479 97782 63663 107266 61448 152082 0 211564 0 14728 94900 177141 127786 58903 122199 0 154289 212204 232840 233011 67293 97401 211564 151137 170706 103719 44501 211564 143422 103563 102279 103719 211564 0 229078 97782 74268 211520 148834 172750 185970 151672 172750 229254 106711 50443 37164 198151 154289 185970 103719 229254 17824 0 74268 229078 211520 103719 79789 198150 211564 185924 200053 221873 105890 43818 160865 230742 138545 0 92143 86509 211564 147143 106276 132560 234783 67276 0 27020 92143 26631 211520 106276 230243 170882 103719 211564 170800 154289 0 0 102279 229078 211520 73569 103719 211564 8056 154289 14397 69073 55485 198151 154289 185970 51202 106276 94900 171319 211520 44479 176806 103719 198150 230243 176806 28439 106276 103719 14397 74404 154289 97782 0 189129 211800 0 171319 58803 79479 8661 14728 25256 103719 2376 94900 27026 211520 8661 230243 203905 230742 170881 101018 106276 103719 198150 14728 211520 25256 230243 203905 230742 170881 101096 106276 103719 198150 7973 2430 0 26434 106172 103719 191703 221873 211564 151137 0 14728 211564 151137 170710 79479 211564 179678 154289 97782 125014 94900 233011 26117 136990 154289 211564 151137 49727 155337 164979 14728 136990 154289 211564 151137 49727 155337 44501 94900 222419 97782 168944 214004 0 170710 79479 97782 81154 0 223525 0 231442 0 211730 0 14728 214004 20568 214004 0 211670 214004 97782 70579 161567 0 0 0 103719 2438 94900 26434 211564 77879 206071 0 214004 26117 21843 211564 151137 170706 103719 44501 10196 94900 92143 130085 97782 147143 94900 218540 214004 157248 189129 174235 103719 2439 94900 59201 20119 211564 221237 154289 38615 191779 0 214004 217615 14728 193919 211564 16897 154289 211564 138121 154289 164968 44501 214004 211564 203355 154289 211564 211800 154289 0 14728 0 14728 230742 230243 172270 103719 2445 220575 211564 213769 0 94900 13123 218540 97782 20587 214004 85014 211564 156417 154289 102041 10371 20033 164968 0 14728 0 8427 79479 211564 29953 154289 211564 197952 206730 37388 0 49147 94900 50970 174954 170245 19128 8427 79479 49541 211564 197952 0 211564 21099 0 14728 0 125097 94900 212409 125014 139097 94564 26631 40720 81322 166525 214004 166525 37388 211564 216118 154289 200166 212204 102279 106711 152375 117085 19128 0 0 212409 154289 211800 214004 74260 211564 102041 10371 14728 103719 2406 94900 229078 211564 77879 189137 214004 212116 211520 43574 103719 211564 124361 154289 40103 62197 103719 211564 20403 52784 131133 29205 43564 214004 211564 205399 210306 212564 211564 89360 68252 94900 229078 104550 37388 211564 232840 154289 157251 103931 110351 0 0 222419 104616 153733 154289 211564 142706 214004 232840 157515 211564 0 154289 104616 174954 37388 20405 48270 14728 229254 0 103719 107433 156418 79730 0 89360 122624 176841 19128 79280 212204 195268 74354 106711 202124 222419 214106 97782 32268 232914 103719 211564 131180 2447 229078 62311 20119 84653 20800 94900 204278 211520 211564 100355 0 154289 48270 233011 26117 203165 70888 214004 202463 211564 232891 81322 71021 149657 102041 10337 14728 211520 228942 67320 233011 26117 148625 214004 76292 211564 176083 104008 168624 94900 229078 211564 77879 163529 214004 169873 211520 0 154289 40103 62197 81322 211564 36899 154289 80054 81650 14728 157248 49495 170802 233011 41747 86941 228948 0 47577 27026 211520 228942 232891 233011 26117 168946 43564 149634 221763 7973 2571 143422 189138 62753 211564 89360 68252 26439 212000 212409 107266 229078 225177 0 214004 93580 0 0 92143 170179 136053 79479 102041 10371 107266 222419 0 43574 103719 211564 156074 154289 211564 67320 0 55890 152378 211564 8318 74268 106711 211520 156075 79534 191688 211564 0 79479 102041 10371 232108 48270 8842 19128 0 76293 94900 212409 154289 211564 102279 154289 221205 121660 155389 121660 211520 233011 26117 200087 37388 73651 0 0 154289 211564 70703 121660 0 229078 155389 154289 191779 122873 206071 189138 230959 95751 53703 211564 201354 105264 79479 174857 29682 103719 2484 212204 229078 0 102279 107266 92143 156422 26631 171319 19128 151137 105264 0 229078 136990 154289 211564 105264 31256 19128 94900 92143 26631 103719 211564 206071 197680 79479 174857 0 0 80153 103719 2452
0 211564 0 106711 79419 200857 103719 0 21205 107266 106711 211564 0 154289 76135 0 0 14728 211564 0 175308 0 14397 13837 79419 209622 211564 200857 229078 155389 224742 154289 211564 219707 73262 2768 211564 0 0 211564 154868 0 200857 230742 229078 47950 64834 103719 2757 195338 211564 0 154289 76135 0 103719 2750 211564 200857 106711 222419 37388 76135 0 0 211564 0 154289 211564 154868 48053 79479 211564 219707 73262 2768 211564 200857 229078 222419 79479 134340 107266 229078 210352 74170 214004 39697 154289 3843 1
59683 211564 115973 154289 59683 229078 221131 28439 211564 218938 115976 59683 14728 152013 230742 122154 81322 0 214004 2231 66466 212204 213307 211564 39768 154289 32895 52931 229078 51744 14728 212000 192515 211564 186152 139389 211564 115973 13123 0 49256 103719 89367 102073 10129 211564 40334 14728 104132
198480 224307 198480 224307 106711 151431 225626 68032 197819 60716 37388 198480 53717 197819 211834 17824 80175 225109 154289 211564 197819 211564 77879 225105 229078 178602 103719 2764 211699 38953 211564 225105 178602 103719 2767 211699 211564 225105 178602 103719 2772 14728 211699 211564 389 225105 178602 103719 2798 211564 77482 0 8882 229078 68028 222475 211564 197819 14728 94173 232553 132560 21847 211564 197819 106711 155471 79479 231721 50118 14728 0 155471 14728 52595 5538 63935 198480 224307 51211 127496 154289 225626 14728 20809 68258 14728 0 103931 211564 140231 68252 14728 0 114734 198480 224307 13123 94173 0 14728 157248 225626 0 198480 224307 13123 12799 222436 54295 225626 0 225626 99269 155990 222027 64834 43564 211564 199553 154289 225626 14728 20809 232108 155990 232141 211564 166156 43587 102493 87591 75813 155990 196838 14728 142930 211564 225105 229078 178602 103719 122184 2767 107266 51211 76214 103931 0 0 209758 0 68032 214704 4015 78614 167572 225626 170803 0 231716 0 103644 0 205281 14728 140765 51000 231716 211564 225105 229078 178602 103719 2772 211564 49285 154289 211564 171008 106711 152375 30308 176333 211454 230835 107266 51211 76214 103931 205281 79479 0 179582 14728 147910 205281 79479 170723 0 79764 125207 177506 14728 0 73789 211564 122215 225105 229078 178602 103719 134939 2794 38675 224307 170723 0 230742 103929 149657 230835 23490 225626 68252 211564 389 225105 229078 178602 103719 154016 2794 14728 106711 211564 122215 225105 154289 211564 197819 107266 51211 149657 76214 103931 0 4479 68032 50058 47950 0 0 0 0 222475 0 0 103127 0 20809 73582 0 215658 131825 0 0 205281
231512 96049 0 195635 231512 96049 0 155181 0 0 110829 2332 389 132800 2538 229078 34867 164975 44499 134420 14728 8871 0 0 192515 151137 170706 232108 97782 198311 231512 122664 0 211564 2465 151137 170706 103719 164979 103719 2379 20119 3144 0 229078 16914 69009 170938 154289 134422 14728 74231 164979 20119 211564 221237 154289 9121 14728 201307 232840 211834 67289 103719 2380 0 229078 14397 7906 14728 168604 0 94900 70354 211564 79760 154289 211564 203331 221131 14728 211564 20576 80748 154289 43817 154289 189121 209599 20119 97782 0 0 229078 69054 76472 154289 211564 183361 197680 103719 2445 0 179986 214004 70687 20119 211564 70392 154289 2447 14728 214683 211564 41842 43151 103719 164979 20119 211564 221237 154289 123194 103719 2452 94900 172270 14397 0 67289 232840 155337 0 203344 103719 0 103719 2461 94900 106067 211564 176597 0 14728 26706 232840 232108 97782 198311 214176 212000 80153 211564 149657 209736 154289 176597 0 79479 230742 212000 232553 211564 151137 170706 103719 164979 79479 2465 211520 234772 229078 13123 133250 37388 211640 32268 176652 14728 54733 203208 211564 201081 211285 79479 132560 234783 81322 2463 32895 75861 14728 198311 51415 214004 211564 228806 68286 0 229078 50773 232108 203763 0 20119 0 155337 79958 14728 20119 0 14728 179986 214004 127034 103719 2474 19128 0 214004 211564 0 0 229078 16914 0 170938 154289 164979 20119 221237 49066 127034 103719 2465 37164 61448 152082 207868 221873 97782 66566 211834 221763 10196 232891 228806 81322 2486 94900 229078 0 170938 154289 44501 20119 211564 183361 105269 14728 62330 154289 211564 0 0 179442 120464 212204 105269 229078 0 177083 103719 2497 14728 220575 0 0 132560 223463 160007 230243 107196 81322 211564 120464
45978 154289 80413 45978 154289 80413 45978 133074 389 76226 0 3530 58381 0 229078 211564 189950 57780 154289 96049 107516 154289 80413 14728 133074 58065 136190 195761 154289 127628 233854 192713 229078 133505 214004 211564 82202 225575 13468 66047 154289 187821 103719 0 10339 80214 192713 229078 185390 214004 26117 0 14728 0 68123 20119 211564 80931 53054 192713 105966 80931 55202 105890 187821 96131 100713 204017 214004 211564 0 212552 103719 0 14728 212746 45978 26434 65869 154289 187821 212564 133501 20119 211564 58165 154289 225575 13468 103719 0 45978 229078 53704 178036 103719 211564 147143 154289 96131 198311 80456 0 99838 20119 211564 58165 154289 80456 0 103719 0 211564 212552 230204 214004 96131 189950 205558 198311 230959 26434 43873 70027 102710 154356 178036 213219 0 192713 130956 100219 104549 232135 211564 0 88542 20119 211564 213307 230742 155471 70414 20119 96131 58165 103719 0 45978 229078 32619 103719 211564 0 65762 0 103719 160548 14728 229078 211564 212164 45081 154289 115967 96049 107516 154289 80413 14728 97782 189950 231238 133074 58065 136190 19128 57780 154289 211564 115967 192713 95534 211564 0 175970 154289 0 58065 80413 0 232108 211564 147158 45978 133074 192713 229078 117085 195275 19128 45978 192713 229078 235494 195761 154289 127628 233854 154289 80413 14728 0 82202 174133 154289 199229 10196 211564 133501 154289 170555 0 103719 0 214004 211564 82202 164439 107516 154289 199229 45978 214683 155337 211564 98996 213769 154289 130046 0 0 96131 201447 19128 211564 69019 14728 143422 190942 0 57780 20119 211564 53054 192713 233011 26117 117085 19128 212204 213219 96131 158183 133501 192713 133505 225575 13468 154289 187821 155337 389 76226 0 20119 211564 0 103719 160548 96131 100713 229078 0 211564 170548 154289 165310 14728 19128 204070 192713 211564 170555 225575 13468 229078 211564 69019 205558 198311 154289 43873 70027 66047 154289 187821 14728 41550 138586 154289 21205 211564 122308 154289 230742 92143 61505 103719 0 19128 179758 154289 0 19128 204070 45978 229078 211564 143422 190942 76506 20119 211564 0 53054 81322 211564 213307 154289 96131 18704 96131 100713 229078 150676 234783 154879 211454 192713 60375 211564 10337 83455 211564 52962 230243 93595 14728 157794 170882 68599 45105 80175 154289 230978 233011 205555 45098 225575 13468 26434 66047 10196 211564 58165 154289 97782 75861 103719 110829 0 96131 100713 61505 103719 154016 0 94594 123266 187821 232108 126136 141962 65941 214004 229035 232108 199229 230711 96131 100713 61505 103719 154016 0 192713 229078 53704 178036 103719 211564 147143 154289 96131 198311 80456 0 230959 204017 96131 100713 20119 211564 58165 154289 80456 0 103719 0 96131 189950 198311 204017 19128 43873 70027 102710 19128 179758 154289 43873 70027 10337 45978 130956 96131 0 155337 169353 60375 212204 96131 35259 170548 134783 14728 97782 235494 35254 170548 212263 80456 62895 45978 169353 19128 192713 229078 232528 212000 13123 92143 126136 217584 103719 96131 80931 0 230711 80456 0 211564 35259 201307 211564 0 47117 228806 232108 199278 205281 211834 230243 218938 160885 211564 0 205284 154289 211564 170553 14728 211564 0 211564 205284 154289 45978 66466 96131 0 192713 0 96483 0 0 107293 79730 154289 211564 203498 130046 0 230742 192713 229078 117085 19128 170618 214004 96131 133501 10196 80175 234783 154289 77305 45978 229078 0 211487 214004 80931 139389 205281 154289 96131 35254 127628 233854 152082 155471 61448 192713 113978 211564 65875 79479 96131 198311 192713 13123 170352 80413 85468 214672 144135 169353 232135 96131 198463 0 212746 0 169353 79479 96483 230711 161904 229078 50307 103719 0 170548 134783 133505 0 69019 57780 0 0 214004 42369 211564 161904 45978 201493 103719 51429 154289 187821 221763 96131 198311 52784 79273 103719 96131 0 73569 212407 96131 79734 0 70414 103719 0 192713 178722 183830 154289 187821 213219 96131 58165 45978 229078 0 19128 144135 79479 96131 0 183824 19128 79479 96131 132560 127754 192713 126212 14397 0 170677 125014 14728 92143 178571 232108 211564 80931 13650 0 96131 35254 134783 19128 230072 19128 52842 0 0 0 0 230959 178722 75120 214004 96131 12554 96131 125014 107266 229078 220575 96131 104549 211520 96131 198311 133505 96131 150283 0 0 156521 103719 171749 229776 117074 211520 0 0 229078 197529 235488 14728 0 107266 12795 45978 211564 155875 214004 130954 96131 169353 157787 187821 14728 96131 198311 99838 192713 61505 193828 10196 96131 198463 229776 20119 211564 0 0 96131 179515 103719 218471 10339 5390 192713 229078 36821 20119 211564 25312 154289 0 0 0 61505 103719 0 0 94900 0 103719 0 214004 133074 108989 154289 187821 133074 108989 233011 86505 29953 214004 225575 13468 102710 154289 187108 230959 233011 122199 133524 15713 80931 170555 15518 133074 156521 2004 234783 10196 96131 58165 103719 0 96131 88878 133031 15471 225577 154289 25812 133505 127628 233854 88927 127628 88865 0 212746 131180 45978 62307 0 154289 143422 0 214106 180060 155337 148319 230959 63539 235471 212116 235471 17824 211520 155389 154289 96131 60185 106711 141197 0 193114 103719 96131 0 192713 126212 20119 211564 0 0 230742 192713 92143 177083 192713 229078 13123 156280 211564 177380 154289 211564 0 59036 0 19128 230072 19128 211564 0 214004 211564 183361 159016 154289 218471 192713 233011 13123 122199 158183 0 61109 0 0 122199 211564 170677 179515 154289 15518 133074 156521
225575 13468 66047 154289 187821 225575 13468 134939 0 154016 0 229078 211564 66047 154289 187821 81322 0 214004 0 94900 229078 13123 0 115967 154289 56076 14728 109347 94900 229078 13123 117085 19128 211564 125778 154289 0 94900 229078 32619 103719 218471 214004 43873 70027 66047 154289 187821 14728 41550 0 154289 21205 94900 199648 144135 154289 97782 45098 20119 211564 199278 53054 103719 130191 230711 97782 35254 0 0 170548 154289 165310 61505 94900 26434 123369 95479 214004 211564 65875 14728 177141 211564 127851 0 154289 211564 53054 20119 0 155337 2950 108565 0 10196 54038 232108 178571 232108 199229 94900 229078 133505 214004 96049 107516 154289 80413 57780 45978 133074 103719 0 225575 13468 26434 66047 154289 187821 10196 97782 75861 58165 103719 0 43873 70027 167768 92143 35272 89263 0 103719 211564 178571 232108 32895 80413 14728 199229 14728 217320 230243 148625 214004 58737 211564 65875 19128 141962 229078 0 214004 0 0 155990 215785 104181 197979 225575 13468 194796 161904 216372 232108 199229 232108 211564 216372 154289 0 187821 229078 86509 22689 0 13227 8412 214004 189969 167572 154289 211564 10591 211520 103563 0 229078 214004 178719 232108 80413 103719 73896 79479 0 155337 3340 191188 154289 211520 234772 225575 13468 76461 102939 10196 62079 154334 37388 211564 66047 154289 0 40720 214004 218471 94900 61505 96237 155337 154016
12187 180903 12187 180903 106711 191406 154289 200455 32309 107266 106711 233190 37388 34867 21257 15920 0 211564 191406 106711 7973 209841 200455 147145 12187 180903 211564 191406 106711 10974 20119 235488 9550 211834 17824 210381 32309 103719 211564 191406 37164 193790 202517 14728 157248 32309 94564 26631 172270 214672 211564 152298 17824 172270 37388 228477 32309 103719 211564 221179 115973 211564 77879 152282 0 229078 172270 103719 211564 221179 115973 155337 191188 2731 14728 229078 9021 105890 143826 103719 2764 157787 389 139506 32309 103719 211564 12187 180903 191406 94564 26631 197964 232920
0 211564 0 79777 117085 19128 18500 0 200857 106711 79419 200857 103719 0 21205 107266 106711 211564 0 154289 195956 0 0 211564 77879 200857 229078 36156 26694 211564 189950 232891 228806 103719 211564 2552 107266 229078 0 14728 74170 232108 196018 0 152375 98682 154289 211564 102041 98182 209622 0 0 14728 14397 104252 168465 103719 211564 2591 107266 26434 98682 89991 154289 211564 29205 79419 48072 154289 0 195956 0 14728 0 0 211564 200857 229078 156422 147145 10196 211564 0 8887 14728 88549 154289 38615 18500 0 230959 229078 32619 148448 0 107266 229078 36156 81322 2634 214004 2638 14728 229078 155686 232108 211564 60000 0 0 225119 195956 0 0 230711 88549 0 61448 152082 0 170649 81322 211564 58165 162506 62603 201307 7973 211564 147143 88549 0 214683 22689 211564 181060 214004 222417 97782 147143 152375 211564 147143 229078 200857 0 10196 211564 160800 154289 211564 215473 230717 107266 106711 103719 2764 211564 200857 229078 147145 0 17856 10196 200123 154289 195956 0 0 0 106711 29205 21208 105707 0 211564 200857 94173 39697 154289 1573 4547 103719 3530 0 79479 43447 122906 134340 211564 39697 106711 74170 214004 1795 1 211564 77235 94173 0 95111 218938 225626 228575 14728 0 17824 13123 103719 211564 17856 211564 200857 229078 99534 79479 211564 147865 209622 154289 21205 225119 0 106965 155337 191188 2772 230742 70414 79479 211564 98682 209622 13275 1365 134340 154289 211564 147865 209622 230243 95534 96237 211564 77879 155389 229078 103719 2589 225119 235667 13123 211564 134331 70687 225119 108586 155337 3843 134939 2794 229078 95534 103719 211564 17856 211564 70703 209622 92143 215793 39065 103719 0 79479 211564 2794 77272 232891 55327 211564 134331 70414 214004 70687 103719 2798 107266 231473 26117 155389 154289 211564 224743 79479 211564 13837 79419 232891 43448
109703 0 108345 110351 109703 0 32619 132800 3244 2594 103719 99765 211275 106711 14397 13837 8887 0 106711 28289 117085 79479 166817 211564 182302 154289 0 51676 103719 211564 210151 191406 211564 29205 24158 211800 103719 2794 94900 232553 14397 70061 21842 79479 157703 122855 8887 103719 49519 191406 14728 103719 2798 94900 232553 87666 86951 21842 79479 28289 8887 210151 191406 145268 155990 49519 32895 154289 211949 21847 230243 86509 214004 97401 79479 97782 182302 103719 211564 29205 24158 211800 8412 214004 211564 149657 235368 213330 0 106711 84136
110087 0 110079 133240 110087 0 32619 17007 3843 2597 106711 14397 27003 13837 8887 0 106711 28289 117085 79479 166817 211564 182302 154289 57825 0 155337 0 14728 123835 0 155337 211564 29205 24158 211800 0 229078 32619 103719 0 27010 214004 13837 160489 94900 229078 175430 103719 153390 160580 102978 0 57719 0 0 230959 106711 97782 48270 155337 211564 29205 24158 211800 212000 57719 189986 79479 218938 234783 26694 212000 35061 221873 103719 76226 2804 107266 229078 180060 211520 0 229078 57729 8890 0 0 195338 2798
143217 0 0 143217 0 0 106711 14397 2638 133632 18998 8856 143826 211520 229078 170882 37388 122664 0 14728 229078 62311 37388 110079 0 107266 106711 25239 155337 211564 225626 83155 80439 143217 0 14728 106711 211564 191231 214004 211564 2636 143826 143217 0 143217 0 0 229078 178602 155337 152302 2950 2638 103719 151901 13835 76226 1163 2639 103719 211564 221179 115973 14728 155337 17007 2639 103719 21178 211564 143826 177141 148702 180139 232108 176356 155337 183086 214424 14728 137936 84087 107266 709 157515 154289 390
0 83766 161567 57857 32619 132800 2585 103719 0 38615 117085 37388 97782 200905 147143 0 106711 14397 13837 176115 14728 8887 94900 106711 154289 44682 14728 0 60193 94900 229078 211564 77879 147910 13837 163529 214004 176039 14728 94900 38675 97782 203498 154289 145265 0 81978 57825 106711 13123 14397 8887 14728 8834 103719 211564 143835 211564 104135 103719 211564 0 103719 2636 103719 2638 0 211564 50852 103719 2638 14728 9018 103719 2750
0 0 106711 136990 154289 211564 34570 90017 103719 229776 0 106711 222563 235488 232528 14728 154423 47948 81148 155990 195761 192713 95767 211564 34570 155337 211564 57919 154289 229776 155990 133501 42743 215719 0 230243 45828 81322 0 235488 232548 230959 230243 154868 70888 214004 26117 133505 211564 130919 0 134939 26117 38675 211564 44991 0 155990 130846 154289 98992 102493 192713 106711 0 155990 211564 0 154289 98992 102493 192713 106711 133505 110937 0 106711 86366 230959 106711 47577 214672 235488 214004 85439 133505 37164 230959 106711 103925 19128 14397 98996 0
0 0 106711 215473 148448 0 103719 72588 70687 107266 94173 126587 79419 209622 38675 0 215473
0 0 106711 215473 148448 211564 0 181722 103719 72588 70687 103719 2747 211834 230243 3051 162859 126257 103719 0
0 0 106711 168759 215473 148448 211564 0 181722 103719 72588 70687 103719 2798 211834 230243 2004 162859 126257 103719 0
0 0 106711 149657 215473 14728 32662 148448 110888 154289 211564 0 143583 103719 72588 103719 211564 67390 154289 70687 7973 6560 162859 126209 103719 0 107266 106711 187401 215473 154289 127034
0 0 106711 215473 103719 72588 70687 103719 2747 211834 230243 0 162859 126257 103719 0
0 0 106711 215473 14728 47117 160552 103719 0 63100 72588 70687 103719 2747 211834 230243 709 162859 126257 103719 0
0 0 106711 215473 148448 211564 0 181722 103719 72588 70687 103719 2747 211834 230243 0 162859 126257 103719 0
12385 103719 0 2794 143826 12385 103719 0 106711 2794 13837 75478 45105 143826 232108 138488 0 110087 0 95546 0 40804 15518 0 0 0 138545 0 134586 128032 24498 231735 46004 123182 11660 0 138545 0 123820 29406 14728 201846 0 107266 106711 25239 155337 211564 12385 103719 0 32268 233190 37388 124462 40740 211564 189270 106711 37388 57288 0 191231 231473 26117 178602 103719 134939 2808
47960 53750 47960 53750 155990 70392 53750 17824 193952 20119 211564 70392 154289 143826 155990 210151 193919 212000 222563 187916 230959 211564 8888 230243 103719 211564 143826 212000 13123 103922 230959 95751 131133 211564 143826 204070 19128 211564 62330 14728 211564 170883
2794 231897 155161 47960 42743 211564 47960 42743 154289 211564 2794 231897 155161 214683 166386 155337 76226 3598 2794 107266 229078 95534 20119 211564 26054 166386 200857 103719 223551 34867 49374 39211
0 10871 0 10871 106711 10871 86509 232108 179624 154289 100355 0 232108 199926 154289 100355 147986 214004 162859 103719 228806 62446 103931 147963 62446 14728 214004 177964 8412 214004 122672 154289 228806 14728 105688 100355 181071 122624 214004 212204 70392 105688 177506 54321 14728 177506 53846 143813 14728 154346 79479 211564 0 154289 0 9994 74091
154346 79479 211564 0 154289 0 9994 154346 79479 211564 0 154289 0 9994 106711 14397 156296 154289 211564 221179 147905 79479 0 10871 201307 103719 2629
212475 57957 88677 212475 57957 88677 106711 39216 13207 181955 24053 212000 79769 103719 2631 103719 0 155521 19128 168992 24053 14728 230243 156422 38675 0 211834 17824 80175 136992 103719 211564 24053 8979 0 25047 202268 148814 0 14728 33637 0 211564 24053 229078 147145 152743 155389 181955 18972 154289 211564 234772 37388 29415 0 179540 81322 211564 24053 155337 108565 2805 65941 214004 151431 0 95014 107195 14728 229078 179185 37388 145725 0 57957 122855 195421 134586 0
212475 57957 88677 11886 212475 57957 88677 106711 211564 77879 203345 11886 37388 39216 181955 24053 212475 57957 88677 107266 229078 178602 155337 110829 3051 2754 211564 170883 154289 211564 11886 229078 0 35294 211564 11886 161941 20119 5890 155337 211564 29415 2730 14728 155337 211564 39216 11891 43971
155389 155389 106711 211564 189950 203345 11886 37388 39216 181955 24053 212475 57957 88677 107266 229078 178602 155337 110897 1163 2764 211564 170883 154289 211564 11886 229078 99823 0 211564 11886 161941 20119 155337 211564 29415 2730 14728 155337 211564 39216 11891 43971 211564 198390 181352 14728 15324 94564 26486 230243 76212 103719 211564 225626 83155 233396 196926 227627 176569 2794
125014 201320 152375 125014 201320 152375 106711 211564 212164 203345 11886 37388 39216 181955 24053 212475 57957 88677 107266 229078 178602 155337 191188 3051 2772 211564 170883 154289 211564 11886 229078 99823 0 211564 11886 229078 42829 166720 103719 39211 14728 229078 13123 42829 87646 103719 211564 222373 211564 11886 161941 20119 155337 211564 29415 2730 14728 20119 155337 211564 39216 11891 43971
195359 0 195359 0 106711 77235 98182 209622 79479 211564 195359 171690 103719 158988 212000 166784 103719 211564 158988 98182 76266
14309 145225 211564 14309 145225 106711 145225 103719 14309 26694 2798 107266 229078 38675 211564 0 0 145225 107266 106711 103719 211564 154868 0 28439 0 14728 0 0 195338 2597 211564 145225 94173 26631 103719 36146 211520 229078 77879 36156 103719 0 19128 14309 0 211564 145225 94173 158906 14728 154868 164758 14728 0
122664 0 195635 231512 122664 0 43007 153480 0 0 3942 132800 2391 110829 2592 229078 14397 21179 34867 164975 14728 176597 0 0 229078 13394 117085 19128 195635 122664 0 14728 97782 75861 229078 195635 231512 0 122664 0 229078 68123 103719 9121 21178 14728 103719 70687 94900 229078 21843 211564 139389 54321 103719 232891 228806 122664 0 62562 2461 211564 0 122624 154289 176597 0 211564 25337 154289 176597 0 94900 229078 110125 231849 232108 97782 75861 195635 231512 0 154289 211564 151137 170706 79479 164979 103719 2465 214004 57718 122664 0 106711 211564 235496 151137 122423 94900 229078 211564 62330 154289 211564 41842 120464 38933 230711 211564 62570 154289 211564 203208 154289 63514 229078 130085 37388 108345 229386 14728 80456 0 103719 76226 2557 94900 229078 69054 14397 0 103719 2482 94900 229078 0 37388 85064 225410 103719 2535 14728 177141 32895 211564 0 136092 14728 211564 183361 136092 154289 211564 183361 197680
0 0 198253 38675 78823 78538 155990 0 78538 17824 211564 105092 75344 0 19128 211640 49742 147143 204286 212000 17824 154423 190178 0 155990 0 148579 20119 78832 211564 9550 154289 132560 199473 76292 130939 155337 148579 14728 167877 230753 211564 122056 0 67456 231107 175921 154289 79391 103719 198218 199473 211564 122056 17824 0 67469 0 166578 14728 15324 134601 103719 211564 197874 155990 103719 168318 14728 202899 103719 157248 199473 211564 122056 17824 0 14728 170375 155337 0 0 14728 157248 166578 105106 0 12973 41747 210555 154289 139512 154289 63935 154289 56973 214004 54304 232920 73650 234772 0 17824 103563 147963 70579 154289 211949 0 14728 39206 26117 222419 103719 29675 51429 198218 9535 0 78538 17824 103563 0 7973 1 199473 103719 2730 84649 94564 26631 60209 0 17824 49742 212566 211564 232891 14728 39206 26117 80147 155337 143422 51297 73879 15831 0 17824 0 214004 143422 157248 15337 60375 211640 0 154289 211564 30308 14728 234862 203094 154289 229159 212000 17824 47400 73831 154289 0 0 211564 0 0 106711 192770 103719 232421 47978 107266 127246 125207 198250 57195 155990 230742 209111 0 37164 103719 176884 107266 106711 87949 214004 67456 0 78538 127236 183153 125207 126136 229159 14728 211640 228969 0 106711 230072 214004 29856
0 0 17824 14397 70703 95140 137943 24053 230959 230243 160800 154289 211564 149657 229438 154289 34867 95140 137943 143813 212000 79769 103719 2602 14728 62451 2619 211640 215203 137943 16954 106711 198255 28439 76472 0 24133 204070 19128 0 14728 224666 172640 181955 24133 204070 19128 211564 0 14728 67289 74131 155990 196566
108345 0 108345 110351 0 32619 76226 2950 2611 103719 39605 138608 106711 14397 150025 102041 98182 58734 231007 181071 27218 214004 211564 49385 31042 0 94900 229078 190513 37388 211564 44926 30351 232108 211564 0 157794 165184 103719 211564 2750 150025 65012 0 13123 166799 79479 211564 44926 30351 79479 189828 211564 14464 65891 79479 189828 211564 149657 235368 106960 79479 189821 14728 211564 142601 39221 79479 189821 26694 97782 181071 230243 215695 214004 211564 49385 31042 0 79479 0 191772 65012 165184 103719 2804 79479 211564 39221 211564 65012 165184 231473 26486 77282 102493 49385 8901 194833 0
214668 0 214668 0 0 13123 117085 19128 211564 0 131807 106711 14397 70703 145279 14728 8887 143422 117085 19128 25417 14728 226975 154289 95140 137943 24133 0 14728 224666
133240 0 133240 0 32619 76226 2950 2580 103719 0 102978 106711 179879 13837 170924 102041 98182 181060 231788 230959 166799 40279 215203 154289 6279 83195 103719 211564 150025 94900 166799 97782 71076 150025 40279 232108 211564 44926 30308 94655 94900 229078 65013 37388 211564 44926 30308 94655 232108 211564 0 157794 165184 103719 211564 195890 183176 154289 211564 2610 150025 65012
139214 67216 138545 0 67216 32619 132800 2576 103719 205632 149657 35491 106711 39216 179879 170924 102041 98182 123266 231788 230959 166799 40279 215203 154289 0 83195 103719 211564 150025 94900 166799 189828 232108 211564 174121 0 189828 232108 211564 44926 30351 189828 232108 211564 231860 109419 14728 189828 232108 211564 229121 39786 94900 229078 65013 37388 211564 174121 0 232108 211564 0 157794 165184 103719 211564 2608 150025 65012
205104 58075 205104 58075 106711 2637 13207 181955 198357 37388 211564 39216 13207 181955 24053 157480 120714 161904 14728 106711 211564 77879 195440 81322 211640 189950 203345 11886 0 230742 229078 178602 103719 2638 211564 198357 229078 233190 37388 0 0 14728 139214 218541 211564 198357 106711 7973 99821 144135 218757 211520 45105 229231 14728 13123 211564 51258 154289 107266 211564 198357 127246 20119 211564 57477 0 211520 17824 0 81322 136143 103135 211564 198357 106711 155389 154289 211564 143422 168604 198357 81322 157480 120714 161904 14728 106711 13123 0 73831 154289 157480 120714 161904 0 198895 232108 211564 130919 212105 26870 0 0 227051
0 198357 0 106711 2636 13207 181955 198357 37388 211564 39216 13207 181955 24053 157480 120714 161904 14728 106711 211564 77879 195440 81322 211640 58290 203345 11886 0 230742 229078 178602 103719 2634 211564 198357 229078 233190 37388 0 0
0 0 106711 2636 13207 181955 198357 37388 211564 39216 13207 181955 24053 157480 120714 161904 14728 106711 211564 80217 195440 81322 211640 58290 203345 11886 0 230742 229078 178602 103719 2634 211564 198357 229078 233190 37388 0 0 14728 229078 170882 37388 18500 0 211564 198357 229078 105198 37388 32268 81322 114251 40317
99148 157480 120714 161904 198357 99148 106711 2634 13207 181955 198357 37388 211564 39216 13207 181955 24053 157480 120714 161904 14728 106711 211564 212164 195440 81322 211640 58290 203345 11886 0 230742 229078 178602 103719 2634 211564 198357 229078 233190 37388 0 0 14728 229078 170882 37388 18500 0 211564 135966 154289 211564 198357 106711 7973 86366 147145 99148 230959 87591 105890 0 14728 212127 192713 0 197529 192713 0 155337 214756 154289 165079 14728 176794 79479 211564 204687
0 198357 0 106711 2634 13207 181955 198357 37388 211564 39216 13207 181955 24053 157480 120714 161904 14728 106711 211564 189950 195440 81322 211640 58290 203345 11886 0 230742 229078 178602 103719 2634 211564 198357 229078 233190 37388 0 0 14728 229078 170882 37388 18500 0
211564 0 211564 0 106711 2634 13207 181955 198357 37388 211564 39216 13207 181955 24053 157480 120714 161904 14728 106711 211564 77879 195440 81322 211640 58290 203345 11886 0 230742 229078 178602 103719 2634 211564 198357 229078 233190 37388 0 0 14728 229078 170882 37388 18500 0
125014 157480 120714 161904 198357 125014 106711 2731 13207 181955 198357 37388 211564 39216 13207 181955 24053 157480 120714 161904 14728 106711 211564 189950 195440 81322 211640 80217 203345 11886 199935 129789 230742 229078 178602 103719 2731 211564 198357 229078 233190 37388 0 0 14728 229078 170882 37388 32895 18500 0 14728 0 0 211564 198357 229078 151407 79479 28289 195440 20119 211564 2750 110963 21847
103719 179108 157480 120714 161904 198357 103719 179108 106711 2731 13207 181955 198357 37388 211564 39216 13207 181955 24053 157480 120714 161904 14728 106711 211564 77879 195440 81322 211640 80217 203345 11886 199935 129789 230742 229078 178602 103719 2731 211564 198357 229078 233190 37388 0 0 14728 229078 170882 37388 18500 0
212045 157480 120714 161904 198357 212045 106711 2640 13207 181955 198357 37388 211564 39216 13207 181955 24053 157480 120714 161904 14728 106711 211564 212164 195440 81322 211640 212164 203345 11886 93590 106711 152082 77911 211520 235471 39206 41450 230742 229078 178602 103719 2640 211564 198357 229078 233190 37388 0 0 14728 229078 170882 37388 18500 0 157480 120714 161904 185390 211520 211564 198357 229078 7973 235488 86366 81322 0 155521 147145 0 115835 230959 92143 0 218244 103719 96131 33750 211564 232812 212045 103719 211564 198357 177835 214004 211564 218244 14728 20119 211564 70392 154289 211564 198357 211834 106711 198895 0 154289 235488 86366 211520 106711 8901 0 115835 195435 126136 37388 126136 232108 0 231238 0 0
106711 0 98682 106711 0 98682 106711 2731 13207 181955 198357 37388 211564 39216 13207 181955 24053 157480 120714 161904 14728 106711 211564 189950 195440 81322 211640 212164 203345 11886 93590 106711 152082 77911 211520 235471 39206 41450 230742 229078 178602 103719 2640 211564 198357 229078 233190 37388 0 0 14728 229078 170882 37388 18500 0
155389 131807 18445 198357 155389 131807 18445 106711 2640 13207 181955 198357 37388 211564 39216 13207 181955 24053 157480 120714 161904 14728 106711 211564 77879 195440 81322 211640 212164 203345 11886 93590 152082 77911 211520 235471 39206 41450 230742 229078 178602 103719 2640 211564 198357 229078 233190 37388 0 0 14728 229078 170882 37388 18500 0 211564 198357 106711 198253 0 38675 75255
0 157480 120714 161904 198357 0 106711 2638 13207 181955 198357 37388 211564 39216 13207 181955 24053 157480 120714 161904 14728 106711 211564 189950 195440 81322 211640 189950 203345 11886 0 230742 229078 178602 103719 2638 211564 198357 229078 233190 37388 0 0 14728 139214 218541 14728 229078 170882 37388 18500 0 211564 198357 229078 76212 155337 211564 198931 214004 211564 143826 117071 230638 235471 61448 122153 204636
13449 157480 120714 161904 198357 13449 106711 2639 13207 181955 198357 37388 211564 39216 13207 181955 24053 157480 120714 161904 14728 106711 211564 80217 195440 81322 211640 189950 203345 11886 0 230742 229078 178602 103719 2638 211564 198357 229078 233190 37388 0 0 14728 229078 170882 37388 18500 0 212000 212409 154289 211564 147143 13449 26439 212000 233215 211564 198357 20119 0 13449 14728 0 0 75861 15920 0 94173 211564 0 13449
181060 26813 235471 130284 181060 26813 235471 130284 106711 2747 13207 181955 198357 37388 211564 39216 13207 181955 24053 157480 120714 161904 14728 106711 211564 212164 195440 81322 211640 80217 203345 11886 199935 129789 230742 229078 178602 103719 2731 211564 198357 229078 233190 37388 0 0 14728 139214 218541 14728 229078 170882 37388 32895 18500 0 14728 0 0 211564 198357 229078 105198 37388 176597 0 32268 211564 10337 154289 199935 129789 14728 229078 233190 19128 142930 154289 0 214004 0 0 230742 0 152140 61486 106171 211564 100355 199926 19128 74898
198255 157515 211834 157480 120714 161904 198357 198255 157515 211834 106711 2750 13207 181955 198357 37388 211564 39216 13207 181955 24053 157480 120714 161904 14728 106711 211564 77879 195440 81322 211640 77282 203345 11886 89189 230742 229078 178602 103719 2750 211564 198357 229078 233190 37388 0 0 211564 198357 229078 211564 143422 204029 198357 155337 211564 11886 14728 229078 13123 211564 143422 105698 204029 195440 73595 178602 37388 211564 24053
104970 157480 120714 161904 198357 104970 106711 2750 13207 181955 198357 37388 211564 39216 13207 181955 24053 157480 120714 161904 14728 106711 211564 189950 195440 81322 211640 77282 203345 11886 89189 230742 229078 178602 103719 2750 211564 198357 229078 233190 37388 0 0 14728 229078 170882 37388 31305 181955 211564 198357 106711 7973 162859 211520 17824 204195 230742 13123 103929 86366 232108 39284 0 201356 103719 2750 211520 104970 229078 97782 76027 198357 155337 211564 89189 11886 14728 185390 211520 233215 212204 198357 157787 234772 10531 14728 229078 156422 0 214004 166784 107266 79479 211564 24053 37164 155357 229614 88365 105890 211564 203345 14728 26706 232862 232108 31305 229614 230243 7906 214004 131133 107266 14397 157480 120714 161904 198357
205616 44501 103719 44501 205616 106711 140781 154289 218938 155990 142930 50021 103719 205616 225177 196936 165301 154289 198035 17824 200321 212564 125896 37164 63539 152082 62992 102493 123266 202124 211564 198035 165301 231473 191132 81322 211564 125896 14728 68769 75233 214004 211564 32967 155990 181429 214004 211564 214756 186406 103719 229254 106711 14397 73831 154289 205616 0 134939 191132 174293 155990 201492 205611 79479 127053 213307 59868 155337 230638 212000 51200 102493 125896 106711 205611 103719 15713 125896 107266 106711 38675 14397 0 139404 106711 14397 0 102493 125896 106711 205611 103719 83780 107266 106711 14397 0 0 106711 14397 0
149657 229438 154289 34867 95140 137943 211564 149657 229438 154289 34867 95140 137943 0 229078 95140 137943 143813 211520 201307 103719 211564 122184 2591 103719 34841 107266 229078 230072 117085 18574 211564 232891 37388 211564 67289 2607 211564 143813 60716 19128 176803 103719 160800 214004 211564 58486 154289 67289 95140 137943 24133 204070 19128 58646 172818 123146 0 14728 30308 184832 198218 0 24133 17824 187900 0 61231 94901 14728 106549 130849
0 103719 211564 66541 0 103719 211564 66541 106711 14397 2535 65100 143826 211520 229078 170882 37388 106699 0 14728 0 0 14728 229078 62311 37388 0 0 0 103719 211564 66541 229078 178602 155337 110829 3340 2535 103719 151901 13835 211564 143826 232553 14397 8220 21842 79479 28289 18807 62317 58535 49285 14728 229078 13123 151407 79479 28289 8890 103719 122873 182302 28289 0 49285 14728 28289 165270
0 0 0 106711 80175 214756 230742 106711 166799 103719 211564 0 189821 37388 109478 162859 107266 106711 83155 154289 128118 230742 222438 39363 48842 155990 157248 0 0 211564 166801 201304 157515 232108 389 155990 1573 0 67181 166800 172993 155389 0 103719 211564 169110 211564 0 94173 80175 194546 0 0 0 14728 0 0 135976 211520 211564 166800 63743 152124 0 135976 211520 211564 166800 85463 12554 211564 0 81322 211564 169110 0 135976 211520 211564 166800 85463 92692 154289 211564 0 81322 211564 169110 14728 0 135976 211520 211564 166800 94173 214004 172946 155389 0 103719 211564 169110 102493 211564 169110 106711 70173 67181 166800 172993 155389 0 103719 211564 169110 102493 211564 169110 94173 14397 154067 152743 154289 0 155389 166800 172993 155389 0 103719 211564 169110 211564 166800 106711 157515 102493 94900 183969 157515 154289 0 0 106711 123266 201104 155990 94173 211564 143422 0 20119 211564 70392 231877 211564 83155 103719 2772 87949 143107 13835 172270 179229 155337 211564 181445 168612 154289 211564 0
0 0 106711 76313 154289 89263 0 204195 14728 158876 0 134939 13123 177812 214004 103719 71048 166408 103719 145265
106711 0 157515 211834 106711 0 157515 211834 106711 198357 177396 37388 13837 168513 90017 133435 211564 198357 229078 177396 103719 73312 20119 48431 0 145265 203349 155337 132800 2950 2798 211564 198357 191644 232891 177394 79479 26870 211564 77879 198357 103719 145265 97888 214004 26117 233190 170882 14728 177396 232135 3244
228616 0 228616 0 17007 2470 58381 2608 229078 14397 13837 31076 93959 166800 94900 106711 13123 117085 19128 29205 228616 0 155990 0 0 94900 229078 32619 103719 99289 121016 140505 14728 201307 166817 93959 20119 211564 10337 154289 78054 103719 97782 209848 94900 230204 214004 137047 14728 126212 232108 126136 103946 14728 127496 154289 62587 103719 211564 2506 94900 166799 232108 132560 145280 8816 211564 140505 59284 178090 94900 130085 97782 77879 177399 103719 137047 232108 211564 90857 126136 35964 0 65941 214004 168494 95014 94900 232851 157685 211564 145265 104318 103719 211564 2534 103719 211564 67289 2552 94900 229078 155389 154289 211564 77879 145280 177399 79479 186063 164482 20119 204687 177401 103719 137047 230959 233011 122199 177394 69690 170217 20119 212204 213307 94900 13123 229078 160800 154289 211564 44926 31076 188290 230717 94900 177396 14100 157251 232108 67900 209463 14728 110087 0 10196 110937 230102 123266 211564 144201 229326 24053 94900 177396 155389 191629 232108 229326 103719 211564 2572 94900 177396 154423 19128 0 79479 157248 145280 94900 166799 80971 103719 211564 2591 20119 31076 14728 79217 145265 76928 103719 211564 14728 73312 154423 232108 231529 0 44926 31076 12554 103719 2599 94900 110117 110087 231897 14728 144201 229326 155337 231897 11886 176842 20119 211520 213307 94900 13123 177396 79479 30772 165430 177401 0 16801 103719 211564 134934 202913 188290 103719 211564 2604 77482 211564 31076 35259 97782 77539 177400 230243 130085 103719 2604 94900 88365 97782 150177 0 26439 230753 166817 94900 143807 97782 94901 94900 61448 97782 158183 77879 177399 152082 221763 2577 26439 94900 229078 0 14728 0 163529 230959 61448 152082 125207 214004 26117 122864 94900 76498 142930 49546 19128 0 79479 157251 29205 228616 0 61505 81322 95049 75039 103719 44926 103719 2608 10339 5714
229776 0 229776 0 106711 2760 13837 182430 49519 143826 211520 229078 170882 37388 163785 0 0 0 181821 0 0 0 14877 0 14728 180767 0 14728 229078 62311 37388 57825 0 229776 0 229078 178602 155337 110829 1573 2760 103719 151901 13835 211564 143826 177141 168946 180139 232108 6170 176356 155337 183086 214424 14728 5714 157515 154289 390 81322 137936
0 143826 0 106711 2767 13837 209839 191837 49519 143826 107266 229078 170882 37388 0 0 0 0 191662 0 14728 0 0 14728 229078 62311 37388 89422 0 0 229078 178602 155337 20929 2004 2767 103719 151901 13835 211564 143826 177141 168946 180139 232108 6615 176356 155337 183086 214424 14728 6209 157515 154289 390 81322 137936
0 0 106711 211564 39768 47071 154289 211564 76266 154289 185459 46004 14728 0 13123 38675 200764 0 14728 0 103719 211564 230338 104168 0 168759 106711 20119 155337 211564 198989 230384 48339 154289 185459 0 106956 107266 106711 155389 154289 211564 44991 49677 0 154289 211564 0 106965 211564 47071 106711 103719 211564 160552 154289 185459 85064 0 14728 211564 199016 160800 154289 211564 160552 154289 185459 163785 0 103719 2731 7973 1573 162859 126212 103719 211564 47071 0 106711 155389 154289 211564 154882 215490 103719 211564 67411 40334 0 229078 80153 103719 0 37388 211564 80931 220575 165363 0 0 107266 229078 211564 39768 154289 211564 80931 49279 154289 185459 211564 49279 229078 211564 143422 151938 14728 143422 199016 160927 154289 211564 106956 154289 200764 0 211564 138926 160800 229078 95534 37388 34841 230711 0 58065 0 58065 0 229078 130085 211564 80931 88549 154289 200764 0 103719 0 211564 215473 218540 105890 121947 204029 168759 0 67411 40334 215693 14728 0 58065 0 211699 174293 130085 0 39768 154289 211564 71076 80931 230338 104168 49279 230742 103925 211564 106965 154289 0 14728 0 107266 229078 211564 39768 221763 97782 58165 103719 0 211564 47071 229078 130085 39768 154289 211564 71076 106956 154289 200764 0 103719 0 212204 106711 230711 211564 80931 230243 172906 154303 211564 106956 14728 211564 34867 214683 81807 51429 211564 47071 154289 0 94173 155389 154289 211564 143422 0 0 154289 16352 40334 39768 60446 132560 213330 37388 49246 229035 77761 67347 78665 181358 14728 100673 60375 12554 154289 212204 121947 152743 154289 230072 36147 202124 74091 103719 64905 0 211564 47071 154289 0 106711 155337 25844 155337 211564 199054 193772 154289 200764 0 0 25844 211564 47071 106711 103719 211564 121947 0 223381 12927 49975 205514 37388 0 89315 97371 14728 143689 107266 106711 143430 127786 230742 106711 155389 74268 79479 211564 147143 230742 211564 80931 84087 107266 0 99838 211564 147143 0 106711 13123 65941 214004 211564 74885 211520 211564 106956 106711 155337 211564 123182 154289 231727 154289 211564 106956 14728 106711 212746 185176 0 211564 147143 0 86509 214004 211564 178090 214004 211564 151901 229078 0 197529 19128 107266 229078 74878 211564 231678 0 106711 205514 37388 211564 0 143689 214004 211564 151901 14728 211564 0 161946 214004 211564 67390 211564 47071 106711 0 37388 211564 49066 181560 14728 211564 0 181560 230742 17824 126602 117085 19128 0 14728 17824 65656 143422 154289 211564 234772 212000 73569 79730 202926 103719 64905 0 212204 70677 0 94173 171653 174507 0 212407 19128 49066 181560 94173 26631 211564 188290 154289 132560 0 103719 0 97888 168759 0 103719 211564 42544 154289 211564 25844 106711 155337 154289 121387 0 81322 211564 189674 103719 2636 220575 211564 120183 47770 47413 0 76214 217345 175388 47770 210307 178719 51045 212566 211564 53044 154289 211564 234772 3530 234772 0 94173 151115 65656 189821 12554 930 142532 155337 21611 190195 142930 211454 154289 169803 155337 21611 154289 175361 75263 155337 211564 47071 15621 0 106711 225177 196936 215473 230742 106711 120942 157515 103719 89573 161515 107266 94173 80175 130919 202926 183958 67390 25844 181722 126235 183289 42521 202913 14728 0 202913 211564 130919 202913 183958 151901 214004 198989 106711 79943 202913 202913 230742 106711 98682 214004 211564 0 154289 211564 106956 130919 193766 14728 24273 211564 47071 94173 42553 20119 211564 46929 230742 106711 0 215448 215374 172831 14728 211564 104105 200532 230742 51211 211564 41544 0 14728 143422 154289 211564 154879 36147 0 106711 211564 130919 49677 14728 104297 42544 154289 200764 0 107266 106711 13123 211564 52932 130919 168759 154289 71163 79479 32895 189674 14728 11019 216266 19128 230072 19128 211564 181722 14728 175322 216118 100099 107266 99745 211564 9357 36147 79479 211564 76252 88542 212397 79479 211564 106956 154289 0 17824 103719 0 107266 13123 99745 211564 94961 154289 211564 67411 40334 42521 24247 19128 230072 19128 211564 94961 79479 132560 157248 178092 77557 105278 60375 107433 196936 195912 0 166799 99534 214004 0 225847 211564 40334 76926 154289 18998 103719 2731 0 181546 132560 213330 107433 195912 211564 47071 229078 7906 214004 0 211564 221179 201367 154289 13835 214004 99534 134340 79479 211564 2767 232891 53950 55327 211564 228961 160580 200200 49983 229078 211564 195797 154289 211564 0 77879 183176 134340 154289 211564 215388 212204 130085 200764 0 14728 0 211564 196939 52932 103719 211564 232891 73595 214004 99534 232891 55327 73582 0 14728 107433 0 17824 98682 214004 132560 196936 13837 136179 188829 204070 19128 231735 221237 14728 13123 218938 0 136179 105278 80153 37388 181821 182919 211564 182919 221237 188807 154289 0 136194 14728 211564 105688 221237 154289 152900 211564 47071 94173 80175 189955 188829 218938 154289 230742 17824 88542 158184 14728 218938 17824 170677 188829 211834 17824 121947 152743 154289 45951 46304 103719 211564 47071 79479 107433 195912 143422 17824 171514 65941 214004 34867 0 37164 211564 41544 103719 0 106711 182381 41566 211564 15160 155990 46303 154289 70687 94173 211564 143422 136992 79274 37388 211564 138112 157248 171514 59705 103922 0 46303 154289 87389 24396 191772 0 0 232160 181585 154289 126257 229254 14728 0 0 0 0 17824 13123 231130 211564 47071 154289 0 106711 77557 42544 103719 211564 67411 40334 107266 94173 211564 94961 154289 211564 67411 40334 42521 24247 19128 230072 19128 211564 67411 40334 0 73896 230742 126013 0 79479 49852 14728 52266 103719 211564 178090 211564 47071 106711 13123 94961 79479 211564 200764 0 147865 24247 211564 121959 24247 103719 211564 67411 40334 103719 210803 154289 19780 211564 47071 106711 13123 131069 67411 40334 104297 42544 107433 130919 0 26870 25376 69158 0 47978 14728 185924 211564 204246 104318 47950 103719 2760 212204 229078 65941 214004 0 0 14728 82092 169877 0 81322 131069 170402 55698 166567 37388 211564 73037 211834 17824 199483 104297 72653 230742 40761 157515 203588 209758 79382 170803 125097 70677 25376 105296 70677 14728 0 0 125207 132560 52931 103719 211564 67411 40334 200764 0 14728 0 222438 211564 67390 40334 63931 0 211564 73896 176309 106711 78071 20119 0 222373 5969 0 106711 100099 79479 12554 131069 181740 155337 211564 106956 154289 200764 0 65425 106711 64211 155337 211564 123266 211564 199553 125376 103719 211564 47071 106711 73663 232108 199447 0 214004 26117 207888 18574 188807 237307 172247 37030 94564 89315 124803 166684 201315 232108 211564 124206 211834 17824 130919 37015 183249 155337 200764 0 12554 37015 76324 17824 0 79479 217006 14728 220575 0 79479 217006 214004 14728 0 79479 16352 127084 217006 0 63935 222373 0 151115 172247 37030 216266 0 214004 211564 130919 179606 17831 103719 0 25844 14728 211564 198989 67390 162620 0 94564 234862 124803 166701 201315 232108 211564 124206 155990 0 211564 209403 201394 103719 0 106711 20119 211564 46929 211564 0 231473 207868 235471 111067 7973 16375 79479 169742 170402 211564 58646 229254 93671 103719 0 106711 39687 154289 32895 99554 14728 0 154289 54547 193462 155990 211564 93284 154289 40323 107266 106711 214004 211564 74505 67390 154289 0 25844 168759 0 103719 211564 42544 154289 211564 25844 106711 79479 222417 154289 0 54547 193462 155471 211564 168759 39206 0 211564 121959 54547 193462 103719 211564 232891 107266 13123 94173 133134 74876 211564 25844 106711 13123 98682 214004 211564 37160 76855 155737 28439 0 14728 0 155337 0 106956 211834 17824 132560 217054 56743 191538 37388 19128 144135 19128 0 211834 106711 13123 76855 191559 28439 0 14728 0 0 14728 200764 0 13123 74102 37164 211564 217054 17824 106621 211564 181821 0 105688 11141 191547 211564 106956 14728 106711 103719 211564 47071 143422 151901 0 17827 107266 94173 62307 78548 214004 127034 149657 235368 14728 138498 14728 189822 78548 214004 43891 151901 40568 20364 85075 14728 164395 162681 103719 9079 214004 157248 131069 47024 103719 211564 14728 39211 66466 211564 215375 189821 200764 0 154289 147633 0 175349 42544 103719 0 14728 0 211564 106956 103719 46886 161515 211564 175349 125575 156422 36156 214004 216118 204246 39369 214004 211564 42521 204246 74910 103719 0 17824 152375 222419 214004 216118 215378 225411 211564 200764 0 0 175349 215785 230742 55486 183969 81322 186550 167572 214004 0 216277 67390 75359 162859 32619 103719 0 103922
0 229494 0 229494 106711 131069 37084 63100 103719 195406 107266 106711 160800 154289 211564 42521 37084 63100 17827 211520 106711 80147 20119 211564 198989 154289 195406 214176 232108 0 166386 107266 79797 160800 154289 195406 77879 0 17827 212204 181722 106711 155389 229494 202913 211520 201320 20119 211564 110888 154289 54321 202913 42521 33101 14728 0 0 14728 70555 20119 0 181722 211564 181722 229078 147145 10196 195635 0 212263 211564 88549 154289 195406 103719 2513 214004 0 97782 58449 214004 201492 103719 211564 47071 66466 211564 108588 153862 154289 195406 212204 181722 229078 154356 155686 103719 2553 14728 26434 195406 225105 154289 228497 202913 103719 211564 2591 230711 132560 37084 201307 36146 211640 154353 211834
206387 0 206387 0 108565 2547 154016 3457 2580 229078 1795 144991 225565 81322 104136 192713 229078 0 79479 212475 142532 37388 0 0 153273 223525 0 0 45105 14728 157248 235488 162859 81322 211640 148793 14728 73592 144995 155337 154016 3457 2580 96131 160489 40526 232853 92143 123266 0 14728 96131 195761 0 103719 211564 40275 154289 211564 0 75344 212475 142532 26694 96131 58165 103719 73896 79479 2729 229817 0 218938 154289 96131 45105 161568 14728 110079 14728 218938 148793 0 0 0 14728 180767 0 230243 43818 14728 51536 154289 211564 53968 96131 215105 14728 144991 230243 60209 37388 211564 0 103719 0 216646 19128 211564 143422 210896 53968 73595 49726 103719 211564 201354 154289 104136
211564 217710 34570 211564 217710 34570 0 0 103719 184116 106711 14397 155720 37388 150562 0 107266 229078 211564 210593 155720 211564 50025 233215 211564 232827 124770 230243 233190 37388 102844 0 230959 25239 211564 202561 155337 32268 38675 211564 217710 34570 37388 0 0 211564 155720 229078 50024 103719 2408 211564 77879 163135 214683 166386 103719 2409 20119 211564 143322 211577 154289 211564 170677 155720 154289 0 211564 202561 106711 205291 214004 207868 166386 103719 211564 21443 154289 0 103719 143322 20119 212204 213307 184115 229078 183827 37388 225177 54535 217710 38675 107520 211564 210896 217710 107520 92143 90017 154289 162859 230959 0 97401 212000 230243 38675 0 211564 0 230243 125207 0 37164 212000 230243 214312 214004 115700 0 230959 229078 152082 127846 214004 211564 217710 197529 212000 0 125207 210937 115737 0 14728 201528 0 212000 230204 103719 211564 155720 211834 17824 13123 0 0 229078 151148 0 106711 14397 0 13227 94900 13090 94173 127750 0 94900 152375 58422 94900 127755 0 211564 57780 154289 211564 137420 0 0 106711 13090 70629 214004 26117 133505 214004 0 0 211834 106711 144135 0 14728 195435 20119 76192 211699 0 19547 214004 26117 123266 12973 232108 0 211564 217710 63660 94900 19547 97401 214004 85439 97401 127722 0 0 230959 106711 97062 95043 230638 94900 187959 14728 176891 211520 94900 63743 152082 127722 96131 16352 142930 230711 211564 63660 87519 0 106711 0 214004 0 14728 210194 96131 214004 87301 192713 152375 228777 214004 208059 214004 0 127496 154289 162859 17824 49570 157515 154289 46303 212000 208059 7973 211564 21443 229667 37164 230711 211564 0 16796 212000 17824 225177 0 14728 201304 208068 7973 230978 211564 217710 106711 87591 214004 45741 79479 97782 34570 0 208069 214004 96131 81148 0 7973 99821 192713 94173 127729 0 73595 195338 212000 230243 45105 217710 107520 161127 37388 192713 63743 152082 177295 97401 37164 192713 106711 225177 0 20119 211564 229494 211564 217710 106711 0 20119 96131 0 49534 103719 232108 0 14728 211564 80175 154289 211670 195400 7973 127241 80017 214004 211564 229776 0 152375 87519 214004 0 14728 19547 79479 15713 130386 0 230742 192713 228777 214004 86505 214004 0 214004 202463 97401 127775 0 0 187959 94900 231473 86505 96131 211564 0 102493 192713 231473 131133 127722 214004 97401 0 10593 14728 87519 105138 232108 97401 20119 211564 229776 42271 0 210194 0 211520 94900 231473 94564 214004 228287 26694 97782 133501 214004 0 39206 26117 50550 211564 217710 97443 106711 127241 79479 86366 214004 133524 14728 94173 19519 214004 190122 0 57781 0 176891 94900 148638 214004 222417 211564 127722 0 174293 197529 94900 19547 214004 26117 106151 214004 211564 229776 20119 211564 42270 94900 172993 211564 0 103719 0 65385 137851 49534 232108 211564 149757 211520 211564 217710 94173 45828 0 214004 26117 97782 231238 73658 106711 0 14728 0 0 0 106711 20119 211564 217710 159016 94900 106711 171634 26439 97782 57780 106711 152375 211564 0 211564 217710 231238 14728 94900 97443 94173 26631 130085 0 37164 94900 106711 13123 232949 26439 0 94173 26486 225177 102939 0 49534 103719 14728 0 0 230959 17824 152375 32895 0 94900 187959 211520 211564 163529 230959 0 0 94173 0 0 0 103719 14728 210194 0 214004 199415 94900 187959 211520 0 229078 0 14728 211699 0 214004 94594 0 0 0 229078 211699 73982 37388 0 97443 0 87519 130032 230711 192713 95043 212204 103719 96131 0 192713 212127 0 106711 0 212204 73592 131156 0 0 211520 94900 97443 20119 172946 211564 0 105890 96131 65385 94900 61448 152082 176889 107266 229078 167607 0 211699 0 211520 192713 92143 172946 96131 0 103719 211564 166386 154289 0 0 192713 0 0 14728 0 97401 214004 115700 96131 94900 115750 96131 211699 94900 106711 207888 214004 170647 214004 26117 73982 19128 94900 106711 207888 21857 0 103719 96131 0 155357 10253 140533 0 79479 0 192713 0 97401 214004 179984 211564 149841 57919 214004 226577 96131 211699 192713 61556
35781 198721 35781 198721 106711 195254 0 12341 107266 106711 195254 214004 220704 197529 107266 106711 222419 19128 215793 12341 107266 106711 152082 222419 103719 211564 176858 232891 195338 107266 106711 152082 225177 68273 214004 198721 125993 154289 152748 211564 35781 198721 87519 212564 211564 125993 14728 0 73650 152743 214004 211564 149841 155389 102493 212397 218938 152748 17824 103719 211564 233204 156149 107266 231473 0 211670 107266 231473 179136 212204 170800 87591 22689 214004 211564 26732 73650 213307 107266 77655 221763 211564 125993 106711 81839 198727 16352 125993 154289 152748 232108 211564 123719 39206 26117 198727 103719 220575 183194 77879 161076 189950 161076 212164 161076 212204 106711 161076 0 0 154289 211564 12341 0 211834 106711 151115 0 214004 63539 161127 102493 18651 229078 198727 155990 26434 198727 10196 155389 154289 211564 161127 197529 103719 212204 0 211834 106711 78141 0 230742 0 230733 229078 0 69229 103719 211564 55485 161076 155990 152082 102493 152082 211699 55888 106711 70414 103719 211564 28289 40977 211699 18651 106711 198727 13090 49991 154289 212204 0 106711 103719 211564 232974 40977 211699 18651 198727 37388 0 49991 106711
0 212741 0 212741 13123 117085 19128 98644 212741 53180 212741 89263 98644 212741 14728 212741 154289 0 106711 211564 45951 76192 155990 98644 57919 75255 155337 211564 212741 26694 67403 211520 0 211564 122153 0 154289 109392 45920 232108 211564 218842 16740 19128 60209 103719 211564 0 88338 107266 106711 211564 77282 57919 154289 98644 229817 14728 106711 0 37388 98644 229798 14728 79274 37388 87949 81089
98644 187511 98644 187511 81322 211564 122246 0 0 106711 211564 57919 10196 87949 81089 107266 106711 211564 57919 26694 67403 14728 211564 122153 57919 154289 98644 229817 103719 230742 45965 170104 79479 67403 212204 57919 0 211564 57919 211520 109392 45920 31473 120942 103719 211564 214430
0 0 0 0 229078 210766 214004 60208 137278 102989 230742 229078 27026 214004 26117 231016 0 196533 230243 0 13837 164973 186310 0 60209 211564 50394 103719 2306 214106 0 0 106711 50970 14397 73831 154289 0 132560 162859 212116 107266 106711 14397 73831 154289 189129 174865 0 233215 211520 211564 102989 41748 162859 214004 34131 14728 0 73660 212000 215291 212000 228474 7973 19128 102493 212000 230243 103719 0 155990 92692 19557 212000 154423 18006 232108 162859 103719 43817 14728 41748 0 212000 61448 152082 76309 158876 14728 61448 152082 176797 230711 164972 172626 107266 10000 162859 230959 61448 152082 94564 230835 155990 73314 162859 214004 127236 10196 211670
0 0 0 0 0 0 0 0 103719 184116 32619 110897 3051 2604 103719 0 184116 0 0 106711 184116 170924 102041 98182 87323 94900 55486 166834 79479 211564 139975 231379 154289 211564 147865 98182 122906 150025 0 94173 13123 166799 79479 211564 14464 65891 65891 154289 14464 79479 189828 211564 164602 53315 79479 189828 211564 164395 78994 79479 189828 14728 211564 68066 154612 79479 2729 83195 94900 229078 65013 37388 211564 139102 65891 154289 14464 232108 211564 0 157794 165184 103719 211564 2731 150025 65012 94900 232553 211564 201148 55327 232108 211564 14464 65891 155337 110897 2767 155337 132800 2806 211564 154612 215695 0 214004 211564 139975 231379 79479 80217 65012 165184
164439 0 0 164439 0 0 2238 229078 152015 110653 0 229078 32619 103719 143398 14728 88734 211834 19128 0 39322 154289 122624 103719 2283 81322 2283 214004 2288 94900 229078 59972 110653 20119 211564 143398 63100 53054 103719 143398 94900 229078 110653 103719 230638 229078 152013 122153 215773 211520 70414 103719 0 131180 155389 0 103719 172247 94900 122199 232851 19128 63100 0 0 154289 211564 0 63100 53054 81322 2310 214004 2344 94900 122199 232851 20119 211564 0 63100 53054 81322 2344 214004 2366 103719 2366 94900 26434 205332 53054 0 79479 211564 179678 154289 97782 125014
0 0 134939 177812 214004
189129 174865 189129 174865 106711 211564 102279 214004 222417 189121 214004 171165 174865 212204 106711 61621 81322 222475 211564 189129 138108 14728 195275 167584 157515 61619 28439 174826 211564 189129 138108 63743 152082 47227 211520 155389 174806 106711 28409 211454 15713 107266 134939 195275 193919 61619 28439 211564 174826 225177 154423 211564 210766 106711 13123 222419 79479 61621 211789 154289 0 14728 157248 47951 0 214004 53703 73683 230742 233011 12790 214004 0 100381 105890 90031 211949 90031 17824 211699 38675 174826 14728 198218 212116 107266 106711 168985 214004 47227 211520 155389 174806 106711 205079 214004 15713 143422 154289 211949 211789 230243 49742 28439 2369 14728 2501 103719 163217 38675 149657 0
0 121016 0 121016 106711 196936 39216 47071 103719 34867 49374 39211 0 121016 106711 103719 211564 151938 105603 154289 34867 49374 0 121016 106711 155471 77019 99704 81322 211564 0 32497 148448 0 121016 106711 211564 0 121016 104135 179480 151115 230742 106711 220575 211564 0 154289 211564 0 77879 147863 24053 88542 0 121016 106711 117085 79479 26870 60431 79479 100585 14728 157248 231398 8881
0 34867 49374 0 106711 39216 215473 103719 34867 49374 39211 0 106711 103719 211564 199016 160800 154289 211564 0 223381 103719 34867 49374 14728 106711 13123 148448 211564 229121 32497 211564 168624 154289 0 229078 0 20119 211564 2794 0 0 106711 171210 154528 0 14728 106711 13123 97874 171210 0 150025 166800 46166 0 229078 32619 103719 0
79943 148900 34867 49374 79943 148900 106711 39216 215473 103719 34867 49374 39211 79943 148900 106711 103719 211564 149731 79769 151938 0 178092 144846 14728 106711 13123 103719 211564 151928 52153 154289 34867 49374 211564 168624 154289 79943 148900 229078 0 20119 211564 2764 42444 18574 79943 148900 106711 79943 148900 181560 0 181560 14728 171282 181560 211564 79649 103719 79943 148900 17824 160800 154289 39211 0 79636
215203 137943 215203 137943 106711 211564 49939 11886 37388 95140 137943 24053 0 107266 51211 198390 81322 11891 172270 37388 0 177401
0 0 106711 230711 14397 153625 155990 15324 87519 212564 211564 11019 232141 8871 78541 12554 0 222417 14397 0 214004 196833 211640 176309 154289 60193 0 166524 94564 231804 14728 0 15337 94564 136998 230742 212000 202990 157515 37388 222475 181445 11019 212000 39206 0 211640 201492 103719 211564 11019 211564 232812 0 60212 212204 14728 106711 13123 222419 79479 211564 200176 154289 0 11019 231473 181429 102493 107266 106711 95087 37388 211564 89991 155990 102493 107266 106711 0 37388 143689 103647 103719 0 103719 105308 14728 103719 211564 220707 154289 211564 229667 94564 12795 78548 157787 89263 63009 20119 97138 199575 211564 232891 177394 63007 106711 152375 157787 3845 116867
0 0 17824 196600 62783 211520 0 196600 212000 39206 26117 0 47415
214398 0 214398 0 32619 132800 3340 2581 106711 79776 25235 166800 230959 166799 166162 94900 232553 142930 211454 3844 83195 103719 97782 40279 14728 94173 232553 211564 189950 83195 103719 147865 122906 97888 26813 97782 79776 0 89422 0 94900 232553 155389 232891 191406 232108 211564 20364 0 103719 2636 14728 229078 211564 232891 191406 143422 223463 166800 145657 143422 154289 97782 40279 229078 232108 211564 0 81322 2616 214004 2750 14728 103719 2768 37164 94900 13123 166799 232108 211564 149657 235368 0 81322 2754 214004 2767 19128 230072 19128 26870 211564 145657 154289 211564 2636 232891 191406 0 13123 232553 211564 147865 122906 0 0 235488 21842 103719 2629 14728 2639
0 0 110079 142767 32619 108565 1573 2619 106711 14397 13837 69153 145265 170883 63362 14728 195421 94900 106711 28409 117085 37388 97782 200905 147143 0 142767 201307 97782 77879 24053 230711 94900 229078 1163 230742 229078 38675 211564 181358 94900 13123 201307 189950 24053 38675 94797 94900 110117 211564 24053 81322 77879 214004 122153 230711 94900 229078 1795 142767 123266 81322 77879 214004 122153 14728 15599 211520 94900 233011 26117 201315 198103 40279 94900 229078 194796 37388 0 214004 97782 120417 0 177400 230717 94900 178602 97782 189950 71301 188233 142311 14728 150117 0 97782 198357 115700 73651 229078 76212 103719 211564 215778 79479 94900 13123 130085 198357 38675 179328 211681 79479 211564 198931 214004 143217 0 155337 20929 2004 2798 0 15599 211520 94900 229078 201315 97782 120417 0 103719 2798 94900 229078 151407 79479 78054 88832 21847 94900 232553 212475 79479 28289 57116 11886 28289 57116 177399 14728 28289 0 177399 151431 97782 198357 77879 154289 211564 234772 0 229078 76212 103719 211564 77879 71475 154289 211564 0 14728 0 180168 94900 178602 97782 80217 71301 0 155337 58381 3144 2798 94900 130085 198357 213771 36086 100575 79479 211564 2804 15343 77482 0 175627 14728 13123 130085 196936 14728 34626 0 19128 63362 211564 198357 131133 107266 0 0 232108 0 0 229078 222419 19128 0 223811 14728 166834 66466 211564 195440 166800 140490 115440 211564 0 149262 103719 211564 2804 225626 83155 75509 54655 94900 178602 97782 195890 71301 213771 123016 155337 108565 2805 79479 0 0 191551 38675 211564 149262 155337 132800 1365 2806 0 178602 97782 58290 203345 11886 0
44748 177401 44748 177401 229078 14397 13837 177394 120417 81322 44926 102978 107266 229078 80153 37388 211564 35259 123835 14728 164393 44748 211564 120417 229078 103563 79479 31076 198850 88337 145265 14728 67289 181955 14728 182320 211564 120417 198502 229078 225177 204029 26439 211564 177396 145265 211564 131069 120428 61448 152082 211564 120417 229078 156422 20119 0 138608 21607 211564 195797 106711 152375 98682 154289 231529 0 31076 95125 80149 54100 185390 211520 232141 44748 177394 214106 145265 233011 198895 61621 15713 38733 44748 177401 13835 89268 31076 120417 103719 2544 123835 44748 33055 120417 38675 0 177401 103719 2551 123835 35272 103719 97782 35254 164393 14728 212000 178894 0 120417 214004 44748 177401 211564 77879 178601 229078 145725 0 95049 0 235471 37388 84638 0 230742 26434 97900 103719 2555 212000 201307 0 177401 79479 174983 166784 26439 211564 201403 155471 166799 125379 152743 154289 198390 81322 155389 120417 14728 103719 58381 2562 211564 201307 0 177401 79479 108930 145265 211564 77879 127875 229078 170882 103719 2566 103719 211564 26732 123835 44748 229078 211564 170883 37164 122199 211564 37084 229078 93276 37388 175627 25376 79479 211564 88337 189998 14728 231529 0 79479 31076 0 233215 127496 154289 198390 230742 26434 97949 14728 13123 166799 25376 155337 132560 177400 211564 120417 229078 13123 75359 79479 107433 191629 0 230959 166799 155337 143422 154289 211564 49856 44926 198850 177400 204070 19128 65605 134783 230835 14728 25417 127628 0 32895 122199 192464 211564 81978 90017 67320 231678 77761 0 163780 0 85138 195285 14728 164393 0 165077 123835 0 122199 170883 232108 0 14728 156291 0 212283 2557 212000 26761 214004 232840 214176 232108 186063 164482 137047 177399 191551 155389 154289 211564 145280 81322 137047 229078 0 232421 230959 61448 132560 97949 79479 44748 103719 2585 211564 120417 229078 197964 214004 84653 177396 208666 0 14728 2593 211564 155471 160800 154289 211564 37084 230742 202124 74092 229078 211564 177399 203345 0 203349 103719 211564 138908 211564 0 154289 44748 177401 229078 197964 214004 0 177401 211564 5130 15581 154289 44748 177401 229078 42267 37388 152743 154289 42112 76217 89263 18972 230959 92143 177396 79479 44748 103719 211564 2746 221205 125379 176781 120417 97571 190510 26706 178607 191406 154289 33384 0 211564 232840 154289 44748 18983 19128 144201 229326 126136 228616 31239 0 14728 46166 28094 44748 177401 229078 203720 154289 211564 2768 77482 0 177401 37388 0 133651 28229 211564 168853 154289 123835 44748 0 0 107266 35272 214004 211564 46748 211564 43769 154289 231529 0 0 211564 71045 144201 229326 109070 233149 126136 228616 49385 193790 14728 0 108345 28552 117083
0 0 13123 38675 164968 211827 106711 222419 214004 216359 158876 37388 222475 138121 204070 19128 0 211827 0 193790 229438 0 229483 211827 14728 145192 202958 0 0 166834 14397 103563 182302 103719 211564 177418 154289 203131 161383 107266 13123 166834 131069 182302 103719 216365 45105 232108 42726 0 14728 103719 0 0 0 94173 212475 130919 41477 230742 17824 0 0 14728 0 0
125993 154289 57130 125993 154289 57130
0 0 0 106711 108588 47071 107266 106711 160800 154289 0 169934 0 106711 103719 211564 151928 160800 154289 211564 169934 14728 74844 218938 48352 211564 158552 48339 14728 0 48339 0 32505 211564 215473 154289 0 214004 211564 198989 8816 211564 32497 214004 211564 151901 103719 0 169934 107266 32505 211564 47024 154289 0 14728 0 211564 47071 229078 95135 56974 155337 132800 709 2798 37388 211564 2798 0 67346 14728 217871 14728 37388 121947 77824 28439 132800 14728 3942 20929 2798 132560 162859 123266 0 211564 168624 230204 64834 37388 7973 5056 162859 155990
227233 0 211564 227233 0 106711 175921 154289 0 14728 0 170882 37388 227233 195338 2551 26694 2625 212000 230243 11019 232108 211564 70673 103719 211564 176939 10196 2625 211564 70673 229078 143807 214004 211564 81351 14728 229254
0 177034 0 177034 229078 77301 103719 151778 66466 211564 178335 154289 68156 225410 154289 70687 211564 177034 229078 123146 37388 181821 0 154289 0 151778 107266 201307 103719 110829 0 0 177034 201307 103719 0 10196 196936 90017 154289 161977 168494 162859 88365 214176 214004 171513 10255 24928 230959 92143 202371 211564 49742 121387 123016 211564 168494 162859 214004 61497 154289 100545 211564 122864 229078 181821 0 211564 161977 132811 1795 115807 105890 152022 14728 83940 155337 0 95090 212000 20655 211564 205281 154289 211564 0 162859 154289 152022 100524 154289 161977 230243 115718 14728 3844 230243 39954 14728 73982 103719 152022 181821 0 229078 39954 95534 103719 211564 215459 154289 127034 14728 211699 93349 20119 152022 41262 155337 58381 0
180613 83155 180613 83155 155990 180613 8856 106711 219051 154289 145265 8856 225626 83155 211949 83195 143430 79099 68769 155337 57137 155990 0 211564 166817 154289 145268 105308 166801 145387 170227 37256 103719 213307 232108 49621 81322 211564 83155 230742 17824 103719 213307 232108 211564 180613 154289 198357 63844 197529 231473 41747 211564 83155 171455 155990 21546 214004 57116 155990 166784 211640 105296 52302 212746 0 89266 189270 211564 83155 39206 26117 166799 232108 93203 51437 212407 61621 51429 60759 94564 26631 130085 214004 166784 180613 83195 204070 19128 90854 14728 65583 0 79479 145268 105296 83195 14728 170245 0 38675 57116 0 211520 211564 166800 145387 201812 155337 79479 57137 83195 211564 0 79479 211564 233687 4266 12799 211564 166800 214004 222417 211640 230964 31473 214004 51429 211564 83155 37388 0 211640 143814 198218 83195 94564 144571 141194 230717 166801 39206 166784 19128 136992 154289 24053 155990 57116 53916 155990 49915 10255 67181 157248 211564 2637 213769 0 211564 176115 229078 211564 77879 104555 180613 83155 211564 25291 60286 154289 211564 83155 26434 161515 211520 122199 180613 83195 79274 103719 2638 0 0 201307 168612 79479 180613 83195 103719 108586 211564 49856 145265 63276 0 178602 132560 145265 83195 157787 211564 149841 191779 234783 211564 143422 204029 154289 211949 229078 57116 0 83155 57116 57116 180203 230742 229078 13123 211564 155471 155389 214004 8599 121947 204024 157685 154289 108586 211564 83155 203498 229078 0 37388 132560 157248 83195 221763 211564 178601 154289 0 90854 96395 211564 83155 229078 105198 37388 195181 67276 108588 83195 37164 0 9054 181955 145265 10974 20119 230384 20800 211564 204024 154289 211564 83155 180173 211564 84851 14728 218938 0 204029 0 230243 32619 103719 90854 96395 14728 211564 122199 181955 24053 211564 204024 154289 32895 74170 211564 51000 225626 83155 133257 14728 107433 0 37388 2768 180613 83195 230243 50970 214004 26117 155389 154289 211564 143422 168604 225626 83155 84853 26813 157248 8856 83195 99838 26439 211834 230243 197529 132560 199837 81322 211564 52013 213775 103719 2772 211834 229078 148458 5055 65495 103719 185739 79479 145265 83195 41756 211670 214004 188064 166577 79479 82092 74176 103719 2794 180613 83155 155990 180613 8856 106711 0 154289 8856 83155 211520 43289 166800 190997 154289 180613 14728 103929 57116 83195 204070 19128 57116 57116 180203 14728 157248 145265 83195 204070 19128 64286 0 14728 90854 96395 211949 83195 43285 211564 166800 214004 170227 211564 181060 37250 20119 211564 181060 213307 211564 189422 193961 230742 37250 211564 166800 193890 170227 149841 14728 211564 83155 21847 167587 79479 26870 155337 211564 26256 211564 84851 13123 103929 83195 211520 135993 32895 180613 14728 166156 103719 156149 214004 211039 166800 195435 7859 103719 9079 214004 180613 198218 83195 134939 43285 211564 166800 214004 51429 211640 227306 37388 135998 99821 93681 212000 170227 67181 37250 230753 198390 39206 26117 194737 176818 232141 94594 163140 211670 26694 166801 222563 169516 214004 134191 142930 61641 198390 14728 191704 157248 180613 83195 154333 43285 195181 214004 211520 154289 195226 187959 230717 211564 166800 145387 229231 178778 14728 179136 49983 191238 154289 37250 103719 198218 180613 83195 211564 189422 231473 62853 14397 21546 230959 163146 103719 179655 214004 211564 166800 37250 99838 212000 17824 222563 103719 211564 22725 14728 211564 21546 106711 124118 103563 214004 211564 166800 211454 107266 106711 214004 0 103719 195440 141194 211564 166800 21546 231473 49915 10255 50113 155863 230753 144638 141194 231473 12790 218938 166800 0 214004 49915 94901 211564 168612 154289 180613 83195 94173 53704 133257 79479 61621 0 211949 103922 223834 154289 0 230742 127236 125207 145268 105308 204070 19128 90862 65621 155990 0 57116 0 79479 222417 103719 57137 83195 179398 211564 166800 214004 201812 155337 170245 0 215716 51429 0 134939 13123 26117 222419 211564 84851 94173 26631 215623 22689 214004 211564 69153 83155 195226 106067 37388 99823 143185 14728 175627 0 211564 122308 13123 106067 211564 0 0 103719 2600 166801 207868 218565 0 104009 49996 191238 154289 37250 0 14728 211564 83155 0 211564 38657 14728 179655 0 222419 37388 122199 145265 225626 83195 57116 0 229078 178602 103719 2616 14728 12795 166801 214004 53703 145265 37388 0 155337 150721 169353 0 0 107266 94173 26631 38675 211564 77879 180613 83155 103719 0 211564 122199 0 211564 176115 94173 13123 26631 53744 19128 211564 77879 180613 83155 19128 230072 19128 155389 154289 211564 77879 145265 83195 103719 84653 211564 83155 179395 166801 214004 170227 37256 52334 214004 211564 156149 212000 16801 155337 212204 25291 0 233011 79730 211564 52013 154289 82202 180613 83195 211564 204024 154289 0 211564 176115 0 168612 154289 211564 145265 83155 84851 221304 143422 157248 83195 103719 211564 84851 211564 83155 13123 76212 49975 156418 198931 14728 87949 167073 0 0 178602 103719 108588 0 103719 2638 229078 63362 180613 83155 230742 76212 37256 120942 157515 125207 114739 12974 232108 183551 0 211520 127238 125207 177394 211564 83155 229078 205482 97900 0 0 83195 14728 145265 63276 214004 43564 107433 147143 214004 0 103719 98992 154289 211564 83155 14728 214004 211699 26726 0 232108 157248 180613 83195 157787 211564 149841 77019 234783 155389 154289 212397 0 0 76212 90854 51437 230753 211564 80439 51320 214004 177140 149657 17495 225109 103719 108586 107266 229078 149622 203173 0 157685 154289 211564 52932 12798 0 214004 0 155337 211564 79799 191779 234783 122199 232108 211564 230384 90854 96395 195184 0 81322 2640 222419 65583 116394 51437 14728 52784 26117 125674 232108 0 79479 0 108290 191630 191779 234783 26694 211564 50229 16801 103719 181955 24053 2639 168513 145265 83155 195181 214004 0 76217 144639 49300 37256 229078 13123 204029 57116 57116 180203 178602 103719 2639 229078 180613 83155 103719 230742 166801 57121 155337 170245 191012 0 103719 213307 232108 155337 49621 211564 83155 229078 97169 204029 152082 155471 103719 108586 37164 0 221304 83195 204070 19128 0 0 14728 0 212407 0 92143 198218 204024 103719 73312 178602 211564 186152 234772 0 0 0 0 18574 195181 57137 211683 214004 57116 57116 180203 37164 70135 142930 51486 105035 138108 211564 83155 76212 49930 155389 25686 14728 13123 12795 211564 166800 142930 80769 211454 151827 80147 103719 180613 83195 0 229078 178602 37388 0 211564 53721 154289 0 211564 176115 103719 2640 14728 13123 61448 152082 222417 105296 0 103719 212204 83155 166801 92143 214004 0 211564 171455 212564 14397 0 53044 37388 170237 37256 20119 211564 52293 213307 211949 53048 230243 84687 103719 229494 211520 0 155337 211564 22725 145265 14728 166801 52784 126498 211640 158183 145265 214004 166784 12974 230753 107266 229078 169598 79479 107433 221149 203498 14728 0 0 107433 195254 224250 89025 171652 61641 214004 133257 14728 211564 83155 229078 149622 178602 103719 151901 13835 0 0 58065 0 178602 103719 2640 14728 155337 0 103719 2731 76212 0 143498 0 0 211564 83155 130085 222417 154289 197646 83231 12798 218938 166800 83186 14728 171687 0 79479 0 103719 2747 0 151115 0 49478 215716 108588 65621 232108 51244 168513 145265 14728 26434 97169 204029 103719 108588 0 211564 83155 229078 122199 178602 155337 51003 103719 211564 230338 19128 0 65583 134191 14728 211564 80439 51320 214004 177140 149657 0 103719 108586 0 131807 76212 90854 171455 234783 26694 211564 178601 154289 90854 96395 212407 211564 83155 70135 51486 176333 211454 90854 51437 0 131807 53721 0 0 82092 53704 0 0 0 180613 83155 79479 211564 150721 65709 222475 107433 0 76214 230742 229078 97169 59336 0 213769 14728 123146 214004 191231 103719 108586 14728 230384 223815 154289 211564 83155 103719 69409 26256 10365 0 49856 79769 81322 50113 145265 90017 20119 140583 103719 2636 178602 80966 103719 2747 211564 83155 12795 211564 166800 214004 51429 144639 105308 14728 84087 76313 154289 142930 53717 51429 211564 83155 229078 230072 37164 107433 8112 203498 61448 152082 12790 211564 166800 214004 86505 163135 19128 103719 157248 83195 14728 212746 171652 61641 214004 133257 80966 229078 79274 37388 195181 83155 0 103719 2754 0 122199 178602 142930 0 65412 0 145265 83195 103719 0 180203 14728 0 2754 14728 2757 179633 64286 0 60716 37388 0 79479 150721 14728 178602 103719 2754 2757 103719 151901 13835 8600 231130 204024 65941 214004 107433 222417 154289 150721 64286 117662 80439 90854 96395 60716 37388 0 229078 178602 103719 2760 37388 211699 178574 221276 172271 0 211564 83155 229078 105198 37388 0 37164 230753 211520 83155 92143 222419 108588 168513 145265 90854 96395 76212 230384 181955 145265 211564 83155 180173 211564 180613 84851 230742 37388 212204 213307 92143 26761 214004 85439 0 78655 232108 57116 57116 180203 191233 14728 0 211564 83155 92143 191779 191233 232108 211564 80439 67303 142930 211454 29445 103719 185739 211564 212164 83155 229078 211564 28289 83155 103719 151901 13835 103719 2767 0 122199 181955 24053 80439 230742 13123 67295 103719 73891 154289 29445 222419 144639 105296 0 14728 0 144638 12798 166801 214004 166784 19128 81807 24053 211564 90854 96395 80439 79274 204357 232108 90854 96395 232891 215356 60716 37388 0 176333 211454 0 90854 96395 0 25239 155337 199476 24133 204070 19128 0 14728 0 230243 122199 172270 9080 198390 52784 26117 172743 155337 211564 105707 14728 9054 214004 90854 96395 14728 181955 24053 83195 18983 231007 232878 94564 26631 76212 103719 211564 83195 94564 13123 0 81322 0 14728 104006 0 103719 218527 0 82092 185739 154289 211640 232840 211564 204024 154289 211564 90854 96395 14728 181955 24053 0 0 211564 51000 225626 83155 133257 14728 107433 0 232108 211564 168612 154289 211564 145265 83155 65425 104006 185739 154289 51003 103719 2768 107266 229078 179231 211520 211564 145265 83155 92143 26486 211564 189950 143422 168604 225626 83155 84851 103719 211564 26813 8856 94594 0 200213 232108 5224 154289 166801 26870 76506 0 79479 211564 225626 83155 133257 50970 2772 214004 26117 54102 214004 82092 204024 154289 211564 84851 32895 211564 90854 96395 14728 181955 24053 0 74170 103719 212204 234772 232108 149657 83195 155337 157248 83231 166711 103931 0 83231 60759 14728 141117 164622 14728 232108 213775 0 215448 199476 84853 155990 0 204070 19128 24053 96395 79479 168513 145265 14728 123384 181955 24053 79479 235494 166801 185739 154289 145265 83195 230243 64834 103719 211564 77879 92692 154289 211564 234772 212407 160800 229078 20670 214004 77021 0 154289 211564 105296 0 230742 166801 92143 13090 172743 14728 52784 0 79479 157248 83195 99838 212407 14511 92143 74195 211520 221179 201367 185739 154289 90854 96395 14728 214004 26117 97138 47948 214004 155990 0 155389 139506 221187 67181 103719 211564 77879 142521 154289 211640 178601 211564 179762 185739 152748 230243 127801 37388 148458 92692 154289 211564 0 212407 194833 154289 211564 103397 154289 211564 122184 0 155337 211564 225626 83155 133268 230243 50970 74898 103719 127801 185739 107266 229078 13123 207888 19128 194776 154289 211564 0 168612 154289 211564 213775 152375 50970 214004 26117 0 211564 133257 19128 179758 0 94564 127803 0 79479 82202 145265 83195 0 79479 185739 154289 63362 96395 0 154289 90854 96395 172270 37388 0 94564 26631 177706 81322 139506 221187 103719 211564 77879 174030 154289 185739 103719 211564 221179 0 214004 155471 5538 82092 0 214004 211564 58486 106711 211564 120587 154289 0 103719 211564 84851 19128 204070 83195 94564 152082 43566 211640 25291 166784 141197 157787 211640 122153 191779 83195 122873 214004 51169 26489 124118 125217 214004 37298 9080 213775 215203 185739 154289 180613 83195 94594 176792 29445 103719 2768 176792 155471 5970 139506 103719 2772 232108 0 0 211564 133257 231473 191706 20119 211564 186152 95023 5056 139506 124353 190178 37388 211564 38657 154289 66583 191406 211564 229621 133257 79479 180613 225626 83195 94173 53704 0 68258 0 32895 83155 60720 14728 0 172272 14728 0 94564 177296 211520 103719 2794 143422 51169 125217 94564 155389 155990 142930 191688 154289 105296 51437 93755 20119 211640 98741 14728 211520 82092 185739 233011 26117 170482 65412 37388 197819 185739 14728 9080 51258 0 0 22689 107433 2794 90854 96395 178601 188401 214004 111067 218938 81807 83195 177710 211564 152743 154289 0 81322 3340 103719 2772 214004 389 103719 2794 0 94173 13123 47950 198218 154289 107433 103719 60720 103931 0 0 90854 96395 63276 14728 220635 60722 34770 211564 178724 70137 14728 19780 220575 211640 158183 51429 0 230742 92143 170366 158851 0 1574 139506 79479 211640 163135 26813 181955 24053 103719 2767 17824 152375 190159 214004 85439 203909 0 155337 211520 14138 65941 214004 211564 229618 185739 103719 2772 0 106711 13123 190159 214004 82092 177705 52635 37388 0 149657 58124 232108 145265 172272 214004 177705 211564 52635 19830 232108 145265 0 79479 211564 181955 24053 191406 66466 211564 212164 174030 154289 2794 0 26706 190159 0 79479 0 0 212000 61448 152082 94564 211564 68272 14728 39697 214004 58113 232108 211564 52595 154289 0 225626 83155 60719 49866 232108 58594 225626 83155 172272 211564 115941 154289 162859 37303 83195 229078 43587 14728 212000 228772 198250 61621 180613 83155 60720 216810 214004 9048 149657 76214 214004 211640 83195 181955 24053 14728 9054 149657 0 90854 0 212000 13123 9054 115941 154289 83155 166784 214004 95750 166801 122961 99821 214004 98445 211640 77630 19128 102493 166817 176858 90854 60375 211949 149657 141250 185739 154289 145265 83195 230243 202124 127786 103719 2794 90854 96395 229029 154289 181955 14728 63362 96395 197964 155471 6586 14728 5456 51761 103719 151901 13835 66466 211640 77879 229817 154289 185739 179633 192565 51397 214004 90854 96395 102721 230742 92143 190178 148458 139506 221187 103719 107433 77879 229817 103719 2768 14511 154289 145265 83155 185739 212564 154016 2794 193919 149289 185739 154289 18574 2730 139506 212564 154016 155389 154289 211564 180093 79479 145265 83195 79479 211564 186152 163217 103719 2768 14728 211520 211564 133257 231473 125217 152082 34131 4547 139506 37388 211564 70392 154289 211564 234772 70392 234772 185739 230243 124118 211454 3844 139506 37388 211564 70392 154289 2794 211564 180613 133257 104837 0 37388 83155 0 232108 105296 0 229078 50970 230072 161173 107433 170497 14728 94173 193121 215448 0 51258 14728 169146 105386 232108 143498 51429 206745 0 211564 0 103719 180613 83195 0 0 211640 90854 96395 63276 103719 76226 2798 0 49974 107433 185714 154289 0 103719 122184 2794 214004 14397 106126 90017 214004 12790 107266 214004 51318 60721 181955 24053 14728 57116 42521 155337 107433 158183 0 204277 211520 211564 133257 79479 211949 219063 154289 0 180613 83195 134939 26117 0 79479 212475 214004 78054 234783 10196 230742 212000 134939 0 155337 149657 51003 155990 25239 155337 61621 63093 141210 204070 19128 203169 79099 155337 0 51258 232108 211564 105970 154289 143498 51429 214004 32895 211564 233687 4266 212564 0 14728 211564 166837 212564 166837 143805 103719 2794 14728 2798 12974 232108 74101 231279 143498 51429 198218 0 27026 211564 180613 133257 233011 0 212564 149657 229438 154289 57116 225626 83195 14728 24053 155420 211520 222417 166706 0 214004 0 176858 8860 83195 204070 19128 57116 42521 14728 45081 154289 67924 17824 12554 83195 25239 155337 211564 149657 143498 0 209758 10974 214004 70353 142930 0 57116 0 104318 0 27025 211520 19128 185739 154289 145265 83195 0 0 0 0 57116 83195 12974 232108 181445 168612 154289 168513 145265 231473 51318 214004 0 79479 198218 213307 57137 83195 204070 19128 111067 57116 14728 57116 42521 0 122184 185739 57116 42521 229078 211564 214756 83155 79479 211564 0 103719 151901 13835 103719 152302 2794 14728 32895 83195 123146 214004 14397 4377 104005 103719 185739 49866 214004 152302 2772 8412 214004 0
67320 57919 67320 57919 106711 57919 211520 106711 105425 214004 0 21849 14728 0 79479 211564 67320 147963 71211 66466 67320 57919 211564 232891 0 73658 214004 218527 154303 12554 0 125137 67320 57919 229078 80153 37388 221179 201367 190873 0 148900 19128 14397 71212 209597 77879 95534 155337 17007 3051 2589 0 211564 189975 154289 221179 147905 20119 211520 213307 94173 177296 107266 230753 211564 77879 67320 57919 79100 155337 211564 221179 201367 14397 156296 122389 37388 59658 94718 230959 229078 211564 156418 147865 0 103719 2589 214683 107266 105688 103719 2625 14728 156301 73589 103719 0 147905 107266 106711 42267 103719 142930 211454 0 52931 107433 147143 14728 50229 229078 0 37388 110079 0 103719 2585 20119 220854 50497 103719 186339 80460
0 154289 109392 211564 0 154289 109392 39206 26117 80147 103719 134615 133240 128353 14728 110079 19128 230072 19128 103719 198218 154289 211564 88338 152082 103719 211564 28956 37164 17824 126612 130939 232135 211564 212475 0 88338 212000 179257 114734 160800 154289 211564 209601 154289 109392 79789 16982 155389 212164 154289 97782 177396 209602 45965 166386 97138 70106 155337 211949 0 195338 212000 17824 211564 232827 154289 109392 212000 17824 27026 214004 26117 230638 211564 75861 94173 209242 104149 37388 14728 109392 0 17824 0 195254 14728 0 202517 154423 232108 0 14728 67181 0 137831 188780 94564 49666 211520 13227 211949 0 190173 195254 211564 137836 212000 0 17824 58646 14728 42521 214004 211564 209602 154289 109392 132560 154289 109392 0 177812 214004 195254 73652 212110 204070 19128 232528 23416 34115 0 154289 211564 0 131807 0 155337 97782 148792 64394 20119 150392 0 154289 211564 81148 20119 150392 155990 211564 0 154289 0 0 0 154289 211564 87949 0 235012 212000 58113 232108 131069 178661 211683 204070 19128 211564 90060 154289 211564 115973 154289 87389 211564 103560 154289 169724 14728 211564 135966 154289 127722 103719 230384 47129 211949 0 79769 211564 171597 79479 211564 210766 0 14728 103719 211564 141226 10337 73569 14098 212397 230959 117071 126136 154289 211564 28956 211564 0 154289 109392 178719 198218 154289 211564 28289 117085 202517 103719 211564 232891 19128 216044 154289 211564 95167 232812 0 211564 232812 0 39206 13123 177812 214004 0 103719 12554 213330 103719 211640 97888 211564 109486 230243 75328 232108 209601 37388 135976 154289 0 14728 152743 154289 0 13123 74091 103719 211564 154868 211043 211564 222417 154289 0 37388 109392 229078 95936 147963 209601 138108 211520 77990 105890 211564 215715 154289 97782 213307 211564 0 154289 109392 94564 26631 174575 209242 14728 62600 195338 211564 225177 0 154289 45960 211564 212475 0 88338 51200 211564 0 154289 109392 211564 88337 154289 110079 51211 155471 211564 202517 154289 211564 0 14728 87949 192959 230742 198218 50963 214004 26117 0 69626 107266 103929 0 37164 151115 0 191779 21278 204070 19128 24498 0 0 0 155990 64162 0 0 211520 0 17824 0 8058 81322 211564 88337 154289 110079 211564 41566 70382 201367 211834 17824 151115 0 103719 200764 110079 88337 103719 211564 0 229614 0 212180 103719 12554 37164 198218 94564 175430 211564 152743 73569 214004 195896 37388 103931 0 74360 211564 88337 154289 128353 51211 32895 211564 121959 215203 152743 154289 0 3244 14728 68600 221149 0 211564 88337 154289 134615 51211 3144 0 154289 230742 69282 17824 221149 14728 211564 88337 154289 133240 51211 68599 0 154289 230742 218938 17824 221149 103719 93926 154289 211564 88338 53289 14728 0 171676 88337 93926 79479 211564 0 25239 155337 211564 79278 52944 155471 103719 134615 709 155471 103719 133240 155471 103719 128353 2195 134615 14728 128353 134615 133240 14728 128353 212000 125993 151115 0 79479 211564 88337 154289 110079 0 20670 214004 109392 17824 13123 80147 103719 157248 63687 16505 81322 211564 28956 198218 154289 211949 0 212397 103719 211564 0 88338 14728 198218 17824 152082 160800 154289 211564 28956 211564 151431 88337 154289 212263 51211 221873 214004 77279 0 69282 154289 230742 94564 0 103719 211564 80175 0 88338 211564 221276 21257 154289 211564 88337 154289 212263 61448 152082 94564 199447 232812 79479 0 131180 107266 61641 214004 117071 230638 94900 50970 0 212397 221149 214004 212263 103922 211564 0 154289 211564 0 14728 211564 0 154289 211564 70173 108630 211564 0 0 154289 108345 13123 51211 212475 221149 0 20670 214004 109392 212000 17824 117085 19128 211564 0 154289 211564 67252 154289 88785 211564 0 154289 211564 88785 154289 230664 14728 211564 0 154289 211564 57718 193738 211564 0 63677 106711 190178 19128 198954 79479 198218 154289 211564 0 103719 134615 128353 14728 212263 103719 211564 88337 154289 134615 1163 109392 171686 14397 15797 230711 19519 7973 97782 222417 154289 0 211564 62482 38953 214004 97401 14728 19519 231016 63539 235471 199415 214004 211564 162859 103719 0 94900 0 33529 117081 154289 211564 189990 154289 211564 115973 154289 95125 94173 26631 86509 214004 235471 37164 152082 214004 211670 0 94173 231473 26117 86509 142930 14728 94900 231473 94564 14397 0 0 63743 152082 94564 73569 230638 94900 94173 231473 26117 207888 81322 97401 212204 106711 231016 199415 214004 211670 103719 0 33529 190154 212000 63539 152082 190122 212407 95038 212000 63539 152082 95034 155990 220704 230753 14728 134939 204277 211520 109392 233011 155471 199415 214004 211564 0 103719 0 230753 103719 170677 74266 73660 214004 97782 62482 141226 188780 63539 152082 205281 211564 170677 74269 18015 14728 0 211520 109392 222419 0 19128 209601 138108 66687 0 204286 211520 86509 211520 109392 154423 0 214004 140760 20800 154289 0 14728 151431 94900 222419 0 214004 180059 211564 217599 214004 198218 37164 97028 107266 81322 157251 45951 21257 0 0 204286 211520 109392 51121 97782 0 25239 155337 97782 63259 117081 154289 99821 131807 39206 26117 209242 212204 229078 141194 154289 209601 230742 157480 30724 127357 190174 214004 207868 199447 0 103719 0 14728 229614 134939 26117 174507 205386 211520 19128 94900 116951 230638 229078 103719 131807 28409 211454 229614 117071 94900 233011 152082 94564 209242 37388 0 102493 94900 92143 152082 76498 211520 212204 229078 211564 115916 154289 209601 28289 0 214004 157480 228777 103719 211564 2652 42593 0 14728 0 201356 211520 103719 211564 0 154289 109392 211564 103127 32694 81322 211564 226558 232891 106711 8386 37388 217599 81322 211564 106144 199935 232891 14728 211520 211564 0 154289 109392 17824 152082 0 0 230742 191536 211564 172826 154289 0 37164 17824 105679 0 230717 147986 26488 232160 79479 211564 199935 232891 195184 103719 211564 2943 42593 38703 0 14397 0 202561 232108 0 135966 231512 0 201367 211520 211564 0 154289 109392 222417 75328 73833 214004 122855 137055 139754 215448 0 50234 94900 204286 211520 109392 61448 152082 79730 97782 0 137472 19128 0 37164 25239 155337 14397 0 0 28439 211564 147963 14728 211564 199935 156149 152743 154289 0 230742 17824 9281 103719 155389 155990 142930 88338 94564 195181 211683 211564 0 154289 211564 0 79280 211564 0 154289 211564 145410 190129 103719 134615 14728 128353 14728 192523 211564 211681 154289 211564 115973 154289 95125 90050 81322 196936 0 211564 0 154289 211564 97022 216352 14728 0 154289 211564 161960 79730 158917 0 211564 89263 223467 154289 211564 115973 154289 95125 14728 211564 148622 79479 8856 103719 0 107266 211564 0 154289 211564 127491 192770 127491 48823 14728 127491 0 198311 79730 216989 103719 128353 58120 232108 127480 14728 0 211564 0 154289 211564 75120 191533 14728 0 154289 211564 210381 0 9281 103719 134615 106171 228298 79479 0 14728 94564 14397 0 211681 26117 170105 79479 211564 57919 154289 0 211564 0 154289 211564 0 211564 0 154289 211564 180765 79399 211564 0 154289 211564 0 0 216402 14728 211564 0 154289 211564 0 0 216402 13123 94564 0 211683 157248 0 201077 12973 204070 19128 211564 0 154289 211564 0 191533 58120 232108 0 211564 0 154289 211564 87949 0 58120 232108 169512 127722 14728 211564 0 154289 211564 81148 20119 150392 58120 232108 0 103719 169724 154289 211564 212180 155990 197529 0 103719 211564 0 88338 80175 230243 193952 103719 136204 18807 12927 214004 211564 0 154289 211564 157251 37164 152082 140760 103719 232108 211564 147620 188292 154289 211564 125014 154289 45920 211949 230243 211564 210381 0 211564 180765 131807 14728 0 211564 0 198311 14728 211564 87949 0 18983 75359 79479 0 0 103922 133651 0 0 211564 69009 0 14728 0 0 211564 232853 103719 211564 0 13123 16807 103719 67289 136204 232878 81322 211564 178888 211564 152748 193952 0 196685 14728 211564 223845 188292 154289 211564 0 198311 26434 211564 47565 76027 232108 211564 87949 0 13123 168604 0 0 130085 75359 0 154289 211564 0 198311 14100 211564 165471 0 168604 203720 103719 211564 151938 178888 14728 0 59877 211564 202561 191779 213330 13227 20119 122983 155389 154289 97782 232878 211564 0 198311 103719 211564 0 168853 154289 97443 19128 211564 198311 0 232108 97782 231238 106711 125207 132560 18983 0 229494 154289 0 84851 0 188290 97782 122184 179984 154289 211564 0 198311 0 145225 200764 163800 106711 155389 154289 97782 143422 168604 232878 19128 230072 19128 26870 59877 103719 18807 14728 62600 103719 171368 152743 154289 0 79730 211564 105194 79479 178661 167492 14728 0 79479 73831 211564 101186 211564 0 14728 150673 37388 69426 0 2343 106711 105198 37388 211564 0 154289 211564 127491 192770 167467 211834 230243 0 14728 150673 211520 185186 122704 103719 211564 192893 154289 211564 79181 37164 155389 229078 157515 155337 211564 97371 21857 75509 154303 81322 211564 83931 154289 87646 21857 155337 211564 143689 231379 14728 24678 21857 81322 211564 0 192959 40275 21857 81322 211564 0 192959 40275 195184 145725 99148 106711 36156 68156 0 2273 106711 105198 37388 211564 0 154289 211564 232007 14728 211564 0 36143 14728 99821 115916 211564 87949 0 110079 149817 0 106711 105198 37388 211564 0 154289 211564 87949 0 186267 88337 93926 79479 211564 0 25239 155337 211564 125993 154289 114734 71476 103719 211564 0 88338 106711 170179 103719 211564 207261 27236 79479 211564 0 154289 0 212204 207261 106711 21362 203588 81322 211564 130919 93926 207261 103719 211564 88337 93926 18923 25239 155337 211564 125993 154289 114734 71476 103719 211564 0 88338 222563 151115 0 17824 19830 232108 211564 88337 154289 110079 111067 0 152743 154289 0 94564 0 103719 151431 88338 211564 0 14728 211564 124221 154289 0 75870 99838 86509 211520 211564 151431 88338 84677 94564 151115 213307 191234 212204 207261 106711 152082 88337 93926
0 154289 211564 0 0 216402 211564 0 154289 211564 0 0 216402 128353 1163 233190 103719 211564 149657 211043 106711 0 154289 109392 107266 106711 0 7973 0 216402 230742 63743 152082 170881 81461 221304 211564 0 154289 211564 0 0 216402 211699 94900 214312 212204 0 211564 158185 154289 211564 0 179272 87389 211564 0 216402 106711 206417 79479 109347 14728 13123 79479 109392 46303 211564 0 230717 211564 216402 229078 166598 106711 211564 67320 211564 216402 229078 135977 214004 26212 211564 87949 81461 154289 211564 98644 199926 14728 211564 0 0 106711 109392 0 216423 17824 154423 166598 103719 0 211564 0 104150 109392 106711 86521 97782 0 155389 122153 43489 214004 0 211640 195548 211949 212475 234783 177835 214004 211564 163217 154289 97782 139934 155337 67320 211564 0 106711 50773 214004 211564 140120 154289 0 211564 0 216402 180767 0 49666 211520 212204 0 106711 155389 230742 157480 127357 134939 26117 185390 214004 94564 172946 26694 97782 0 218863 155357 103719 232827 155357 103719 8856
0 154289 211564 0 0 216402 211564 0 154289 211564 0 0 216402 106711 0 154289 109392 107266 106711 233190 103719 211564 149657 211043 103719 134615 3244 133240 1163 14728 128353 2950 211564 0 0 211564 115973 154289 87389 232108 0 0 216402 211564 155882 154289 211564 0 0 216402 94900 214312 211670 212204 0 212204 0 0 79280 211564 0 0 103719 128353 2950 14728 134615 3244 14728 133240 1163 149657 0 16796 155337 211564 33832 154289 216423 230711 231897 70555 211564 0 155678 105890 0 14728 89315 123012 103719 200343 81461 201320 214004 16796 19128 204636 18708 230711 211564 194833 154289 211564 70392 154289 211564 10337 201304 214004 93580 107266 135976 109392 231473 179984 198502
52927 211564 52595 52927 211564 52595 106711 211564 147143 154289 158917 154289 0 109392 214312 211564 218938 0 17824 233190 103719 211564 149657 211043 103719 128353 1365 121947 0 230243 216277 232108 109392 14728 218548 214004 211670 94900 185390 211564 62482 154289 109392 84087 221873 73660 212000 92143 79479 211564 115973 154289 87389 73569 211640 126243 0 214004 87389 0 10965 135977 173013 75344 14728 0 189950 45965 27025 211564 52595 154289 26870 0 106711 232980 211564 171153 0
0 154289 65198 103719 211564 149289 211564 0 154289 65198 103719 211564 149289 106711 0 154289 109392 233190 103719 211564 149657 211043 103719 134615 1163 107266 106711 0 7973 211564 77539 110661 107266 106711 211564 191772 14728 122153 0 103719 211564 43741 230742 26706 232108 211564 0 154289 211564 0 211564 0 107266 106711 125207 211564 0 14728 211564 230664 14728 211564 192770 14728 211564 87343 0 7973 211564 77539 110661 96237 211564 67993 77911 145387 26117 191133 81322 211564 0 77911 10196 212000 41718 232108 149289 80175 154289 97782 62482 230243 77927 14728 109392 200085 222475 0 212000 220714 26439 107266 106711 0 7973 211564 70392 154289 211564 10337 141226 105744 39206 26117 50970 232108 211564 149289 179270 211564 105707 109392 149841 232827 7973 154868 14728 149657 0 104149 94900 61448 94564 103719 139727 82202 213307 20119 211520 213307 217501 209599 154289 211564 115973 62853 211564 115973 216352 79479 12554 214004 190122
0 154289 211564 75120 191533 211564 0 154289 211564 75120 191533 155990 0 154289 211564 64394 0 106711 0 154289 109392 233190 103719 211564 149657 211043 103719 134615 3244 133240 1163 14728 128353 930 211564 0 211564 0 103292 0 211564 0 154289 211564 210381 0 103719 211564 134615 3340 107266 135976 26117 170105 14728 178719 12152 211564 73795 213307 154289 109392 189950 49570 106711 221276 211564 0 106711 109392 45920 211564 229776 0 106711 97782 229776 0 211564 9608 106711 79479 211564 46303 97782 34570 230753 192713 0 79479 97401 94900 94173 45828 96131 211520 0 34772 179659 14728 211520 179659 0 0 170450 231473 26117 0 142930 191784 211454 0 230959 149622 95035 154289 109392
0 154289 211564 81148 20119 150392 211564 0 154289 211564 81148 20119 150392 0 0 106711 0 154289 109392 233190 103719 211564 149657 211043 103719 128353 709 131807 177978 214004 95750 97782 0 66466 14397 69934 20119 138994 97782 0 0 103719 19535 221763 94900 43574 97782 139727 211564 0 25239 155337 211564 0 154289 211564 210381 0 211564 0 18704 154289 211564 0 90672 20119 138994 52784 135953 107266 106711 109392 97443 109392 214312 212204 0 10196 94900 209242 97782 62482 99821 214004 169719 211564 127357 169724 211564 143422 75359 0 154289 212204 0 106711 211564 0 0 2404 37388 231512 0 100575 114443 20119 211564 147865 82970 154289 225577 21178
0 181560 211564 0 0 0 0 0 184116 0 106711 181560 103719 142003 14728 184115 107266 106711 0 116867 127053 107433 0 106711 6870 116867 107266 201320 20119 211564 0 143689 155337 211564 67411 196791 0 116867 154289 211564 181560 106711 103719 142003 107266 94173 0 211564 166386 230717 218938 181585 110116 214176 232108 211564 0 181560 230711 212000 136322 107266 131156 211564 0 181560 162859 27025 211520 0 114977 229078 32619 148448 211564 221982 0 14728 94900 89529 221873 211834 211564 181585 0 131156 155389 154289 211564 232891 210381 127088 181585 211640 123725 103719 156149 0 116867 0 116867 0 116867
0 211564 0 85222 58449 170756 106711 75359 170756 154289 134422 57825 0 0 211564 170756 103719 2496 106711 211834 14397 12341 211520 231473 207868 79734 121660 14728 126818 201361 103719 211520 121660 14728 211520 231473 157650 217501 155990 75276 59868 155337 211564 217599 223467 154289 211564 201361 211564 12341 63743 152082 210179 99821 107266 176794 211564 15797 151672 171651 107266 19128 127053 19128 211564 15797 106711 13394 52293 103719 2519 14728 2521 0 46303 14728 11660 0 193935 104112 211520 211834 39206 26117 151115 15797 214004 211564 0 212000 193935 211520 107266 106711 103583 79479 14397 12341 214004 58416 230733 201362 103719 18170 17824 217501 155990 75276 79479 212204 176960 211834 39206 26117 151115 198150 79479 211564 0
0 48941 69426 0 48941 108565 3457 2397 17007 3843 2490 229078 211564 77879 76506 10132 13837 165594 73595 214004 98445 14397 105688 165594 124803 192713 80124 62587 214004 79273 96131 65228 154289 26489 165594 48941 229078 32619 103719 211275 103719 2397 96131 143469 14728 75861 230243 10132 13837 192713 92143 218938 35259 14728 235488 195761 96131 160489 230243 0 230711 48941 229078 218938 96131 75344 143807 214004 0 211275 230717 0 230204 214004 188807 192713 127729 176834 14728 229078 225177 87949 20119 134406 96131 75861 99149 214004 85439 109942 48941 75861 229078 63121 37388 211564 174857 0 103719 211275 94900 27026 211520 211564 75344 233011 26117 216361 28409 102493 212000 143807 214004 104135 210930 103719 154773 220279 214004 0 97782 231238 214004 0 97401 48941 75861 123266 211564 75344 230711 192713 229078 150673 18574 211520 213307 96131 154879 35259 89529 221873 14728 143807 21857 48941 143469 232851 19128 130846 48941 95751 207868 40275 154289 96131 235494 195766 66466 211564 52708 94145 73658 103719 211564 75344 232851 103719 211564 77241 214004 67293 74450 141962 107266 229078 99560 0 232840 14728 66466 211564 94145 10132 13837 45105 52784 152082 87301 214004 188807 202124 48941 131824 214004 77651 12554 68599 88716 103719 211564 126587 188807 48941 58417 211520 192713 228772 214004 87301 214004 49066 197529 192713 187742 96131 141962 103719 7973 80175 234783 192713 92143 70888 141962 214004 26726 49066 234772 122199 192713 175834 157515 154289 141962 20119 211564 10337 154289 3144 48941 0 215785 14728 130085 211564 217006 214004 44926 192713 143807 103719 232108 96131 35259 14728 211640 232223 48941 214683 47394 214004 122961 214004 26486 0 14728 198502 80147 109942 20119 211564 230835 199121 24549 193753 155337 44926 0 37164 48941 228772 214004 63539 198250 142930 232108 96131 125014 96131 81148 181821 7593 214312 96131 211520 192713 52784 216266 214004 80413 214004 78978 192713 88365 149657 109942 131831 179690 14728 187742 96131 141962 181821 7586 14728 96131 81154 95751 96131 161742 79479 211564 217006 103719 2480 48941 230204 214004 80413 155337 193431 103719 2482 48941 26434 211564 77879 76506 10132 13837 165594 73595 214004 98445 14397 105688 165594 124803 103719 17007 2490 48941 229078 87591 214004 193919 103719 0 211520 103925 0 110853 48941 61448 152082 229647 96131 189830 27250 26439 192713 148625 214004 0 157515 154289 211564 166521 214004 190122 87949 166386 214004 121387 211564 166521 204126 230204 105890 199837 48941 76461 157515 154289 211564 166521 14728 229078 115718 192713 106711 36821 103719 44926 125459 42384 10196 96131 58165 211564 168992 154346 107196 201055 103719 96131 98992 44926 202913 229078 147145 10196 96131
231529 0 231512 108345 231529 0 110829 2465 108565 3671 2631 229078 14397 13837 31076 145279 195421 198397 14728 25376 166800 94900 229078 155389 154289 211564 80156 154289 44926 31076 94900 233215 127496 154289 198390 230742 17824 202124 201090 154289 44926 31076 126136 177506 0 0 0 131807 73696 0 22689 64394 131807 111067 228767 214004 131133 127722 214004 235471 10988 0 145725 0 0 0 0 14728 34765 107266 155337 98682 211564 198390 17824 81322 211564 2552 230711 0 232851 19128 170883 79479 44748 177401 94900 13123 166799 222006 25376 155337 132560 154289 211564 120417 177401 0 229078 32619 103719 0 140505 155337 110829 2465 94900 122962 211564 31076 66466 97782 213307 155337 170647 75643 103719 140505 19128 14397 67289 0 186564 25376 79479 211564 110608 195423 126587 88337 90017 211520 229078 154423 103719 211564 171008 154289 211564 126587 174983 201394 0 94900 26706 214004 43564 167469 94900 233215 105890 198390 230742 94900 197964 214004 126587 90031 2519 94900 230204 214004 44926 125207 132560 157251 81322 211564 140505 59284 211834 94900 26761 33404 14728 232553 211564 102978 201354 87666 87053 95143 43448 0 63276 103719 2521 66466 97782 33404 213307 94900 137914 123835 22583 0 0 230959 51543 97401 214004 145268 40279 26694 211564 189950 232891 228806 0 186564 103719 61621 226969 90031 10196 211564 228806 94900 180017 232108 0 14728 79769 211564 29205 212475 216989 0 194796 232108 44748 177401 19128 177399 18972 37164 198502 229078 106172 103719 211564 177394 37084 37388 2553 94900 229078 170883 208021 189352 191629 145279 14728 200888 198397 94900 232851 232108 46166 28094 144201 229326 0 232421 0 184061 31239 0 110005 127628 228477 126136 228616 0 33417 0 0 209463 126136 139600 67900 0 109723 0 0 0 231529 0 137047 196691 0 186063 109723 182185 14728 157251 37388 97782 232840 232108 46166 28094 94900 229078 125668 28439 31076 14728 67289 181955 14728 182320 81322 211564 122184 2572 221763 211564 138926 2591 0 175834 97782 158183 177394 120417 0 177401 94900 79769 61621 12554 201206 24133 230742 154423 230204 155337 215413 103719 73312 94900 13123 26434 14397 9626 79479 211564 31076 94900 80153 211564 31076 95125 80149 211564 80149 0 211564 31076 123282 14728 0 0 14728 0 79479 31076 145280 230959 230243 154423 0 103719 211564 161173 103719 211564 2591 14728 2607 97782 95014 26434 229623 14728 229623 26439 154289 97782 61115 0 61505 154289 95049 75039 103719 0 38615 155337 108565 3671 2631
123344 154289 99013 211564 123344 154289 99013 106711 211564 97151 80931 21842 107266 229078 72617 37388 147437 32041 155337 2428 134939 2202 211564 156149 106711 211564 97151 58535 103719 80413 14728 106711 63247 105890 78054 58904 0 116972 0 154351 0 49610 88865 0 88865 154351 14728 88865 0 88865 54321 211564 156149 143607 106711 99013 14728 52932 14728 107433 189830 106711 211564 0 58065 120370 0 0 155337 211564 123266 24247 154289 211564 181560 190356 103719 160548
103476 49066 127034 103476 49066 127034 0 106711 121947 221237 103719 42521 127034 107266 0 103719 37084 70677 136194 14728 189121 103476 49066 229078 0 49066 154289 211564 221237 154289 127034 107266 26434 81839 104109 103719 2767 211564 0 15581 154289 107433 80158 103476 106711 14098 211564 28289 221236 107266 175983 3797 103719 211564 2807 0 232891 221237 175978 14728 7090 103719 211564 2807 213330 97150 68126 232891 221237 175978 103476 175973 3051 103719 211564 2806 192391 232891 175978 103476 74923 14728 0 103922 1573 151137 0 77241 0 5969 0 154289 211564 183361 197680 6472 0 154289 211564 183361 8220 154289 70677 14728 6279 0 154289 211564 8220 154289 136179 189122 103476 130919 39179 106711 103719 211564 198989 0 17827 154289 42521 127034 107266 106711 155337 211564 33142 28439 211564 183361 32662 154289 0 14728 44459 14728 211564 47071 154289 230452 107433 130919 71122 106711 155337 74061 181722 0 94173 152743 154289 157248 39180 103719 42521 127034 232108 0 200532 138172 107266 94173 211564 121959 232862 72652 154289 16352 97150 68126 105269 103719 211564 219891 103476 94173 18574 1365 81807 203336 14728 0 8211 14728 179442 200888 107266 92143 215203 103946 154289 0 139506 103719 2772 154289 230742 0 139506 229078 81322 179442 88980 14728 51362 103476 106711 175973 3529 103719 211564 232891 14728 5523 103719 73312 103719 211564 2794 8211 175977 154289 232891 221236 6374 103719 211564 232891 14728 5035 103719 73312 103719 211564 2794 0 232891 221237 175978 14728 7090 103719 211564 232891 14728 4523 103719 73312 103719 211564 2794 213330 97150 68126 232891 221237 175978 211834 17824 55486 1365 151137 170706 231851 14728 218938 77241 136092 231851 14100 103476 0 14728 55485 14728 79776 74923 103476 106711 136990 154289 211564 0 211564 122906 154289 73314 179442 221236 153390 180908 19830 221236 14728 211564 184108 90017 107266 79797 160800 154289 211564 87666 216653 154289 34867 221236 103476 229078 79769 0 37388 170548 11797 220575 97782 0 211564 54471 33055 121387 103719 198989 0 214004 72616 68127 14728 55198 105278 211564 17827 229078 177831 214004 19128 0 37388 0 211564 17827 103925 211564 147963 97888 145225 211564 225577 14728 11797 145225 211564 189121 145225 211564 183361 11797 92751 14728 211564 103476 105264 211564 103476 105264 229078 155686 37388 174133 225577 230959 120942 211564 77879 34540
221237 154289 127034 211564 221237 154289 127034 106711 76252 136335 130085 221873 154289 3942 0 2428 191132 221237 105278 14728 930 179442 0 107433 94961 190869 99710 106711 103719 0 202913 103719 211564 0 17827 154289 38952 212204 106711 148448 221237 49066 127034 14728 211564 34867 145225 211564 221237 154289 127034 106711 211564 121959 221237 103719 211564 219891 37388 152743 154289 81807 203336 232108 1256 39179 203336 14728 157787 4798 103719 211564 221237 154289 127034 105688 171017 211564 221237 106711 152082 179661 79479 211564 209601 211564 179442 155990 211564 104220 203336 14728 200888 154289 211564 0 49069 212000 17824 211564 179659 154289 211564 49069 211564 221237 106711 14397 9359 31473 179661 79479 201090 58903 0 14728 0 211564 221237 229078 77879 72617 37388 183361 43977 103719 2277 230742 35272 214176 103719 76266 127034 221237 152375 221237 49066 127034 14728 115967 49066 152375 115967 49066 127034 0 154289 211564 221237 154289 127034 134939 222417 211564 168992 124221 0 155990 0 32895 81322 0 10196 211640 58903 0 211564 221237 29231 49069 17824 0 0 115967 49066 127034 211564 127034 37084 188807 174133 133786 183361 0 0 0 14728 0 80153 103719 2277 211564 221237 20119 77879 0 111067 218938 49069 212000 230243 221237 49066 127034 80153 103719 2256 230742 61448 152082 16906 178661 211073 214004 107433 203336 14728 115967 49066 80153 103719 2261 230742 9388 155471 136992 154289 211564 46303 154289 70687 211840 32895 221237 49066 14728 115967 169742 211564 221237 154289 127034 230742 104837 191538 0 19128 14397 0 31473 79479 211564 0 49069 103719 2316 211564 221237 74170 107433 182302 37388 154337 211564 221237 154289 127034 105688 171017 214004 39323 157685 211564 49069 211564 77879 154289 107433 115916 103719 211564 52932 149657 94961 20119 0 83558 171687 211564 221237 232108 73817 92813 14728 154353 229078 36156 214004 0 211564 149657 182302 103719 2365 211564 221237 26434 211564 77879 221237 103719 211564 219891 214004 0 232548 155337 71580 210803 232108 137055 80175 76506 203336 153776 22660 154289 18998 58904 103719 2369 14728 218938 153776 22660 154289 189121 58904 103719 2372 10253 211564 77879 103719 211564 52932
81135 102721 154289 85246 81135 231442 0 112936 227357 0 149657 159016 0 2195 154016 2268 149657 159016 0 1573 110897 2383 229078 211564 155471 198311 154289 231442 10196 97782 75861 58165 155337 132800 2383 81135 231442 26434 115967 154289 171813 14728 85222 70102 19128 81135 102721 37164 94900 229078 13090 204195 81322 212522 39284 14728 61505 10196 111067 7038 57957 155337 211564 212552 155337 3340 108565 2316 94900 133505 170555 225577 154289 211564 221179 115973 69019 45081 154289 174133 225577 14728 11797 211564 170548 51019 212000 92143 191764 45105 211564 154882 81135 231442 79274 97401 19128 115967 14728 70102 81135 231442 102721 61505 154289 212522 39284 103719 0 94900 106711 36821 149841 214004 97782 231238 103719 211564 0 154289 211564 0 103719 0 160580 0
115967 49066 127034 115967 49066 127034 115967 155990 0 106711 121947 221237 103719 127034 14728 49066 154289 211564 76252 221237 154289 127034 221237 49066 127034 2256 229078 80153 26694 107266 99838 115967 2261 229078 211564 212164 154882 221237 103719 70687 214004 85439 107433 183361 43977 103719 2277 115967 26434 232108 221237 49066 155389 154289 211564 218938 80158 49069 154289 211564 221237 154289 127034 115967 106711 18636 105890 150673 188829 154289 203355 200321 8816 80175 211435 39180 103719 42521 127034 14728 155389 103719 59683 97329 198989 127034 115967 106711 155389 154289 211564 121959 42553 79479 88733 14728 168992 136179 209601 14728 0 179442 103719 73312 107266 106711 98682 214004 195875 136179 179442 52820 42553 211564 143422 154289 16352 34867 221237 115967 94173 18574 2195 81807 203336 14728 0 200888 14728 92143 215203 103946 154289 0 139506 103719 2772 154289 230742 0 139506 229078 81322 179442 88980 14728 51362 211834 17824 930 151137 170706 231851 14100 115967 0 14728 79776 74923 115967 106711 175973 5523 0 14728 2652 103719 211564 232891 103719 211564 2807 0 232891 221237 175978 6374 0 14728 0 103719 211564 232891 103719 211564 2807 211564 213330 97150 68126 232891 221237 175978 14728 6374 0 14728 0 103719 211564 232891 103719 211564 2807 8211 175977 154289 232891 221236 103719 191188 2794 211564 204740 213330 190513 115967 19128 107433 221237 154289 211564 234772 115967 106711 136990 154289 211564 73314 221237 19833 14728 211564 184108 90017 107266 79797 160800 154289 211564 87666 216653 154289 34867 221236
0 0 0 0 106711 1 215716 117894 57116 107266 229078 77879 222419 214004 34765 87949 94145 14728 94173 26486 55198 206417 79479 117893 211564 76508 103719 0 222563 57116 212204 211564 143422 0 211564 117894 203498 98475 30117 125207 211564 13837 0 106711 154423 117085 19128 211564 199447 57919 79479 212204 57116 211564 57116 106711 212409 214004 94564 49502 81322 7973 1 234783 10531 230711 211564 117897 27026 211520 211564 204687 142706 14728 67320 51436 211564 232891 211564 162859 12927 13394 86377 103719 0 233011 57116 220575 211564 34692 81807 142706 154289 211564 234772 103719 156149 214004 34765 87949 94145 103719 211564 1996 42593 230711 211564 108588 230243 20535 117893 117893 9369 0 204687 156151 232548 214004 63539 212204 57116 94900 214312 211670 214004 63539 212204 26439 94900 228772 214004 216771 211564 108588 105890 0 211670 211564 232548 230243 185390 214004 94564 232941 139389 221068 14728 57121 155337 143679 0 0 155337 76226 1573 2581 0 229078 103925 103719 211564 125993 154289 211564 103563 55198 171271 154289 117893 215719 212204 57116 163140 232141 16352 105308 235488 14728 154868 232548 57116 103719 46871 20119 150392 220575 211564 0 212000 87301 157685 103719 0 215716 117894 47978 98445 93304 131133 46871 14728 201304 183008 0 211564 122855 195421 195459 125542 211699 211564 179678 154289 211564 162859 12554 195400 0 211699 211564 122855 195421 195459 15713 125542 14728 211564 179678 154289 211564 162859 0 0 212204 106711 170740 230717 211564 147143 154289 211564 198357 38953 81322 19128 211564 57116 51320 211564 0 154289 211564 198357 39206 85439 75813 212000 195400 7973 211640 163535 0 178571 14728 228777 66466 211564 57116 211564 232548 13123 166784 198218 83195 211564 0 39206 122153 221763 57904
67403 0 211564 67403 0 106711 14397 21179 13207 214004 211564 67403 0 0 17824 14397 70396 199473 154289 21179 0 0 192464 0 17824 197964 103719 132560 21179 193766 214004 175429 141962 214004 95750 171475 211564 0 21257 182784 0 233215 32268 103719 2602 38675 29462 211564 0 67403 0 198218 154289 211564 141962 81322 67181 32268 197964 87519 214004 95757 211564 0 211564 80149 79479 174752 21178 26706 214004 222417 211564 67403 0 50229 103719 2629 212000 228772 214004 193919 211564 56973 211520 174754 63539 214004 211564 21179 71211 211564 102295 229078 207888 221873 37388 14397 67403 68369 49856 0 0 212000 86505 168833 154289 211640 0 214004 211564 80149 21179 45105 32268 21257 14728 0 0 0 170882 212475 67403 0 32309 28439 2634 14728 2731 103931 211564 28289 190634 211564 0 77879 67403
110079 180767 0 195635 110079 180767 0 17007 2439 2729 134939 2620 229078 34867 67802 94900 0 214004 211564 77241 154289 51167 59335 211800 103719 0 103719 2521 94900 60716 211564 106711 141197 230742 0 0 225763 154289 0 97782 32268 223467 14728 39768 2525 194808 74396 84653 14728 223467 211800 211564 0 59335 81912 106711 147145 211564 0 59335 81912 103719 137045 154289 97401 94900 229078 130085 116972 22660 103719 2577 103719 2593 94900 177141 211564 151137 170706 103719 67794 189122 0 79479 97782 0 51418 214004 84653 71634 211800 14728 230062 211800
69426 0 69426 0 0 108565 2404 110897 3671 2616 229078 14397 13837 31076 14728 79217 145279 195421 14728 198397 192713 229078 32619 19128 69426 0 103719 0 151901 40568 192713 229078 211564 235496 154289 78054 45105 154289 145268 75344 20119 211564 10337 154289 191764 192713 201307 166817 96131 154879 35259 0 103719 96131 67289 209848 192713 33055 96131 158183 90854 14728 201307 233186 158183 198390 20119 211564 10337 154289 69282 192713 233215 198357 38675 80885 215785 230742 229078 122199 96131 194790 198357 20119 211564 10337 154289 1573 192713 232851 19128 130846 12974 232108 96131 143469 198502 10196 96131 1789 29957 192713 133505 80504 0 212000 92143 57780 147145 0 14728 0 84087 221873 145265 79479 46303 14728 45081 212000 230204 18574 103719 211564 222374 37164 77548 191707 103719 211564 17827 10196 3340 234783 192713 26434 130846 103719 211564 99710 154289 211564 50025 184184 53633 0 14728 43873 0 103719 212204 145268 75344 192713 178779 96131 158183 90854 166817 139214 0 177396 96131 14728 211564 198390 230243 122199 172270 19128 0 14728 0 232108 90854 230742 229078 178602 155337 0 177401 103719 211564 67289 2572 66466 211564 79217 180168 192713 166799 193961 232108 89263 147158 125207 140505 110079 100694 110079 123182 99083 14728 144201 229326 20119 224743 204070 19128 211564 149752 79217 76926 14728 211564 0 76926 154289 13837 0 192713 230204 155337 215371 14728 177399 230072 105890 96131 0 103719 2611 192713 232553 211564 88832 21842 79479 28289 72911 155990 215716 177399 79479 96131 11886 155337 0 177401 69426 0 126209 96131 198390 230243 53193 37388 163785 161567 14728 133786 109335 0 31305 66762 0 0 122409 85917 122409 0 97782 147143 106711 12488 14728 0 0
46166 44365 46166 44365 106711 80439 154289 0 14728 179692 211640 179692 94564 196936 180907 166317 42521 79099 14728 17495 83195 107266 229078 170366 38675 46166 44365 166317 213307 211583 2599 103719 143422 154289 211640 202505 212000 155731 0 181871 43769 230742 195400 198390 14728 166784 105308 53704 103719 2599 103719 186339 110335 38615 37388 20163 80154 151352 0 107266 201307 157515 19128 46166 44365 166317 213307 211583 103719 2611 0 88365 33055 157515 37388 211699 0 166317 166386 81322 0 112589 14728 43566 211640 52262 147143 214004 0 166317 213307 103719 2620 0 99577 131825 158186 154289 0 197964 107266 0 0 0 33845 214004 211670 14728 0 154303 0 105890 191132 49856 103719 2629 12554 0 14728 166317 213307 202505 176781 19128 46166 44365 166317 14728 103719 2639 0 43566 211640 52262 147143 214004 0 71048 103719 2640 0 33055 157515 211640 170487 0 62570 237304 14728 103719 2806 212000 33055 211564 163785 165916 166317 43138 103719 2805 0 88365 33055 37388 16685 86941 131825 19128 229078 172946 221873 79479 185714 0 94961 17824 103719 106699 211275 14728 94564 0 0 202493 126619 232920
181785 0 181821 110079 18909 181785 0 32619 3340 20929 2553 106711 14397 70703 195421 94900 229078 32619 103719 0 0 14728 175430 103719 0 94900 106711 28289 117085 19128 211564 122855 226975 79479 211564 88832 21842 95140 137943 24053 0 170441 94900 106711 150178 137943 87389 94900 106711 13123 53744 19128 26870 211564 77879 155696 84136 130952 95140 137943 201206 230711 94900 38953 157515 19128 84136 103719 2639
156149 154289 211564 104135 70118 211564 143422 0 156149 154289 211564 104135 70118 106711 14397 156149 154289 0 80153 37388 174133 225577 103719 2365 211564 156149 103929 136992 154289 212475 47398 151115 0 94564 26631 130085 195338 2544 211564 234772 154289 104135 104105 14728 211564 160900 154289 104132 103719 2794 211564 122153 205558 116972 211564 0 154289 0 61505 14728 211564 156149 26434 0 211564 143607 154289 211564 156149 106711 220575 211564 0 154289 211564 70165 177817 214004 174133 225577 211564 77879 70165 154289 104132 211564 156149 106711 211564 110937 34867 156149 154289 0 19830 232108 211564 70118 154289 104132 211564 190942 155389 106711 211564 143422 0 156149 154289 211564 201206 154289 104132 211564 34867 80153 211564 156149 103719 2365 214004 180237 34867 14728 147910 154359 230959 191538 103719 104132 211564 156149 156422 92143 155471 155389 47394 49853 37164 189950 47394 116983 49610 229078 9054 103719 2381 211564 34867 21270 105425 211564 156149 154289 211564 104135 70118 19128 124118 73940 225105 154289 211564 156149 154289 211564 201206 154289 104132 80153 103719 2329 0 132560 142930 0 230243 130085 214004 211564 79776 211454 214004 211564 122308 155337 1573 76226 2381 211564 156149 154289 211564 104135 70118 79749 26434 211564 143422 0 156149 154289 211564 104135 70118 14728 229078 63247 105890 218938 47398 116983 49610 14728 49854 232108 211564 79278 77879 116983 49610 99838 155337 108565 2383 82092 0 178008 211564 156149 229078 130085 211564 156149 229078 74170 81322 218938 47398 214004 212475 116972 88865 49610 116972 49610 14728 49853 191764 116983 88865 49610 230243 53704 212000 230243 151827 211564 97151 88711 103719 34867 156158 106711 116972 88865 54321 37164 116972 88865 49610 229078 45828 79479 211564 218938 104135 21847 26439 154289 211564 45951 0 154289 211564 54321 0 214004 32895 156158 202475 10196 1365 20929 2544 211564 156158 94564 149622 26631 79749 7935 14728 174133 69426 102710 178725 211564 199079 154289 211564 156158 214004 212204 57919 214106 211834 17824 151115 126257 136992 154289 211564 156149 211564 77176 43769 0 0 106067 37388 0 0 14728 94037 0 0 106067 37388 85064 0 80598 67181 95534 0 0 70675 0 103719 211564 57919 232840 2447 228777 211564 0 211564 34867 199079 106711 211564 199079 154289 211564 156149 211564 88865 134191 95534 211564 149841 190942 175970 211564 168939 229078 95534 73789 0 37388 211564 0 154289 104132 136992 154289 211564 77879 47394 230243 117085 19128 116983 88865 49613 176333 211454 116983 88865 54321 197529 19128 152082 214004 0 211564 151431 104143 16914 214004 211564 156149 20119 211564 213307 154289 80149 103719 2365 211564 156149 92143 155471 155389 47394 211520 154289 49853 211834 52784 26117 16352 152743 154289 136992 103719 2381 211564 156149 229078 63247 105890 211564 218938 47398 154289 116983 49610 5055 20119 16352 86509 213307 14728 49854 151115 0 211564 79278 234772 211564 47394 154289 116972 88865 49610 3340 20119 16352 86509 213307 229078 9054 211564 50034 154289 211564 157248 218938 47398 178722 211564 186152 34867 154359 14728 197979 230243 0 79479 16918 19128 230243 183831 154289 104135 170550 201367 84677 211564 183831 154289 211564 142930 103563 201367 230243 16914 116983 88865 49613 154289 211564 156149 154289 211564 201206 154289 104132 176333 211454 154289 211564 156149 154289 211564 104135 70118 232548 73879 211564 170550 183831 52784 152082 26117 136992 211564 156149 76506 170550 183831 230243 9388 19128 116983 176333 211454 19128 0 155990 120686 19128 230072 157248 19471 14728 138926 67411 183831 230243 13123 16914
83548 201354 0 211564 83548 201354 0 155990 83548 201354 0 106711 214342 97197 230742 135976 211520 162859 145387 161742 214004 65407 155337 107266 211520 87519 212564 149657 109339 81322 211564 198989 70392 154289 211564 201354 20119 39719 134939 214004 211564 151901 70392 154289 211564 201354 20119 0 149657 109339 107266 106711 0 139324 127053 14728 103719 2768 229078 179231 214004 26117 211564 37082 214342 97197 103719 211564 221179 201367
125993 154289 0 154289 0 214004 156158 14728 21843 58536 14728 136101 154289 211564 221179 115973 16364 230959 0 103719 229494 211520 139097 34765 14397 156149 58535 155990 136092 105890 0 134939 94564 97782 21842 0 39278 57825 122843 0 16914 2625 79278 97782 0 220575 211564 77557 191559 8830 2614
156149 154289 211564 201206 154289 104132 211564 143422 0 156149 154289 211564 201206 154289 104132 106711 14397 156149 154289 0 80153 37388 174133 225577 103719 2329 211564 156149 103929 136992 154289 212475 47398 151115 0 94564 26631 130085 195338 211564 160900 154289 104132 103719 2544 211564 122153 126257 116972 211564 0 154289 0 61505 103719 2772 14728 211564 156149 26434 211564 143607 154289 211564 156149 106711 95125 125097 157480 90720 211564 201206 154289 104132 211564 69835 154289 211564 156149 13123 16801 155337 211564 78141 154289 211564 0 154289 104132 211564 156149 106711 211564 190942 156149 154289 0 154289 211564 70118 154289 104132 211564 110937 156149 106711 211564 143422 0 156149 154289 211564 104135 70118 14728 211834 229078 13123 79479 232548 155471 211564 103476 156149 154289 211564 54471 154289 104132 107266 106711 211564 77282 34867 156149 154289 0 79278 211564 143422 151147 156149 154289 211564 0 211564 143422 14710 14728 143422 151147 156149 154289 211564 0 211564 143422 0 156149 154289 200764 161443 14728 211564 143422 0 156149 154289 211564 25544 10196 211564 104135 0 211564 34867 88542 53704 149657 156149 154289 0 214004 99013 104135 170553 14728 44997 19128 230072 19128 34867 154352 14728 0 230959 191538 103719 104132 155337 3340 110897 2329 174133 225577 107196 0 53708 211564 143422 0 156149 154289 211564 201206 154289 104132 214004 180237 0 137542 14728 127851 211564 77879 0 230243 211564 156149 154289 211564 104135 70118 80153 103719 2364 229078 105425 214004 26117 124118 73940 225105 154289 211564 156149 154289 211564 201206 154289 104132 0 132560 142930 0 230243 130085 214004 211564 79776 211454 214004 211564 122308 0 214004 211564 156158 178565 214004 211564 34867 70118 103719 104132 42137 10196 1365 20929 2544 211564 156158 94564 149622 26631 79749 7935 14728 69426 102710 204017 96131 75861 85064 225410 19128 199079 154289 211564 156158 230711 192713 0 211564 212552 103719 2555 192713 178725 199079 154289 211564 156149 214004 212204 57919 214106 211834 17824 151115 126257 136992 154289 211564 156149 211564 34867 199079 229078 14728 202124 106711 199079 154289 211564 156149 211564 149841 190942 136990 229078 211564 88865 134191 211564 168939 229078 95534 73789 0 37388 211564 0 154289 104132 230711 211564 156149 229078 72617 103719 2329 211834 229078 155471 155389 47394 154289 116983 49854 230959 0 211564 0 0 103719 2340 99838 107266 229078 74170 214004 212475 47398 136992 154289 211564 77879 47394 230243 117085 19128 116983 88865 49613 176333 211454 116983 88865 54321 197529 19128 152082 214004 0 211564 151431 104143 16914 214004 211564 156149 12554 212397 205558 136992 230959 92143 13090 26631 130085 116983 49854 154289 211564 156149 230243 130085 116983 88865 49613 79776 0 14728 157248 97138 154359 19128 230072 19128 212397 230959 191538 103719 211564 59841 154289 211564 189975 154289 201354 79479 104132 79479 20119 122983 212180 234783 230243 0 79479 16918 183831 154289 104135 170550 201367 230243 13123 0 79479 16918 214004 211564 156149 198218 201367 230243 154289 204070 103560 211520 211640 183831 230243 12927 13394 16914 116983 88865 49613 204070 183831 103925 211564 0 154289 100947 211564 0 154289 0 211564 0 154289 108379 14728 113194 211564 0 154289 0 211564 0 154289 0 211564 0 154289 0 211564 0 154289 0 211564 0 154289 0 211564 0 154289 0 211564 0 154289 0 14728 211564 0 154289 0 0 0 0 0 195426 154289 0 229078 16914 116972 49610 154289 211564 156149 154289 211564 104135 70118 0 103719 2397 116972 88865 49610 154289 211564 156149 154289 211564 104135 70118 0 103719 2408 14728 116972 88865 49610 154289 211564 156149 154289 211564 201206 154289 104132 0 79479 97782 191559 103719 211564 77879 232891 228806 103719 211564 2482 149657 234772 99021 183831 154289 157248 147905 103719 19469 14728 211564 138926 67390 103931 211564 0 154289 119743 211564 0 154289 211564 0 66788 211564 0 154289 68470 211564 115967 154289 28859 14728 211564 183831 154289 0 23192 14728 155193 230243 13123 16914 214004 211564 156149 125207 198218 183831 154289 170550 201367 198218 183831 154289 160868 0 79479 73831 211564 0 154289 211564 0 66788 155990 211564 0 154289 155193 230243 222563 16914 116983 88865 49613 232548 230959 230243 152082 170550 183831 52784 152082 26117 136992 154289 211564 156149 212000 230243 9388 19128 116983 176333 211454 19128 0 155990 120686 211564 77879 232528 214004 26117 9388 214004 211564 156149 229078 0 0 0 0 0 0 0 154289 0 192713 229078 53704 116972 49853 20119 211564 156149 80149 103719 2329 211564 156149 0 230243 199465 0 214004 163345 211564 0 154289 174133 133786 19128 116972 88865 49610 103719 2459
110362 93021 110368 0 93021 32619 134939 2950 2608 103719 175612 151901 40568 106711 14397 13837 170924 25235 166800 230959 106711 55486 80748 10363 94900 94173 166799 79479 211564 46729 0 211275 175931 14728 127460 15050 15081 154289 14464 154289 131069 122906 25235 140927 103719 211564 2794 189821 94900 229078 147145 13837 122906 145657 94900 45826 214004 166784 79479 211564 15081 10196 212000 154334 97401 234772 51354 232980 1044 139506 155337 17007 3530 2807 211564 15081 215695 93021 22689 214004 211564 175931
183909 0 103719 183969 0 103719 155990 0 106711 0 222419 103719 25235 14728 0 214004 53743 25648 230711 211564 157539 154289 97782 20119 25487 179765 103719 183909 26870 189276 73879 103719 42817 195837 204070 19128 230711 14397 72056 106711 130085 155337 211564 166784 211564 154354 0 154289 131069 122906 25235 201367 103719 183824 389
25234 155337 23761 25234 155337 23761 0 106711 86509 214004 25648 14728 10255 166162 103719 25235 201415 230711 25648 177145 80175 0 211520 211564 0 38733 23761 107266 106711 13123 117085 19128 228468 15713 225105 154289 25234 155337 23761 106711 38675 0 25234 155337 23761 0 155990 0 228468 212204 106711 230711 211564 166162 59134 0 211564 23657 21857 81322 211564 25648 103719 156149 214004 107195 25234 155337 23761 19128 232108 16352 157248 228468 14397 0 228468 0 211564 25648 214004 77879 25234 232141 26870 7906 214004 26117 172946 157515 14728 0 16352 183955 214004 9557 102493 79521 0 228490 17824 202772 58757 0 222563 64211 214004 0 155389 0 79479 155389 211564 58757 209622 27029 106711 124118 125217 214004 0 183909 166784 98682 183909 185014 78978 155990 0 25234 97900 155990 214004 191644 221873 64699 166784 155990 79519 157515 195835 79479 211564 149841 25648 212000 63539 40761 14397 0 181447 99838 19128 212000 86505 211564 154328 209622 15713 183953 155337 25234 232141 16352 68286 155337 211640 160800 230959 52784 0 189270 183909
133651 200764 127628 133651 200764 127628 32619 110897 2195 2597 106711 39216 170924 102041 98182 181060 231788 94900 55486 166834 79479 211564 149657 235368 175931 154289 211564 147865 98182 122906 150025 94900 94173 13123 166799 103719 211564 150025 79479 211564 38583 78205 14728 211564 208335 25844 125134 14728 232108 0 0 154289 211564 147865 122906 0 200764 127628 166799 49066 98182 20119 211564 221237 154289 225004 79479 211564 0 230717 94900 13123 166799 155337 211564 186152 209622 19128 79776 32840 35409 87323 213275 212263 14728 79776 150025 166800 0 0 94900 94173 13123 166799 189828 232108 211564 38583 78205 14728 1163 189828 232108 211564 208335 25844 125134 155337 132800 2806 211564 125134 215695 200764 127628 214004 211564 149657 235368 175931 79479 149657 235368 39927 184287 0 2807 77879 65012 165184 14728 0 2806 189950 165184 200764 127628 106711 133505 214004 97782 231238 95096 0 14728 212000 94564 212475 198463 184287 128032 14728 134054
0 207280 0 207280 17824 222419 37388 162859 131180 211640 158183 26639 231752 155990 0 211564 207280 115700 234787 131180 28409 234787 214004 26117 9054 122199 79479 28409 65392 154289 211670 103719 0 154289 229254 131156 47551 125896 211520 39206 26117 222419 214004 47544 211564 71647 212000 17824 130085 81322 204482 212000 230243 106067 103719 0 103719 211564 2481 37164 32425 48270 130085 211670 28409 212000 39206 13123 26117 222419 214004 85439 180880 154289 45523 103719 208656 229254 131180 107266 185188 214004 65385
0 214301 211564 144846 38733 107435 0 47071 103719 70703 19128 154289 58381 3942 2767 211564 228837 94173 14397 72708 168624 154289 0 14728 59736 154289 2004 163563 162942 116897 211564 215203 17827 106711 1365 116897 211564 228837 229078 80153 155337 132800 1573 2544 211564 17827 152375 117085 19128 0 229078 156422 218938 215490 155389 229078 38675 0 14728 211564 157248 229078 38675 0 32895 222419 214004 26117 160927 154289 211564 0 63100 154289 0 171690 211564 218938 230243 49478 214004 53703 0 228837 79479 214301 47071 103719 2511 211564 228837 17827 94173 152082 43566 195338 211699 211564 152743 154289 162859 126257 103719 0 94173 152082 43566 157787 211564 122153 80010 234783 211564 97138 229078 12927 3844 162859 103719 2589 14728 211564 127786 229078 220575 3341 103719 2636 190122 42444 104587 27236 211834 17824 80175 157248 199447 0 149841 214004 0 212000 17824 0 214004 211564 151924 0 214004 211564 230338 0 214004 211564 198989 14728 0 214004 211564 199004 211834 17824 132560 0 81322 10132 147905 103719 211564 228837
231442 189409 211564 231442 189409 106711 143826 14728 210151 198895 68252 77879 222419 103719 2553 79479 211564 143826 63011 65621 211564 68252 26434 168604 10253 107433 222417 154423 26489 14397 103719 10196 107266 229078 222419 103719 201206 229035 14728 132560 157248 143835 19128 230072 19128 210151 193961 14728 225626 83195 211564 189409 106711 154423 222419 230711 198226 106711 193860 75263 81322 89263 95407 155990 106711 212581 81322 14397 74306 211564 198895 106711 147145 79479 170677 231442 43753 103719 211564 43817 20119 76197 181560 2557 230384 103719 230742 211564 43753 106711 193860 232108 14397 18730 212204 229078 27026 214004 26117 211564 212164 143826 214004 222417 211564 198895 68252 107266 229078 211564 77879 222417 154289 211564 198895 81322 211564 228961 35259 198895 124760 211564 198895 68252 49534 81322 191406 154289 198895 68258 130085 79479 211564 2553 143835 65621 103719 188290 81322 211564 143826 197979 17824 228483 212564 205943 103719 211564 0 155389 154289 211670 106711 0 14728 0 220736 37388 14397 0 211564 189409 79479 211520 188290 229078 177396 122199 103719 155389 207868 211564 198895 229078 0 19128 131807 85468 30117 37388 14397 0 14728 94900 0 211564 231442 189409 26706 214004 26486 168604 230711 27501 0 110534 80147 211564 156418 177399 230742 94900 80147 0 19128 131807 26870 67461 37388 0 14728 172946 107266 105890 188290 103719 0 106711 53744 232108 147185 211564 189409 10196 170677 231442 10196 197978 103719 211564 43817 20119 76197 181560 230959 229078 193860 37388 14397 18730 14728 0 157787 211564 149841 58304 0 26706 222475 211564 68252 103719 157248 77507 94900 232851 155337 212204 103925 143422 171069 232108 85064 128032 155990 201989 199792 107266 106711 222419 103719 12554 154289 211564 104136 110217 143835 157248 198895 60297 165188 221873 155337 211564 68252 14728 222417 154289 211564 198895 103719 143835 26434 215715 103719 211564 49799 154289 198895 60297 179442 37388 0 193961 211520 8887 14728 195421 0 0 28289 117085 79479 97782 198357 79001 172818 162859 0 103719 2566 106711 125217 214004 94564 26631 211564 227051 8887 230959 77879 163140 211564 189409 212204 94173 26631 205282 37388 14397 105848 103719 2760 232108 125465 0 0 231146 0 62562 177401 20119 228961 35259 81322 211564 68037 154289 63011 65621 211949 177401 103922 193790 125993 154289 147158 154289 8888 188402 214004 177394 125575 154289 61199 79479 182307 103719 211564 143826 0 166799 211564 0 182302 154289 170677 0 103719 63011 65621 94900 229078 155389 154289 211564 77019 8888 222419 79479 211564 177399 154289 142930 226969 160927 79479 211564 143826 0 163140 142930 198895 68258 103931 211564 0 79479 131807 26870 0 37388 14397 0 0 50550 211520 107266 229078 0 189409 211520 92143 26631 103719 197529 132560 0 9071 94900 13394 222419 214004 110138 7973 99821 94900 229078 197529 89263 7973 0 14728 66755 103719 77507 211564 231442 189409 94173 26486 0 198895 0 37388 2768 107266 92143 26631 222419 103719 132560 232878 103931 157787 0 143835 210151 193961 14728 225626 83195 198218 62335 143422 152089 85064 128032 103922 107266 103719 12927 73650 155389 154289 211640 170891 103719 2794 231442 189409 16763 229078 178602 155337 211564 16866 106339 19128 154289 2798 107266 106711 202124 80748 214004 64874 211564 189950 195440 37388 34867 18972 108345 30478 229078 38675 211564 231442 189409 14728 229078 178602 103719 2798
0 0 106711 49768 14728 47071 154289 186794 171690 45111 8412 214004 211564 45112 42444 155337 2750 0 94173 14397 17827 154289 14728 6440 104755 211564 147143 154289 212204 47071 106711 103719 98992 214004 211564 0 38675 0 230959 229078 0 154289 211564 199278 50852 162170 58065 0
0 0 155990 0 106711 0 155990 127053 155678 182630 232108 182606 157787 107266 107266 39206 26117 14397 155678 17827 232108 182606 211520 106711 36156 18574 36146 20119 211564 42473 107266 222563 94173 125542 154289 49395 155990 0 98456 221873 211564 182606 211834 106711 154423 0 18574 211564 157685 0 154423 53187 211564 230964 81351 14728 194546 154289 36146 211564 232812 0 49534 81322 104132 232812 94173 26631 141266 81322 163498 232812 24421 230742 135976 166386 230742 122879 214004 157515 218938 232827 81322 186743 230243 49478 14728 43566 103719 27453 14728 211699 32694 37388 70703 0 135976 157685 14728 0 0 135976 105138 182630 107266 135976 198250 211520 106711 0 37164 105138 182630 155990 53193 17827 8412 214004 211564 158228 70703 61433 211564 232812 0 38953 81322 104132 107266 106711 80147 103719 191779 147910 121661 211834 99838 107266 134939 94564 49502 81322 211564 168885 155990 154879 199278 232827 0 0 155990 0 103719 141226 199278 37164 211949 232827 230243 13123 32694 81322 104135 121661 13227 211564 79730 0 106711 52293 14728 225177 49742 198218 199609 211564 232812 232141 14397 211564 158228 70703 61433 86516 211564 225105 19128 168985 199615 14728 211564 90492 203498 90720 187959 0 152082 0 211564 0 94173 26631 14397 103563 160800 154289 126587 21179 17661 107266 26706 214004 26486 49742 103719 49246 36147 66466 211564 2305 211564 53824 0 103719 149657 156500 127635 106711 13123 152109 79479 107433 171147 222417 154289 0
0 214301 19128 154289 2768 211564 228837 94173 14397 72708 168624 154289 0 14728 59736 154289 1573 163563 162942 116897 211564 215203 17827 106711 3051 116897 211564 228837 229078 80153 155337 132800 1573 2544 37388 49481 0 228837 232108 211564 154879 0 228837 32895 0 228837 14728 0 228837 92143 26631 53704 103719 2511 230711 214301 47071 74170 10196 211564 89263 0 67346 0 106711 216118 100099 232108 211564 37160 0 201394 148449 103719 0 228837 0 106711 183909 37388 47071 19748 154289 4546 69054 136992 214301 138213 88542 31256 154289 68126 155733 218938 199447 49069 103719 0 0 94173 195761 178571 232108 20767 103719 149657 236481 84728 103719 206238 14728 168836 130927 103719 211564 221179 201367
0 214004 143777 0 214004 143777 106711 49742 210766 211520 60212 155389 160915 178872 97782 162624 81322 211564 16324 14728 0 107266 105890 97782 160915 155990 15713 163529 143777
0 17856 211564 0 17856 106711 14397 17856 103719 208335 78746 211520 94173 26631 222419 79479 102041 98182 25346 14728 17856 79419 83195 19128 230072 19128 50260 107266 106711 98682 214004 211564 208335 25844 125134 154289 211564 147865 98182 122906 14728 211564 208335 25844 202524 154289 211564 17856 79419 122906 211564 17856 126612 103719 64905 208335 0 63100 229078 189955 126616 45828 10196 211564 75039 154289 208335 0 103807 214004 190031 81945 214004 51120 14397 17856 155337 208335 200213 21271 121387 148448 208335 200857 107266 155686 103719 2637 19128 211564 102041 159016 107433 77879 73582 229078 163135 37388 211564 183361 0 46929 211564 77879 98182 83155 229078 211564 125134 99554 211564 149657 235368 175931 230742 211564 125134 232553 37388 189270 154289 211564 17856 229078 36156 19128 149657 98682 79479 211564 125134 10196 211564 48053 0 211564 154879 196938 0 92751 20119 211564 78746 201354 0 170618 214004 211564 155694 154289 211564 102041 159016 211564 125134 143807 214004 211564 78746 0 64016 230742 229078 150178 211564 0 103719 200764 163800 78746 110122 211564 208335 25844 202524 103719 2634 221974 211564 0 154289 211564 102041 159016 32895 211564 125134 14728 211564 202524 143807 103719 211564 0 152375 147145 0 77235 106711 55486 98682 214004 131069 122906 25235 208335 25844 176652 51429 154289 211564 224742 94173 43566 93304 212475 213330 195338 211564 36146 155694 103719 2637 211564 0 10591 213056 211564 17856 214004 211564 158187 154289 211564 208335 25844 125134 147185 181071 214004 211564 102041 159016 230243 197964 214004 211564 200764 163800 213330 56743 149787 197964 212566 211564 208335 25844 17827 103719 108565 2804 211564 17856 147143 43566 214004 208335 25844 213330 80014 155357 211564 149787 178894 107435 211564 208335 25844 213330 155337 191188 2806 208335 25844 125134 158185 109052 0 15599 211520 211564 17856 233011 26117 178894 0 17856 10196 212000 38953 214004 14397 10591 232108 0 154608 49856 14397 154608 49856 25239 103719 208335 157248 71048 73589 153820 95534 103719 211564 17856 103922 50260 148316 83195 0 25346 14728 148339 215388 83195 210517 170924 233137 33404 77329 196018 14728 0 19128 230072 19128 201077 36292 180933 73589 211564 17856 94173 99539 14397 73582 37388 211564 0 170030 215356 211564 0 125097 55327 178894 36156 79539 215315 191406 103719 2754 15621 195338 2639 211564 36146 99539 211564 2640 150025 12554 83155 232891 233137 76266 205559 191406 2731 14728 83195 154289 211564 148339 137055 63276 25346 215388 103719 2754 2768 14728 2798 211564 17856 99539 154289 211564 83195 66466 211564 2757 201148 55327 77549 19128 211564 125134 58708 211564 38583 78205 83195 214004 214004 231648 211640 77879 201148 55327 211564 17856 13123 99539 0 233852 2639 14728 0 0 2754 14728 211564 2767 0 137055 25346 215388 211564 17856 99539 211564 2768 148339 232548 63276 77539 80175 25346 215388 155337 17007 210507 26256 201122 5714 103719 2772 211564 17856 99539 211564 199006 50497 137055 25346 215388 103719 2772 0 199441 163140 20119 211564 17856 79479 96131 211564 46929 201290 0 199441 215356 211564 193919 106711 13123 152086 79479 0 0 14728 211564 0 0 145725 0 106711 93356 157515 154289 212204 0 10196 192713 163140 196520 14728 61486 176889 211520 96131 0 229078 202124 155337 211564 103878 122199 177141 152086 20587 14728 94173 177141 212423 154289 225776 155337 235543 103719 2804 0 17856 99539 211564 148339 137055 98182 81438 80175 43448 77549 212204 229078 211564 77879 213307 211564 81438 80175 229078 95534 157685 211564 151938 222373 195338 2640 230711 211564 221237 154289 11700 0 99539 211564 73582 20119 211564 0 168302 154289 14464 152375 211564 98889 42473 103719 14464 38615 211564 81438 80175 229078 99539 37388 211564 221237 154289 11598 103719 0 211564 148455 148339 98182 209622 214004 78746 233396 176569 14728 233396 196926 94173 26631 95534 20119 211564 17856 152767 213330 233396 95534 211640 212475 73582 105138 154289 211564 17856 230717 176569 99539 211640 0 71475 42270 155337 152302 2768 233396 179986 214004 211564 17856 155357 10253 79479 211564 58381 3048 68035 154289 176569 230717 79776 149657 235368 234457 14728 55485 208335 25844 176652 166800 110087 0 191538 19128 211564 90672 99534 20119 211564 213307 94900 229078 80748 10363 79479 211564 77879 213307 103719 212475 234783 196926 179986 214004 0 17856 79479 211564 110897 2794 68035 208335 13123 99539 233396 74505 183834 155337 134939 2798 107266 229078 211564 17856 77879 233396 0 195338 205559 191406 2731 103719 709 234783 19128 107266 229078 156422 188402 214004 207868 166386 20119 211564 0 42473 103719 156496 0 17856 99539 211564 2804 179344 147865 51485
165310 31076 165310 31076 13123 38675 67390 48339 31076 106711 31076 145265 203498 81322 211564 67390 48339 154289 211564 222374 211564 147143 38953 81322 211564 165310 0 48341 17827 28439 180810 226394 14728 20364 85075 37164 211564 203498 106711 13123 166799 103719 133800 59073 230338 226394 162681 14728 78746 211564 130919 105308 17824 90854 226984 65621 14728 25376 211564 165310 203498 106711 166799 155337 8739 105308 211564 130919 61617 214004 211564 59284 31076 106711 211564 0 25239 180613 211564 203498 106711 104550 37388 0 52932 203072 24133 216273 136194 193961 14728 168604 198357 154289 211564 67289 2943 42593 67390 48339 165310 31076 0 32895 30308 14728 230835 184030 14728 222122 198357 69229 103719 211564 63213 222122 42486 154289 211564 199004 14728 138908 178090 103719 51397 214004 59284 31076 211564 165310 31076 230243 104550 37388 230835 145265 103719 211564 67289 218851 42593 18983 204070 19128 30772 33417 81815 30772 30478 30772 231529 0 0 83766 57857 14728 0 210946 130085 165310 31076 168604 232548 13123 166799 211564 165310 90854 203498 103931 0 23390 14728 69426 0 231007 80885 215785 106711 155389 154289 211564 143422 177296 165310 218277 26694 211564 189950 232891 228806 165310 31076 229078 203498 211520 229078 225177 168604 232108 211564 10132 154289 211564 198989 211564 0 229078 211564 2481 14728 2506
0 21205 186043 211564 0 21205 186043 193828 205775 21205 186043 106711 14397 21208 0 25239 103719 186043 211564 48053 229078 80153 103719 2760 10196 211564 177506 36292 0 154289 211564 154868 21205 186043 211564 48053 229078 80153 103719 191188 2760 10196 211564 177506 36292 0 154289 211564 2512 80153 48053 205775 21205 186043 65941 214004 61619 7973 211564 149657 48053 205284 123266 211564 152375 0 76135 177506 36292 186043 14728 80153 205775 21205 186043 182302 141210 230243 211564 0 70703 48072 9975 231628 14728 76135 221179 154289 131896 211564 48053 47233 214004 170191 211564 215715 154289 205775 21205 186043 211564 189821 2760 212000 166799 214176 232108 0 0 103719 211564 0 0 5035 47394 37164 20119 211564 70392 154289 211564 189821 211564 51681 70414 211564 48053 94173 214004 201304 103719 211564 47394 154289 21208 79419 211564 77879 134331 154289 211564 149657 205775 21205 186043 229078 166799 155337 3671 110829 2764 10255 0 205775 15713 79419 48053 81322 211564 47071 154289 186043 205775 21205 186043 232553 37164 211564 79278 189828 212000 232553 211564 47398 212000 166799 103719 197529 212000 166784 211564 189821 2794 103719 211564 0 230338 230742 106711 211564 4523 47394 154289 21208 122906 206730
213275 100575 195635 180767 213390 100575 0 32619 2428 76226 2539 103719 0 0 106711 14397 70703 0 94900 106711 222563 117085 19128 213275 100575 100575 192515 211564 2747 151137 170706 103719 164998 155990 136194 79479 97782 232840 155337 42311 63276 20119 211564 10337 154289 68599 94900 229078 8318 105890 211564 65041 188807 230717 94900 77879 60716 14397 105554 103719 29682 211487 214004 97782 85222 209598 0 0 230711 94900 229078 80214 94900 143807 214004 0 49066 188807 158228 230717 211564 189121 170710 152375 26212 97782 147143 211834 94900 26434 73569 142930 105555 103719 189121 203357 203732 204070 19128 44501 14728 29682 94900 106711 198311 154289 180767 231512 100575 103719 2573 100575 229078 8318 105890 0 49066 38933 214004 203355 147963 189122 88736 103719 2577 14728 103292 26732 232840 103719 211564 221237 59841 154289 29610 94900 77652 97782 164300 103719 2584 14728 232851 103719 149657 235368 214004 232840 155337 171498 206647 213532 14141 154289 0 0 171498 206647 103719 0 0 177506 30926 42335 14728 213532 14141 154289 181692 115718 211564 206647 13275 10196 179990 214004 38933 94900 51319 232840 155337 203905 230742 201307 155990 0 171498 206647 103719 2609 20119 211564 133144 29675 120464 20119 232689 98463 134093 94900 222419 211564 189674 0 0 0 68369 19128 97782 141197 156285 94900 62562 211564 0 141612 100575 80147 211520 0 26726 214004 26117 130085 10196 211564 68398 17824 0 14728 104005 103719 124361 66466 0 221763 212000 65495 225177 174293 103719 211564 138926 154289 0 103719 67181 42311 63276 94900 13123 80147 211520 0 17824 170173 103719 225127 42335 230717 212000 13123 0 211564 42311 55888 97782 90017 193935 211520 0 0 14728 0 75344 154289 171498 0 152375 38675 211564 0 0 155389 154289 211949 92143 26631 102313 19128 0 42311 55888 0 37388 161567 152889 103719 2625 94900 26706 232840 20119 103476 39284 179442 81924 103719 2747 94900 229078 21843 211564 151137 170706 103719 164998 155990 136194 232108 0 0 14728 161567 152889 79479 211640 232840 155337 42311 63276 157248 99021 79274 14728 94900 229078 0 37388 211564 174133 103719 2764 100575 106711 133505 214004 133786 49139 211564 52962 94564 218938 57781
45920 46303 158228 45920 46303 106711 155389 154289 211564 121959 49069 154289 211564 221237 154289 158228 211564 49066 229078 80153 37388 96049 225849 103719 0 19128 230072 19128 26870 49066 45920 46303 106711 13123 211564 41544 46303 154289 211564 62125 154289 158228 147153 45920 46303 41544 158228 45920 46303 94173 170882 212175 34867 170497 139927 212204 106711 71580 214004 211564 152743 170882 37388 12554 4798 157248 158228 49069 172946 214176 14728 218938 193790 154289 211564 215203 152743 79479 211564 221237 154289 38933 77279 211564 49066 106711 211564 191703 79479 160927 154289 0 0 0 0 19128 230072 19128 124462 40740 12385 9584 103719 0 142930 177151 107266 94173 26631 222419 103719 211564 77497 154289 211564 143835 154289 183323 94037 169216 191406 14728 13123 211564 143826 9018 154289 164439 0 152282 151938 125137 211564 143826 0 211564 213769 154289 211564 222373 68035 154289 211564 32268 211564 87666 0 63045 76214 154289 211564 49066 17661 94564 26631 222419 19128 141210 37388 152743 154289 157248 8211 105278 211564 221237 154289 44926 14728 52149 221237 32895 94564 0 154289 45920 46303 0 92751 45920 46303 41544 149657 236481 10196 230742 211564 47071 154289 0 106711 147145 106711 107435 147145 10196 45920 46303 158228 0 86694 231721 103719 211564 41544 14728 157248 36147 17824 37388 211564 169742 231512 143181 90017 232108 60300 37388 68156 0 211564 49066 94173 9388 76506 203336 195338 2600
182381 0 182381 0 32619 76226 2609 103719 0 0 106711 14397 21208 79423 94900 166834 79479 0 0 19128 0 94900 201307 166817 79419 103719 97782 98760 0 79479 0 0 211564 149841 234772 94900 166799 79479 195956 176078 231205 94900 166799 79479 176078 81322 2640 213219 2757 14728 193860 4665 87318 103719 0 134340 182381 0 13123 166799 79479 0 6932 0 0 21205 225715 0 93021 0 0 0 14728 0 0 10196 97782 234783 103719 89298 94900 38953 22689 214004 21205 166817 79479 0 0 26439 94900 92143 13123 163535 170762 66466 97782 213307 103719 79587 52931 211564 51354 232108 0 229078 97782 122153 43489 214004 82719 204024 103719 79419 94900 166799 212204 234772 225177 204031 14728 189276 2428 87318 79479 0 14728 177506 36292 186043 230717 94900 230204 103719 231897 2794 103719 211564 2794 189821 94900 229078 211564 28289 0 79479 177506 36292 186043 232108 2195 87318 103719 211564 122906 14728 87318 103719 105688 134340 94900 201307 97782 40279 103719 2747 103719 211564 232891 55327 0 134331 225119 124939 211699 94900 189276 87318 103719 3671 134340 215203
0 0 106711 211564 45098 81148 14728 127750 154289 0 103719 211564 0 0 0 154289 211564 0 215721 0
80571 0 80571 0 0 32619 132800 2950 2614 103719 0 13449 0 221982 21205 0 21208 79423 230959 166799 19128 58742 79479 76135 177506 36292 186043 103719 211564 21208 36489 94900 201307 103719 97782 126587 48053 0 19128 0 103719 211564 235536 175983 205775 0 94900 130085 97782 170924 58290 103719 211564 2754 189821 20119 211564 10337 154289 2004 232108 211564 0 147865 209622 94900 229078 4523 103719 211564 219707 73314 43448 2754 2760 94900 110117 0 21205 231205 232108 212204 48053 94900 176792 97782 77879 0 2772 94900 110117 76135 177506 36292 186043 230717 94900 194796 213219 2804 94900 166799 12554 168939 103719 211564 58732 14728 176792 2794 232108 177506 36292 186043 97782 189950 43448 103719 2806 94900 179879 65941 214004 154423 104877
121016 84728 121016 84728 155990 0 190122 106711 211564 189950 121959 121016 103719 42521 73312 211564 121016 79797 211564 32497 28439 80413 14728 206238 7973 212475 0 17824 103719 206238 103719 215203 107266 106711 7973 0 116867 103719 195912 20119 107433 58657 167572 107266 106711 0 58646 230742 131156 107266 80413 58657 121016 211564 29231 0 181560 106711 211564 0 157248 103563 216716 17824 211564 0 211564 0 14728 211564 0 211564 0 0 211564 121016 14728 0 20119 84728 155337 21611 107433 229326 207868 709 234783 214004 0 211564 121016 157248 211454 84728 103563 206211 47024 20119 211564 0 17824 0 0 14728 0 211564 29231 80931 47071 20119 211564 0 106711 0 211564 28289 117085 106711 0 211834 17824 195875 196936 106965 103719 211564 121016 211564 0 65762 0 17824 218938 0 202437 103719 211564 121016 103719 84728 212000 230243 0 211834 66466 211564 122153 102041 10337
0 0 211564 0 0 106711 21373 170882 37388 0 107266 179185 211564 0 390 103719 2634 14728 71018 107433 80217 84691 103719 2798 107266 106711 21499 103719 32895 0 14728 201394 228184 0 107266 106711 13123 21499 103719 0 0 38675 0 0 0 0
115967 61231 115967 61231 32619 115835 0 0 51744 59683 155337 110897 1365 2564 106711 88832 21842 151407 95140 137943 145279 19128 226975 94900 106711 117085 79479 97782 74408 226969 175921 103719 160868 97782 222388 154289 0 94900 106711 211564 122855 226975 79479 32895 24133 0 75846 14728 115967 61231
227233 0 211564 227233 0 106711 21373 170882 37388 227233 195338 2764 107266 179185 211564 103719 2747 62527 227233 87754 0
109392 49066 158228 109392 49066 106711 155389 154289 211564 49069 154289 211564 221237 154289 158228 211564 49066 229078 80153 37388 69426 155337 3530 110897 0 79479 211564 68126 154289 47676 212407 203336 152375 203355 34921 175921 154289 190012 203732 131069 65425 79519 26813 211564 72621 154289 211564 49066 229078 100233 170402 155990 0 0 0 14728 122682 81322 0 103719 228448 211564 49066 51320 214004 26117 19830 0 232108 228448 214004 212204 57919 211564 154882 36147 103719 211564 77879 0 57718 81322 211564 1996 14728 67289 2192 42589 189950 0 229078 9054 28439 7973 0 14728 7973 0 14728 212164 0 229078 36156 103719 7973 2442 82092 0 229078 36156 155337 211564 130919 195797 214004 133240 211564 0 15581 154289 211564 49066 103719 2592 14728 203331 78320 94564 26631 51121 20119 195800 103719 151901 14728 67390 158228 211564 125014 154289 211564 49066 229078 0 37388 211564 70703 47117 228806 126136 93582 20119 211564 49066 66466 211564 2424 42593 14728 211564 2652 42593 187834 58486 103719 152748 14728 8211 201090 177911 154289 158228 221237 10196 218938 183361 0 103719 211564 122308 92692 154289 211564 2652 42593 123146 214004 178865 154289 132560 154289 211564 179745 166389 155337 211564 49066 0 14728 0 212204 135977 211564 49066 229078 151115 127084 143430 230113 203336 14728 0 203336 8211 8602 182784 103719 211564 67289 2943 42593 19128 0 230243 16914 214004 209597 103719 149657 203732 232548 230243 77879 9388 103719 2595 14728 152375 79730 121947 160800 154289 211564 220632 168624 211834 17824 7973 0 203336 211564 170563 154289 211564 49066 106711 127357 0 211564 198311 154289 211564 151137 170706 231849 93475 0 79776 203336 103922 93949 231593 218863 34867 170497 139919 151829 229121 0 44991 139919 154289 108295 14728 122664 122664 154289 17170 211564 221237 43151 0 154289 42358 106711 20524 214004 211564 49066
0 0 0 0 60153 0 216040 19128 0 206482 154289 99371 106711 2484 85222 194951 99371 143826 37388 0 25239 155337 211564 0 152282 37388 0 0 211564 143826 229078 193860 103719 2482 14728 229078 178602 103719 85246 103719 2484 14728 103719 211564 222373 103719 2497 107266 106711 7973 223507 155990 0 147145 52842 0 201290 134866 0 230959 126243 103719 41262 155337 214756 154289 97329 211564 143826 103719 211564 172247 64002 103719 13835 37164 152082 103719 85246 13227 211564 143826 229078 49677 75039 14728 41748 211564 143826 0 77482 26870 194204 64834 65941 214004 51850 0 230742 230243 176968 211564 143826 229078 211564 155471 143826 154289 0 77482 211564 143826 94173 177141 203165 55178 79278 152082 155471 212204 211564 143826 94173 177141 0 168946 180139 155337 183086 214424 107266 177141 42829 80980 120417 14728 107266 187959 211520 7007 154289 54116 84087 211564 77482 168946 180134 232108 80980 176356 25239 155337 4842 180139 103719 2794 107266 229078 175973 218852 103719 70118 130312 211564 390 28289 77507 154289 232891 46748 0 0 99821 103719 2279 211564 166452 18707 103719 211564 168759 47071 154289 0 211564 176858 72652 10363 85463 117017 52842 0 103719 211564 0 143689 214004 211564 233190 156149 214004 189784 99710 79479 97401 103719 0 211564 0 16786 105198 37388 211564 179387 154289 211564 52842 19519 97782 235488 0 212263 0 14728 0 214004 216266 214004 154333 97401 211564 0 99710 8816 0 98682 0 235488 231238 69471 179649 232108 0 14728 0 232108 211564 216266 166577 154289 96131 100713 0 231238 103719 211564 40275 154289 97782 81148 211564 0 0 14728 106711 155337 107433 229494 26694 94900 176792 211564 41262 154289 211564 52842 94900 131156 202463 20119 14397 104935 211564 0 17824 10120 154289 0 14728 0 211564 235488 131807 216266 82092 211564 32268 154289 211564 0 0 154289 0 193890 191536 97401 19128 228969 37164 0 26295 12554 0 214004 211564 231678 14728 51319 97782 110441 230711 94900 77548 123266 97782 90727 103719 76172 14728 159716 94900 229078 165188 221873 103719 14397 0 79636 154289 211564 40707 154289 211564 52842 14728 176792 0 0 41262 52842 0 106711 151115 124118 0 211454 97782 98682 0 23539 77329 14397 73572 135943 106711 170105 79479 0 230711 94900 100694 97443 8343 232108 116965 155337 97782 77608 228777 0 0 0 155337 211564 30926 211564 52842 19547 211564 235488 131807 214004 201492 10196 150392 103719 95140 196600 0 228351 221873 218938 213330 30131 155337 97782 148527 230711 52842 0 93580 211564 79278 73572 190195 211564 168853 154289 0 231238 69471 103719 0 94900 103292 207902 0 214004 154333 14728 194776 211564 172742 51354 20119 74823 223467 0 0 211520 94900 94173 26631 106151 214004 211564 62446 103719 97782 98682 215473 0 16958 211520 150392 211564 196606 0 214004 0 97782 30926 37164 228351 221873 0 103719 211564 63007 103719 234534 0 14728 0 157515 96131 93304 0 211564 52842 39206 26117 21857 81322 97782 225565 69471 75263 105890 0 201354 14728 26734 214004 0 135979 0 0 211564 41262 66466 211564 57919 14728 211564 52842 106711 0 103719 0 196600 103719 0 128952 103719 211564 73572 0 190195 99821 211564 52842 231473 126498 232108 67320 0 155337 0 211564 122153 0 106711 70173 211564 52842 107435 19128 179703 166386 0 72226 211564 41262 106711 187742 14728 161104 157515 37388 0 230959 40275 79479 211564 0 95023 103719 99511 0 135979 94173 123146 214004 211564 0 17824 216125 214004 0 232108 0 14728 126500 155527 185437 193431 211564 0 131156 232108 0 7930 155337 211640 229494 214004 0 230753 0 177414 0 214004 211564 98682 121387 155337 31256 211564 53916 136992 154289 0 61497 155389 10196 211564 157248 214004 145989 102989 19128 106114 211564 185442 14728 155678 155389 154289 211564 0 94900 231473 72220 0 154289 176407 77548 230711 155471 211564 39927 14728 97782 77879 134351 17824 12488 0 81322 211564 52842 154289 97782 0 20119 150392 211564 122153 218938 53916 136992 230243 115718 14728 211564 0 143821 125207 85757 193431 71018 211564 168759 154289 0 211564 0 185924 202487 36146 191538 19128 211564 126616 79479 0 103719 0 117017 152375 26439 154289 97782 0 79479 126257 78538 121402 103719 14397 20102 0 211564 134191 106711 77548 96237 211564 52842 0 103719 0 14728 211564 176407 123016 211564 193431 14728 228468 212564 211564 47071 20119 150392 211564 47071 154359 190122 211564 0 0 211564 0 230742 210194 154289 211564 58094 62609 38657 201354 154289 69934 37164 107266 106711 214672 122184 211564 166452 106711 200324 103719 0 14728 214312 0 225571 73569 211564 0 170938 0 14397 74244 155337 0 62611 106711 151115 0 10255 211564 166452 117017 94173 72221 81322 211564 20102 14728 106711 0 37388 0 230742 94900 0 155337 211564 166452 37164 94900 131830 214004 72220 14728 97028 81322 211564 47071 0 94173 13123 131824 214004 8599 0 94900 34772 211564 32268 154289 211564 0 232108 97401 230711 69471 176841 232528 172750 154289 95049 52784 26117 211564 223507 201492 37388 86521 97401 214004 65385 211640 30926 0 14728 107266 197529 79690 211564 0 0 131156 135979 0 106711 172477 105890 211564 0 99710 8816 0 81807 154289 0 14728 0 94900 127246 157515 211564 231716 103719 69471 182630 211564 235488 232528 49017 14728 191033 21857 12927 0 214004 85439 63660 0 211564 0 154289 97782 0 47948 0 105890 96131 182630 14728 16958 69471 214004 65385 96131 30926 19128 94900 0 155337 96131 94900 204126 0 97138 94900 0 7973 97782 60308 214004 213307 211564 57904 106711 49570 232108 211564 77879 0 197529 211564 77879 176652 154289 211564 204687 211564 223507 87519 214004 19364 0 176792 37388 64978 69471 182630 14728 103929 96131 103719 97782 18438 37164 107266 106711 214672 122184 69471 106711 58075 0 99838 58708 20119 211564 70392 154289 211564 223507 166452 0 106711 0 77482 155471 170889 0 77482 229078 80153 2482 37388 0 0 14728 0 0 0 92143 211564 102279 214004 193738 223507 77482 211564 105194 18568 81322 0 228806 74224 103719 211564 231897 154289 2468 191299 75627 214312 97401 211520 97782 75861 229078 223507 14728 155389 154289 211564 0 0 14728 0 84087 0 0 109942 214004 189429 105198 81322 0 0 2407 152282 0 60375 0 77482 152082 94594 181071 214004 211564 77482 0 229078 14397 74225 199455 103719 57477 0 94900 92143 13090 232851 155337 59977 203331 227357 0 211564 203331 154289 169583 103719 2462 14728 211564 189429 79479 2480 59977 0 0 0 103719 61497 0 0 211564 0 99821 94900 38953 105890 211564 232891 0 191644 211564 202561 103719 77176 151901 85222 93671 215473 147145 0 14728 43566 211564 43753 147158 94900 9054 211564 102279 154289 211564 223507 34770 211564 166452 214004 0 225411 176407 155337 211564 193431 94900 123266 157515 211564 223525 0 223507 100579 43753 0 85222 0 189429 229078 0 0 232141 26870 197529 0 19128 157248 32309 104550 37388 126049 0 204070 19128 212397 37388 40397 0 0 0 60209 0 189429 19128 81807 154289 167492 81807 154289 180613 0 14728 89198 232553 211564 62330 81135 231442 0 230959 130085 143835 221763 2477 37164 92143 130085 97782 77879 191764 170891 179377 19128 208022 0 89198 230959 92143 203340 20119 211564 18807 8220 103719 65309 214683 157787 19128 18979 62330 14728 60294 191688 14728 52641 79479 211564 198931 154289 211564 145268 62330 154289 211564 0 93475 0 229078 179661 211564 221276 200905 8887 134866 0 81322 144839 229078 49726 79479 211564 213769 182302 157248 182307 214683 155337 0 211577 154289 134866 0 215788 8888 125207 0 0 91293 227357 0 14728 12191 0 79776 0 20119 0 0 8842 188807 20119 211564 0 211577 77497 26706 103719 110829 2482 0 193876 230243 77487 103719 0 207868 81322 0 215459 157787 0 0 232108 211564 0 0 191538 19128 211564 0 193860 79479 211564 0 188290 157248 126619 230243 211564 0 211564 0 234527 14728 211564 93671 103719 0 211564 7509 0 191538 19128 0 149657 0 99710 211564 155389 154289 211564 0 81322 0 191538 19128 0 14728 64834 211564 0 0 0 0 0 132560 228490 154289 0 214683 166386 103719 211564 100575 154289 117017 230959 156151 0 103719 211564 234527 154289 0 214004 136322 211564 67267 82092 0 193876 79274 103719 0 0 14728 155337 0 211564 77482 209622 216274 214004 211564 0 143689 230717 0 41262 191538 19128 0 79479 0 92692 41262 148449 126619 13123 191538 0 201492 20119 0 0 211564 181560 110441 232108 211564 0 77487 155337 211564 0 181560 14728 211564 0 154289 211564 97138 0 143681 175921 211564 209622 77487 105603 193876 20119 211564 0 203345 103719 27927 0 126598 14728 82092 0 103719 211564 0 79636 160927 154289 211564 77482 191644 103719 0 230243 13123 193860 103719 196813 79479 52595 176968 0 81253 0 228182 155471 92143 155389 38979 21499 14728 211840 211834 229078 155471 155389 156418 148702 211564 62330 79274 0 189429 40286 79278 0 105291 155337 38979 0 125124 14728 178562 134604 149634 0 49975 0 930 158793 154289 211564 189474 19128 0 211285 229078 140488 81322 211564 62330 232862 189474 212204 50245 211564 122153 188290 154289 211564 77482 103719 230742 69471 0 96483 14728 211564 223507 61556 103719 211564 77879 176652 154289 211564 204687 0 170105 40286 211834 230243 0 211520 230243 214004 0 73802 214004 67181 77487 188290 14728 94900 222419 0 214004 51429 211564 0 154289 211564 8842 195338 211564 38979 229078 143430 201383 14728 0 214004 0 0 222419 143813 14728 0 232135 211564 0 0 103719 156149 214004 0 211564 188290 19128 0 193431 196843 143821 81322 181060 214004 123266 212564 211564 143826 189422 0 222419 212204 197529 0 169367 68252 154289 211564 0 154289 0 143498 233011 202983 68126 212204 191538 211564 186152 172826 0 154289 211564 38979 225763 204070 19128 230711 211564 223507 77487 155337 211564 193431 81322 211564 81286 163568 155990 201077 127241 157515 154289 231721 160927 154289 211564 80387 14728 193750 105890 225763 211564 0 154289 211564 0 0 17824 211564 188292 103719 230742 211564 223507 43753 62328 74878 211564 38979 218565 214004 211564 20800 14728 212746 211564 80217 228497 106711 35063 211564 223507 190177 37388 107433 0 211564 61928 154289 211564 189422 214004 31014 221873 14728 211564 225768 214004 62328 0 93475 0 213771 97782 77482 189270 79479 0 19128 0 14728 182430 204364 211564 213769 180060 185390 0 0 49742 0 221304 211564 176960 214004 19865 19128 211564 143826 0 206482 154289 99371 0 172946 124118 155337 211564 223507 134372 49749 19830 69229 204070 19128 99371 14728 193640 19128 214004 211564 105448 154289 211564 62330 52334 0 103719 230742 211564 0 154289 147986 14728 211564 75104 79217 187916 43753 154289 211564 77482 177864 125207 0 0 0 103719 97782 145265 211564 106173 154289 211564 0 123316 75104 208027 14728 147986 0 189270 229078 172270 103719 68036 79479 121947 156101 14728 79479 0 156101 81322 211564 172271 0 0 211564 210381 104220 165301 193919 155337 0 188064 219092 143826 213769 24421 14397 0 0 0 0 60445 0 202719 0 0 14728 0 195338 211564 215203 0 154289 211564 232840 106711 155471 7973 4546 140071 0 0 204278 211520 211564 163136 230243 179139 79479 104220 160927 8386 37388 7973 211564 43769 10253 14728 10253 19128 0 13123 211564 179139 222417 154289 164856 79479 65107 149657 195837 212564 0 154289 211564 43753 165301 204070 19128 43574 103719 170176 130085 103719 211564 0 14728 0 103719 211564 0 212127 107266 106711 168985 212407 143422 154289 211564 189270 94173 26631 127491 26439 154289 212204 155471 0 154289 211564 189270 19128 107266 229078 166799 103719 2484 39206 26117 95035 107266 106711 231016 197529 132560 50026 14728 145280 94564 233190 155990 0 211640 158183 198931 214004 0 211564 77482 79479 73831 108345 27986 50025 154289 211564 0 154289 132560 93060 99371 77507 103719 211564 122184 0 14728 12554 211564 0 58304 103931 211564 0 14728 0 191406 94173 233190 189270 79479 0 154289 0 193828 26694 211564 170031 14397 9600 39070 229078 166389 103719 107195 2950 154289 211564 130312 0 220544 77482 232108 204633 188290 14728 232840 164758 170889 179236 14728 72566 103931 216368 155337 0 37388 0 0 0 0 170032 155337 132800 2484 103719 211564 0 154289 211564 27927 0 83548 212204 229078 166567 19128 121947 197680 73572 71084 76926 154289 0 14728 90677 230243 19519 214004 18706 65314 103719 0 52637 211564 46748 170031 107435 214683 166386 155337 1573 132800 2484 20119 27927 212204 229078 0 77482 155471 143826 26439 211564 143826 229078 77557 75039 211564 0 177977 214004 207868 211564 77482 103719 211564 171008 154289 211640 121947 143826 211578 14728 197529 0 229078 155471 193952 103719 77019 196936 211578 212204 229078 13123 26439 0 0 92143 14397 72652 8842 79479 97782 231146 78707 0 0 79479 51850 0 14728 231857 211564 53054 156151 12554 74101 170605 154289 0 36885 37164 155389 0 51842 154289 211564 77482 92143 13090 26631 63090 18574 211564 232891 211949 170605 230243 0 157787 211564 234783 60375 107266 75039 14728 0 77482 24271 103719 2484 211564 77482 177141 54103 168946 180139 183086 214424 187959 211520 7007 154289 54102 180139 230243 168946 5224 157515 154289 215203 5305 180139 232108 14397 21611 176356 154289 201392 155389 154289 211564 194951 71679 143422 104555 0 0 0 88384 76309 14728 0 163135 81322 134866 193998 19128 211564 223507 191644 211564 0 79479 211564 99371 77507 211520 79274 182180 67535 38675 107266 142930 68255 79479 26870 194951 77482 94900 50307 211834 106711 151115 0 103719 0 100355 199547 0 211564 192080 14728 131156 182630 190173 151816 212397 212110 211520 126209 155471 20119 150392 63539 152082 148622 214004 208059 79479 211640 225571 17824 19557 228298 0 0 14728 0 0 0 0 19128 173989 122949 103719 0 0 232840 79479 26870 226558 79479 211564 77879 213307 103719 16352 191703 212263 0 187959 211564 16792 154289 211564 77482 81322 211564 50568 28439 209725 0 14728 107433 130939 172102 8842 203720 0 167492 211564 179758 229078 0 12927 47812 16897 154289 209725 0 85222 164759 14728 38979 232840 103719 14397 0 43818 232108 58646 0 14728 76314 178562 214789 211564 65228 211564 0 0 170176 86505 211564 77482 192072 155471 0 97022 126817 212000 113978 211564 77482 106711 202124 203165 16792 43753 187959 212263 0 13123 0 0 165215 221873 155337 212204 77482 0 68252 14728 0 14397 0 154289 211564 65228 14728 211564 77176 211564 135976 25239 155337 51488 43753 154289 230638 229614 38657 176884 231512 0 110658 211564 77482 204192 220575 211564 0 14728 166944 154289 53193 166784 37388 12191 0 14728 226461 12554 157248 136992 154289 211564 41135 157515 76172 13123 0 0 54111 211564 0 166784 211564 8888 163136 230243 152082 194807 230742 212000 0 214004 211564 74885 211520 0 152082 74225 20119 212204 213307 103719 211564 122855 8887 92143 26631 70888 7425 0 2484 23697 0 0 14728 0 221763 2631 222419 0 19128 211564 164968 141197 79479 211564 122855 43753 14728 183153 79280 211564 202570 100233 0 154289 211564 0 14728 181821 231515 177396 14397 11886 0 19128 198931 214004 211564 77482 58594 214004 211564 137045 154289 134866 0 107266 229078 178602 103719 2602 211564 81351 53187 229078 202124 81322 211564 77482 230278 0 2602 0 214004 0 0 211564 0 201289 0 0 19128 52842 0 152082 0 191231 214004 0 77482 38675 223507 103719 224639 201289 0 212204 213307 19128 0 14728 46004 0 19128 160548 0 211564 2602 210151 143826 185727 127496 0 211564 16797 154289 143979 0 155337 211520 154289 52842 0 103719 2639 229514 0 178602 103719 230742 211564 156418 77482 229078 0 214004 198931 37388 219051 148702 14728 99539 37388 57825 0 211564 2731 98557 143826 192072 154289 211564 223507 214312 189969 97888 154289 211564 131180 154289 0 0 211520 8887 134866 0 166799 37388 231489 0 229078 8901 0 223507 14728 211520 62330 0 110079 0 229078 0 103719 0 211564 53725 79479 211564 172826 154289 0 195184 211564 193790 77482 120370 0 0 37388 0 166850 14728 77482 54100 0 0 204278 97022 167073 0 37388 0 62330 14728 170883 0 14728 0 0 214004 97028 14397 0 154289 211564 72845 125014 193860 19128 0 211564 77482 201289 99371 102197 161567 0 14728 0 77482 0 0 0 226333 49562 2794 89021 152282 0 37388 46004 99823 232421 0 211564 156418 2484 77482 202570 232108 141226 191703 14728 41135 211564 40849 149370 9535 206160 191406 133786 192871 0 160706 154289 47400 99371 143835 14728 43769 76214 0 19128 0 43753
115967 61231 24053 115967 61231 106711 57247 95140 137943 24053 107266 229078 79769 37388 115967 61231 10196 211564 200049 221873 154289 97782 24053 0 75846
123384 0 123384 0 13123 38675 123384 0 74300 155990 195275 111067 0 106711 15713 219051 154289 123384 215566 211564 61617 106711 211520 212000 17824 29228 211454 178180 123384 14728 211520 212000 17824 135977 79479 10371 0 26439 212000 17824 67380 214004 93273 211454 178180 123384 123384 0 230243 122389 103719 2585 211949 191688 17824 103925 103719 211564 123384 0 191406 0 36146 215531 145725 77879 83548 165979 193431 36146 215531 212204 191644 106711 391 226577 222373 20119 0
0 0 0 0 106711 77176 43753 103719 211564 201206 229035 221217 94900 106711 155389 154289 191779 170487 43769 103719 211564 201206 229035 191406 232108 0 0 0 0 14728 0 94900 106711 155389 154289 211564 77019 131069 43769 214004 16796 103719 12554 154289 211564 195875 201206 229035 143835 94900 106711 168862 103719 211564 156418 216909 37388 0 90834 14728 103719 211564 0 216909 37388 0 0 14728 227055 37388 108345 18500 209463 103719 201206 229035 211564 0 229035 191406 14728 201206 229078 177037 191406
71847 195421 71847 0 0 32619 134939 930 2566 103719 47706 154548 222374 28409 117085 19128 71847 195421 106711 93681 181955 14728 95140 137943 65605 79479 211564 181955 24053 116367 14728 79777 79479 195421 12385 51676 103719 58381 2629 71847 195421 154356 26434 211564 65605 79479 116367 10196 211564 58165 154289 71847 0
133651 0 133651 0 32619 20929 3598 2608 103719 0 56163 106711 56159 102041 98182 181060 231788 94900 55486 166834 79479 211564 18190 53315 154289 211564 147865 98182 122906 150025 94900 94173 13123 166799 79479 211564 147722 169849 14728 211564 229121 39786 133651 13123 94173 14397 154879 35254 147145 182381 230959 166834 103719 211564 56159 0 26694 166817 103719 211564 150025 0 166799 189828 103719 211564 0 79479 211564 0 30431 14728 79479 211564 177506 58666 177037 0 94173 13123 166799 389 189828 232108 211564 147722 169849 14728 83195 232108 211564 229121 39786 155337 132800 5035 2806 211564 39786 215695 0 12974 232108 0 110079 140594 214004 211564 164602 53315 79479 2807 5035 183176 65012 165184 0 0 14728 45908 35294
168770 168770 106711 77879 193740 173052 225626 83155 130085 37388 0 52265 107266 106711 211564 191231 214004 211564 225626 83155 168770 211564 83186 106711 195181 214004 211564 77879 83155 37164 107266 9097 149657 202517 173056 14728 43769 221304 211564 77879 83155 107266 13123 94173 48270 39070 230717 218938 166801 166784 19128 181881 36156 37388 0 214004 198159 173056 211520 52784 149622 26117 198160 37388 100381 10196 115737 0 14728 0 0 189121 120462 0 211564 171455 154289 168770 106711 207888 22689 214004 211564 0 14728 166389 103719 205611 15346 79479 132560 234783 230753 192713 0 211564 120462 26486 142930 14728 142930 183909 64834 26439 151115 155389 106711 211834 214004 207868 40275 154289 211670 155357 192713 228351 221873 196936 0 181871 147145 0 216817 214004 95750 96131 72220 211564 36146 103719 211564 170800 94900 8343 0 0 230959 202124 15226 232108 0 79479 115737 96131 79528 0 214004 163134 211073 195181 214004 211564 155420 192713 163140 103719 168770 230753 0 0 211564 173056 14728 0 179113 211564 36146 0 232878 26813 211564 188292 214004 80748 0 155357 94900 63743 212000 217615 214004 0 0 229646 103931 96131 0 14728 0 103719 0 232108 0 0 0 37250 211520 0 0 81322 51439 211564 120464 14728 172993 0 103719 96131 166386 103719 15087 0 180062 211520 0 106711 14397 105410 199728 53704 37388 189138 214004 0 0 81322 73696 37388 0 96131 232108 51045 202886 154289 203420 102295 0 106711 0 14728 26488 169353 94900 172993 0 0 105890 169129 14728 218565 155337 0 190891 211670 32895 58646 220635 214004 14397 7509 160800 154289 211564 74876 220635 106711 211564 77879 0 189121 120462 201307 103719 211564 2552 230753 74305 211564 17827 177396 137836 37388 0 189121 80154 41831 110092 14728 97782 189975 40570 210179 211564 97888 154289 211564 49856 14728 74260 211564 132560 57195 211073 163140 211834 19128 0 143821 82092 221873 103719 211564 0 213307 143821 80017 19128 230072 105890 211564 2591 41831 180062 211520 211564 49856 106711 0 14728 145387 222417 98701 162859 19128 211039 203732 176333 211454 211564 20025 14728 155160 20302 212000 92143 222419 26694 96237 0 0 232108 0 230978 192713 166408 155337 96131 168770 91026 14728 40725 232108 96131 19128 212000 143805 80017 0 26734 214004 179136 212110 211520 40570 187959 14728 26488 50615 230711 212000 143805 105890 160800 154289 211564 120391 211520 229078 222419 66466 211564 2607 137831 81322 41831 187959 94900 94173 88401 39284 81322 232862 232108 142706 66541 14728 94900 106711 66755 10196 0 7973 211564 0 154289 125014 94900 187959 211520 94900 228777 40570 214004 183909 211564 49856 10196 94900 61556 0 49534 221873 232108 166497 214004 60445 0 155357 212000 77580 97401 0 14728 0 131133 107266 214004 211564 141226 120391 148448 211564 205399 14728 77580 0 0 20571 214004 193790 97401 37388 210190 97401 160162 220933 0 106711 152082 196964 70888 214004 220704 107266 14728 211564 166497 75037 0 94173 62562 97782 149657 31473 86516 97401 76313 154289 0 230711 203720 0 211039 94900 216810 214004 131133 0 232108 123400 214004 198159 173056 37164 212000 230243 152082 87949 20119 107266 105240 94900 79528 0 214004 198159 173056 19128 192713 0 142930 211073 0 76314 154289 0 26486 229623 197529 94900 36150 142930 14728 142930 49996 211073 37388 0 214176 211039 43355 211520 0 36156 230711 0 39485 85439 211564 179758 94900 228777 81322 211564 211073 94900 58422 214004 115700 0 14728 0 212000 72220 14728 73592 77580 97401 122873 214004 211564 77539 77301 0 95767 0 0 35063 163540 0 214004 0 214004 0 97401 14728 192713 216817 214004 170227 211564 37250 211520 206225 0 14728 0 103719 211564 77879 166386 230711 192713 106711 220279 214004 192713 193750 168770 155337 211564 78672 27236 0 14728 15713 155337 211564 142706 230742 39206 26117 190178 212564 98463 103719 211564 182606 0 106711 172477 81322 0 31473 14728 178602 105890 199163 0 106711 12927 172477 157515 214672 37164 0 187758 96131 14728 0 211564 0 10196 187776 0 0 199424 0 214004 96131 74266 211520 230711 192713 229078 53704 192713 229078 86509 160800 154289 40570 163540 192713 211487 0 79479 95757 96131 77580 230717 40570 163540 106711 103719 96131 33750 211699 0 107266 179990 214004 96131 79776 190568 0 210194 0 211520 192713 106711 214672 61641 214004 115700 197529 192713 231473 202463 217624 14728 178601 96131 105240 0 106711 191033 214004 211564 205399 37388 14397 69279 230753 211564 0 195400 155720 155357 192713 131156 107266 157515 211564 49853 54939 106711 212581 20119 96131 14728 192713 106711 80748 214004 87301 19128 211564 53750 182320 0 195459 211564 198357 228767 235471 87879
212505 84851 212505 106711 84851 80147 103719 126055 143835 14728 210151 107266 222438 0 230717 211564 20800 106711 130085 214004 232555 230638 106711 87591 214004 93580 149841 0 154423 94564 99371 155990 53968 211681 198218 73833 154289 212505 143835 17824 0 194940 154289 211564 0 0 14728 211564 29856
157787 211564 125376 2798 157787 211564 125376 2798 106711 82202 170924 233137 161742 0 73582 214004 26117 130085 37388 233396 230742 231473 93580 155337 134939 3051 2798 20119 211564 0 103719 189841 229121 107266 231473 26117 211564 189950 157787 211564 125376 73582 211564 130919 73582 79479 211564 176569 194518 154289 211564 0 229078 60531 155337 211564 134939 68035 154289 176569 211564 0 11807 59036 181333 14728 180270 145987 74829 154303 103719 217024 212463 134331 230717 211564 231849 233011 74823 110079 42389 79479 211564 233396 43448 20119 157787 211564 125376 211564 0 232553 211564 134331 37388 182346 221873 145987 10196 211564 134331 229078 157787 19128 92143 26631 15599 42389 49502 157515 214004 0 230638 219051 154289 134331 94900 92143 45828 94900 0 211564 0 102493 94900 228777 97782 213769 22689 107266 195254 235471 155471 94564 214004 131133 135912 187916 218938 232827 212746 94900 15599 211564 134331 233011 26117 14397 174504 134331 13123 155337 176569 40764 157787 81322 211640 233130 14728 74505 183834 134340 109335 0 43286 138545 48925 214004 155389 77539 134331 20119 157787 211564 125376 230717 102493 94900 127491 94900 233011 163543 0 48925 103719 214004 211564 233396 92751 154289 75314 14728 86505 97401 97782 92751 154289 75314 181252 48925 104837 185390 151115 14728 201307 0 7973 97782 143481 57919 232108 97782 143469 211564 57919 26694 103719 81351 154289 0 231007 143469 61505 103719 76226 212204 0 115967 214004 217615 14728 20531 48925 230959 229078 103719 97782 48925 139761 0 33384 135977 214004 171475 48925 81322 0 19128 115967 230204 214004 20531 94900 229078 20532 81322 26813 37388 48925 137310 107892 0 126136 122199 103719 211564 193919 0 38953 22689 157515 14728 20532 48925 212564 211564 98465 55657 103719 211564 48925 139761 37388 0 48925 94901 179140 10255 211564 0 37388 97782 213006 10196 94900 229078 187742 0 8318 211564 134331 10255 0 155337 26767 154289 48925 144135 214004 48925 0
0 229035 211564 0 229035 230243 191406 154289 229035 80124 103719 211564 0 162620 103719 2461 77879 0 228806 14728 2462 189950 0 228806 211564 77879 0 228806 229078 80124 37388 89298 191298 142470 14728 36262 211564 0 122906 10255 211564 157360 70118 211564 130919 153634 154289 211564 0 122906 229078 214004 0 211564 73314 210928 154289 211564 157360 70118 26439 121947 152748 154289 211564 162859 154289 211564 0 122906 126212 220575 157360 183824 211564 228806 229078 204024 14728 211564 157360 70118 127491 12927 107433 71076 73314 210928 211564 189950 0 228806 229078 80124 37388 89298 191298 211564 157360 70118 14728 182401 10255 36262 26439 36262 76498 211520 89298 14728 191298 88365 142930 121510 211454 212000 0 36262 58473 228806 155337 89298 14728 191298 230742 0 211564 20537 211564 157360 70118 14728 182401 58473 228806 155337 36262 26439 212000 228772 214004 82719 36263 210928 14728 37388 211564 70392 154289 211564 189950 0 228806 36262 92143 127491 12927 12554 107433 82732 81322 211564 77879 0 228806
17007 2798 0 14728 214953 157528 211564 17007 2798 0 14728 214953 157528 229078 121947 188064 73582 230717 214954 14728 0 155990 231130 202677 231727 56974 160927 154289 201367 179762 103719 0 211564 73582 93582 81322 17007 214004 17007 5523 155337 17007 0 79769 103719 102978 14728 0 125542 154289 191782 212704 79769 103719 106298 211564 191782 212704 170882 121947 92439 14728 203165 231678 14728 0 214954 211699 95140 175361 79769 230338 154289 211564 191782 212704 37164 211564 125542 114443 170886 191782 229667 155337 17007 211564 0 13123 218540 105890 0 125542 154289 191782 212704 211564 202538 170882 214954 211699 0 79769 103719 210507 14728 170882 214954 37388 211564 150392 154289 17007 211564 125575 154289 202538 0 14728 143807 67390 37388 17007 211564 191782 212704 230243 103719 149657 109339 133800 59073 226394 151901 40568 14728 78746 14728 143807 157515 214004 189674 211564 202524 170882 127496 154289 214954 166944 154289 191782 0 14728 214953 229238 14728 0 230243 107196 0 0 102978 232108 121947 92439 14728 203165 231727 14728 168985 214954 92439 221873 214004 103719 61222 76461 14728 130085 56973 19128 230072 19128 211564 231727 214954 230243 0 168985 0 125542 154289 191782 212704 0 211564 17827 13123 232108 121947 92439 14728 203165 231727 92439 221873 214004 103719 61222 76461 211834 12974 232108 203165 231727 214954 230243 0 37164 168985 0 14728 0 125575 0 104136 232108 152767 179236 154289 121947 92439 14728 203165 231727 14397 0 214953 65507 64834 103719 104136 12974 232108 92439 221873 214004 103719 61222 14728 56977 231727 14397 0 214953 103719 0 65507 64834 103719 154548 14728 61448 198218 56973 103719 211520 191782 0 232108 211564 214953 203165 231727 230243 170756 12974 232108 92439 221873 214004 103719 61222 14397 0 214953 103719 0 65507 64834 103719 198989 0 211564 214953 61448 56973 12974 232108 92439 221873 214004 214004 103719 61222 14397 0 214953 60446 144135 154289 211564 17827 230717 211564 214953 65507 64834 12974 232108 211564 214953 211834 230243 203165 231727 14728 214004 103719 61222 92439 191782 212704 0 211564 201354 211564 191782 212704 170882 389 214004 103857 103719 61222 92439 14728 203165 231727 214954 230243 0 37164 168985 168985 214953 61448 198218 56973 214004 14397 17827 230717 211564 214953 168988 65507 64834 157256 92439 14728 231678 230243 170756 197429 76461 0 144135 154289 149657 235368 201354 214004 73569 0 14728 151938 149657 109339 149657 235368 47071 14728 151938 149657 109339 111067 187834 77019 0 14728 0 0 230753 166408 151901 154289 0 187834 95140 0 14728 149657 235368 201354 187834 84653 154289 197429 198218 166408 187834 19128 144135 19128 154289 197429
4265 0 4265 0 106711 14397 13837 95140 137943 24053 81322 0 11700 4265 0 94173 80175 136992 103719 211564 24053 211564 55485 24053 136992 17824 0 0 201986 0 138640 230925 14728 119926 0 211564 147143 154289 211564 24053 49534 81322 211564 107915 0 143826 107915 0 14728 211564 4265 53669 0 211564 24053 152375 0 103719 168836 156216
198895 68252 198895 68252 155990 20809 68252 106711 198895 222419 79479 143835 210151 16989 145265 155990 157248 219063 154289 136143 211834 17824 127528 154289 198895 68258 211520 229614 95034 73652 155389 154289 211564 209737 222419 214004 131133 198895 106711 0 155990 97955 228497 207261 155990 0
233396 157787 211564 125376 157787 211564 125376 229078 170924 233137 73582 211520 229078 95534 234779 37388 233396 14728 11070 126209 155471 155337 161742 0 211564 77879 155389 229078 95534 103719 2794 207931 211564 166386 154289 110661 57919 103719 211564 134939 0 154289 233396 161742 38559 211564 122153 73582 214683 166386 155337 134939 2729 2804 20119 211564 0 17856 103719 175612 151901 40568 107266 229078 179185 37388 233396 0 103719 2805 19128 106711 211564 40977 232108 143422 127801 124353 0 130085 37388 233396 211564 73582 229078 95534 155471 103719 0 103719 211564 221179 201367 43448 0 230243 188402 155337 73650 40187 232108 211564 127801 124353 213769 134340 155337 211564 0 14728 211564 214756 124353 76212 155337 211564 130919 40187 220575 211564 33845 74404 233396 0 107433 163144 214004 68769 176569 155990 196926 230742 41747 134340 214004 26117 191644 221873 28439 233135 155337 211564 186152 193919
0 0 0 0 0 0 152302 2496 76226 2620 229078 75359 108588 0 132067 18972 15350 170883 14728 63660 154289 136194 13227 94900 149622 169517 136194 94900 229078 32619 103719 156833 169934 94900 53704 0 33417 0 211564 230835 125778 14728 30308 107892 94900 106711 154423 53744 19128 211564 0 154289 15356 14728 106711 154423 50970 211564 108588 71667 214004 228613 62760 230959 191538 19128 131069 105194 79479 0
193998 193998 106711 2757 15343 49519 143826 14728 106711 211564 189950 143826 103719 211564 193998 143826 191406 107266 229078 62311 37388 14877 0 114164 0 14728 50867 14728 201294 139214 145805 19128 193998 67900 145083 19128 211564 64286 38990 0 19128 0 16250 0 19128 0 103719 32425 110801 14878 19128 0 143469 0 73608 19128 170548 0 110079 0 19128 0 75861 14728 109208 0 19128 75104 0 125207 211564 77879 143826 212204 155389 106711 160706 154289 75104 208027 212204 143826 94173 191231 193998 211564 212164 195421 14728 198397 8979 0 81322 52927 0 185390 211520 97782 24053 198357 8343 103719 127722 0 105890 211564 143826 26439 107266 211564 202561 154289 162859 230959 75233 103719 127722 230959 0 205291 214004 75233 103719 127722 50025 108345 0 155732 211564 198895 154289 211564 189270 155337 61621 124361 230742 108345 185390 19128 81890 97782 189270 38953 157515 19128 14397 0 198357 105890 182430 188290 232108 193998 14728 0 155990 81997 188290 232108 64286 85064 0 61448 152082 50023 211564 77482 189270 232108 0 65941 214004 50568
0 0 200176 0 0 0 200176 230742 183153 216041 103719 70703 214004 215374 14728 200213 40768 229078 14397 107293 39982 131151 14728 34634 0 103719 79799 155389 211564 209622 175834 103719 74686 103719 2576 14728 130085 40768 81322 2576 214004 2580 211564 49856 229078 80153 37388 40424 0 14728 86304 0 105425 214004 49915 62328 232108 76784 211564 218938 143422 230072 40768 230243 211564 0 0 0 200213 39982 14728 211564 0 390 79799 155389 39982 230742 229078 226453 51842 154289 211564 76784 0 230742 229078 79799 155389 39982 103719 2573 220933 232108 211564 40768 26870 80971 0 14728 209725 170762 212564 211564 189821 211564 74686 209622 229078 194204 64834 10196 2576 103719 74885 157515 154289 211564 389 71156 0 173933 79479 78054 174826 218938 40768 162942 174806 155471 218938 40768 230243 47415 20119 211564 70392 154289 211564 174806 0 225177 196833 232108 0 0 26870 47415 20119 3144 0 64834 3144 0 26813 211564 0 174806 231849 109703 47359 37388 51354 164393 97329 232108 151115 178566 214004 88772 97329 77652 191764 0 64834
11660 64755 0 58065 0 11660 64755 0 58065 0 32619 389 110829 2620 103719 0 206884 161595 34076 106711 34079 79423 230959 166834 79479 211564 177506 36292 186043 103719 211564 21208 36489 97782 147143 19128 166800 106711 195275 11660 94900 166834 19128 0 94900 201307 97782 40279 79479 0 76135 103719 0 97782 98760 20119 211564 10337 154289 1795 94900 110117 0 0 14728 103719 2768 94900 230204 214004 0 181333 58065 108442 81322 0 94900 230204 214004 73312 14728 194796 232108 177506 36292 186043 103719 211564 21208 36489 220575 48275 0 201992 94900 166799 155471 77019 134340 103719 211564 71679 154289 180742 0 94900 26434 178180 166800 154289 211564 201315 209622 66466 211564 134331 225119 176078 225715 103719 191188 2798 94900 204192 191782 104880 94900 0 103719 17007 2804
0 0 106711 196936 215473 103719 211564 204216 48341 126587 88542 63100 154289 204216 70687 0 41262 106711 121947 97329 41262 80147 103719 211564 215473 107266 94173 168624 154289 0 20119 211564 2747 42444 211834 222419 214004 26117 175349 201394 211834 37164 107266 106711 152375 47950
0 0 106711 196936 225963 148448 106384 103719 204216 107266 106711 7973 218938 139324 151901 154289 211564 42544 154289 0 211564 225963 106711 191538 37388 0 175349 201394 155337 211564 106384 67390 204216 125542 211564 225963 106711 98682 214004 218938 0 19128 230072 19128 211564 46303 193952 9281 211564 17827 154289 211564 225963 198989 154289 211564 175349 106711 105138 211564 32662 154289 106384 13227 211564 17827 151901 154289 211564 175349 106711 105138 204216 48341 211564 175349 106711 18574 5056 138172 81322 211564 42544 154289 211564 225963 211564 175349 191551 171686 106384 0 14728 0 14728 82092 0 211564 225963 98461 189352 0 14728 46303 0 67181 234772 211949 0 103922 215716 83195 0 132560 0 81322 103719 14728 18574 211564 126587 17827 211564 225963 222419 214004 26117 98682 214004 126587 170487 188807 19128 230072 19128 196936 168992 154346 60375 212204 211564 225963 106711 202124 98682 214004 150117 225963 92751 211520 106711 98682 214004 211564 2703 0 189352 90017 19128 230072 19128 26400 14728 0 90017 60375 212204 211834 17824 0 107199 12974 0 181722 65425 212564 211564 42544 154289 211564 225963
0 0 0 0 157256 117085 19128 40568 0 0 0 155990 211564 40568 0 107266 106711 104181 214004 191779 201367 12974 211564 198989 214004 139036 107266 85463 107433 147143 81322 211564 34686 177506 49285 154289 211564 132764 125207 28094 211520 0 81322 211564 123012 154289 211564 166578 211564 40568 0 106711 0 232716 0 211520 39206 0 12974 211564 0 154289 191779 216423 155990 12974 211564 89991 107266 153879 103719 0 17831 182037 232689 0 0 183328 14728 168318 40568 0 39206 90046 389 81590 14728 222563 0 232135 81590 6731 48173 154289 155389 15713 102493 0 103719 121947 14141 211564 28094 155337 0 0 39206 26117 167607 37164 211564 157794 0 154289 107433 28085 63539 152082 171651 214004 26117 75834 103719 17831 103719 126136 181955 18220 211564 40568 0 106711 177831 214004 19128 14397 0 0 206730 230742 0 94564 26631 200321 37388 29856 155357 182663 206730 94173 26631 72617 107266 106711 93681 214004 178867 211564 166578 197529 0 103719 149657 17831 94173 26631 167572 154289 50244 79479 212204 166578 211564 28289 0 76214 154289 211564 166578 17824 107433 0 14728 107433 20660 177506 28085 103719 75233 0 0 39206 90046 103719 210307 28439 81322 3340 214004 3598 2729 107433 123012 17824 53193 103719 193790 92512 14728 193890 152082 26117 50615 232108 211564 199473 0 0 94173 0 14728 0 211564 40568 0 94173 26631 179231 103719 211564 79278 201367 154289 11598 18220 112589 140505 151901 40568 154773 210507 14728 211275 126619 154289 211564 166578 175921 81322 155694 154289 79649 214004 211564 26732 154289 202899 211564 78832 17824 196936 14728 0 20119 235488 10337 40568 0 16796 0 30970 213307 79479 211564 166578 106711 103719 122184 200343 14728 134661 37388 122184 204636 212000 90046 103719 213102 8150 14141 154289 34686 177506 28085 37388 222475 107433 0 81476 79479 0 68258 0 12790 107266 214004 26117 90057 155337 0 0 155990 124165 147983 0 212564 157248 0 14728 194062 211564 28085 193890 152082 26117 67461 37388 162859 37164 17824 67461 37388 121947 152743 154289 29856 67181 81461 94173 195440 190129 211520 179464 196936 0 192863 230742 106711 171476 37388 211564 93681 0 13123 117085 19128 211564 104947 189998 154289 211564 0 228497
197952 213307 197952 57919 106711 221167 154289 213307 107266 106711 55888 154289 57919 14728 150392
133240 200764 110079 133240 124099 151998 76226 2564 17007 2767 28409 117085 19128 133240 200764 110079 229078 90857 117085 79479 97782 34626 232840 232108 211564 181955 24053 116367 94900 229078 155471 232108 116367 193790 213307 37164 94900 229078 76212 155337 211564 11886 0 211564 189950 11886 154289 211564 0 163217 200764 110079 155471 225626 16797 232108 116367 106711 103719 211564 225626 79479 211564 97900 195440 95125 155337 77761 10196 123016 116367 94900 79769 24053 38675 230835 213082 133240 200764 110079 61505 155337 211564 150392 154289 211564 5035 76226 2767
35356 0 35356 99823 0 32619 58381 930 2557 103719 149657 235368 106711 14397 13837 145279 94900 106711 28289 117085 19128 122855 90857 79479 211564 181955 24053 116367 81322 191188 2611 214004 20929 2637
0 211564 0 106711 41348 34250 211520 106711 121947 232108 31042 74584 14728 190724 197795 14728 0 48354 154289 82007 107266 106711 222563 143430 230835 232108 125097 214004 57477 133306 211564 0 229078 77879 34234 37388 14397 13837 0 147145 15470 23390 81322 163498 41348 232141 0 14728 0 41348 232108 211564 0 0 84638 107266 106711 195181 103719 16797 214004 211564 0 230742 229078 34234 62328 81322 211564 163498 14728 0 211564 0 106711 84893 67447 87591 14728 0 211564 34250 229078 147145 0 26439 212000 154423 87301 0 14728 0 125207 0 155990 47969 63926 230711 107266 106711 165188 221873 211564 156418 143469 41348 211520 211564 34250 229078 53704 81322 229078 106172 103719 39982 8341 37164 0 214004 168604 27020 212204 106711 152082 231016 211564 34250 87519 0 230711 165188 221873 104877 81322 14397 8341 17824 152082 161104 155337 214004 154397 84721 0 106711 34250 211520 0 26870 18574 100381 14728 107266 134939 79273 107433 158185 18574 211564 99710 65941 214004 107433 197795 147986 107266 106711 203026 177324 214004 26117 14397 104252 155471 41348
0 0 0 0 0 58381 3051 2381 17007 3457 2480 229078 14397 104135 134420 94900 106711 50970 214004 26117 155389 154289 211564 143422 208022 134421 103719 177149 97888 94900 92143 151115 79734 215793 103719 134422 99838 94900 94173 130085 121947 51418 214004 152743 211800 104493 191406 14728 51319 0 94900 229078 0 37388 93762 103719 211564 67289 0 10196 85468 97782 58903 20119 38933 0 61448 97782 158183 232840 94900 0 157787 0 0 14728 71606 103719 97782 125014 198218 154289 211564 0 230243 80147 103719 97782 127491 0 230711 211564 0 229078 62562 134421 171652 12927 12554 154289 0 232840 97782 62567 94564 123146 214004 132560 0 103719 134422 97782 0 17824 152375 26870 222419 103719 0 14728 203072 211800 103719 2798 0 29957 229078 130085 14397 15619 147865 134422 57919 37388 170497 139919 0 195426
151901 198989 0 125542 211564 151901 198989 0 125542 106711 211564 77879 134087 176078 216020 0 125542 103719 195406 214004 26117 36156 107266 106711 4758 116867 127053 14728 94173 3340 201403 14728 107266 106711 26870 155732 37388 0 215797 107266 233011 222563 207868 155389 99700 214004 216266 81322 155389 70392 154289 211564 0 125542 214004 211564 157248 212204 125542 106711 49329 177506 155337 211564 0 175322 132613 212204 125542 110124 211564 42521 17827 154289 195406 214004 211564 151938 14728 199016 17831 154289 195406 214004 215974 214004 211564 67390 230338 0 125542 0 39206 215974 20119 0 67390 0 166386 155990 47071 92751 0 214004 211564 151901 67390 0 125542 106711 64211 20119 0 0 232108 0 211564 0 0 201394 14728 0 0 0 201394 39206 215974 0 214004 211564 46871 0 125542
193998 211564 212164 193998 211564 212164 106711 2767 15343 143826 14728 106711 211564 212164 143826 103719 211564 193998 143826 191406 107266 229078 62311 37388 45908 139455 14728 0 0 14728 201294 139214 145805 19128 193998 38990 0 19128 0 67900 145083 19128 211564 64286 16250 0 19128 0 103719 32425 110801 14878 19128 0 143469 110079 0 19128 0 75861 0 0 19128 170548 0 71847 0 19128 0 14728 111087 213291 19128 18909 107266 106711 7973 193998 217624 214004 85439 149657 115967 79479 75509 75509 21857 26439 211564 157248 115967 61505 125207 211564 77879 218938 143835 212204 143826 106711 160706 154289 75104 208027
0 215797 0 215797 125379 106711 175322 155745 103719 195406 14728 0 158184 203881 154289 0 52265 107266 229078 77879 117085 19128 134087 176078 216020 52265 0 230711 211564 49856 229078 80153 103719 20929 2616 107266 229078 178894 195406 0 125379 26694 26489 107433 55485 147143 0 215797 103719 2757
206482 206482 17824 14397 13837 171032 137943 24053 81322 0 149657 109339 80153 103719 2634 37388 90857 138545 182468 211640 11891 211564 63259 231804 154289 215747 14728 211564 149657 146023 204364 94564 86509 211564 24053 50964 20587 232135 211564 171032 137943 49799
131069 122906 25235 182625 154289 211564 234772 21842 103719 131069 122906 25235 211564 182625 154289 211564 234772 21842 106711 86509 67181 234772 214004 155389 166800 81322 67181 122906 19128 227471 155337 37388 211564 25235 233179 19833 154289 13835 0 211564 21842 229078 201304 103719 2532 37388 211564 44926 43741 154289 211564 0 212000 190513 231849 73650 234772 81322 2532 212564 2543 211564 21842 26434 147865 103719 2544 107915 181853 211564 35202 63709 77879 0 232553 211564 77879 21842 155389 21842 229078 170179 79479 32895 122913 103719 2544 14728 2545 195338 2547 211564 98992 94173 26631 86509 214004 155389 166800 67181 103719 211564 147865 14728 13837 122906 20119 77879 211564 21842 229078 117085 19128 211564 127628 0 137032 21842 147145 10196 211564 44926 230835 199121 158185 154289 211564 2506 211564 21842 229078 178894 211564 107915 181853 21842 103719 110829 2616 4546 234783 10196 107915 181853 35061 211564 25235 49285 125542 154289 211564 1104 166801 147145 182625 154289 211564 234772 1365 94564 26631 190513 79479 211564 147865 25235 92751 154289 75314 181853 78054 13837 122906 166801 14728 68599 157251 81322 211564 147865 122906 211564 21842 94173 26631 192515 218863 155357 37388 0 0 14728 161248 0 154289 211564 147865 122906 103719 2598 14728 155357 37388 110079 0 14728 0 89610 154289 211564 13837 122906 103719 2602 136992 154289 211564 35202 14728 127460 15050 63709 94564 232553 211564 143422 21847 154289 16352 209622 232108 1795 212204 106711 218863 211564 215203 154289 211564 149657 235368 234457 68599 230959 94564 232553 211564 143422 103719 211564 13837 122906 80701 129021 14728 0 205755 17824 211564 155471 218938 166801 230959 94564 26631 147145 182625 154289 211564 234772 14728 143422 223463 166800 103719 211564 186152 234772 76730 0 106711 211564 155471 166800 214004 94564 232553 182625 154289 211564 234772 14728 211564 0 235488 21842 103719 211564 186152 234772 186063 0 106711 211564 154882 166800 214004 94564 232553 211564 21842 20119 10337 4015 4082 57957 154879 211454 2731 231849 0 0 13123 4015 0 0 154289 211564 186339 80460 85867 14728 0 0 154289 211564 211275 175931 17824 211564 2794 231851 81322 2544 212564 2564 67181 0 0 92143 211640 158183 183834 79479 58416 230959 229078 182625 103719 2565 211564 0 77879 58796 211564 210766 19128 198226 232108 77021 211454 6170 20119 25626 155990 4798 0 0 103719 16352 131069 122906 189821 26694 211564 55485 189821 212204 0 229078 122199 43566 214004 6731 20119 25626 4798 0 0 155990 4798 57957 155337 131069 122906 182970 26694 191188 154289 211564 122153 234772 211564 55485 183824 106711 1164 20119 25626 5055 0 0 155990 4798 57957 155337 211564 8871 182970 154289 131069 122906 48053 73879 79479 213307 103719 139389 191551 155990 155337 211564 62388 125993 26694 191188 229078 77879 222419 103719 2592 195338 2604 67181 0 147158 212475 0 77879 45625 106711 86509 78054 167587 189950 45625 212475 167587 14728 212164 45625 155389 167572 211564 21842 87519 214004 211564 166800 230959 177145 211564 143422 215203 167587 0 0 177141 212475 189950 227474 103719 2768 73569 212407 94900 229078 152082 182625 220575 211564 21842 58802 198218 25235 233179 94564 54111 211564 227475 103719 177149 234783 26439 191779 166801 230959 166799 103719 0 170924 25235 0 94564 232553 211564 21842 211949 231851 103922 0 0 103719 2636 0 0 103719 2731 14728 0 205755 103719 2747 211564 55485 58802 154289 182625 79479 211564 21842 106711 25239 155471 155337 131069 122906 166817 198218 233179 76309 211520 161173 0 166801 17824 152082 217501 0 26439 154289 211640 161173 170924 166817 212204 107195 38953 221873 103719 2754 230711 0 0 127491 211564 11592 21842 214004 0 0 103719 47948 227470 109703 0 154289 211564 139967 201206 216711 185390 94900 61448 152082 212116 0 229078 182625 103719 2754 26439 107266 233011 26117 14397 0 214004 211564 108588 122906 214004 0 211520 74224 61486 52842 211564 108586 213330 92143 202561 103719 2767 155337 38703 0 0 0 0 14728 0 0 19128 0 187951 0 91389 0 0 161173 231851 204070 19128 107915 181853 64144 0 14728 186063 0 92143 170924 74224 103719 211564 148751 122913
211043 24053 211043 106711 14397 13837 212442 137943 24053 81322 27888 38615 79769 103719 2610 212000 17824 154423 53744 19128 155389 154289 211564 143422 168604 24133 154289 211564 2607 212442 137943 188290 103719 211564 234783 195338 107433 0 211043 94173 92143 152767 125583 43574 14728 90857 71847 0 94173 26631 211564 155471 51045 136990 13227 211564 24053 55486 76214 212475 156418 136992
0 11886 0 106711 211564 191772 203345 11886 37388 13837 95140 137943 24053 211043 107266 229078 178602 103719 2638 211564 129066 58113 232108 0 211683 142930 125207 211640 2607 68289 105240 154289 211564 167814 214789 53193 155337 142930 177149 178605 0 211043 207902 196838 12927 58165 137943 0 16954 232108 0 90854 0 14728 46166 29462 226969 232840 50988 170482 154289 58165 0 212204 11886 13123 133250 211564 77879 213307 19128 211043 211520 211564 24053 222419 211564 154868 123282 0 89021 32230 215658 176078 77761
175368 24053 175368 13123 117085 19128 0 0 175368 155990 0 175368 230243 14397 70703 93681 181955 24053 51436 37388 90857 0 0 81322 2597 214004 2611 14728 2634 214004 2638 107266 229078 156422 72617 232108 79776 0 136992 212407 157787 211564 234783 175368 230204 212564 132560 125542 43574 232108 151115 218938 203345 11891 76217 211564 186152 125542 103719 9079 214004 122855 195423 0 108345 0 88772 0 110005 129021 218541 14728 0 230835 211564 171059 50983 154289 152767 22731 145280 211564 24053 201307 157515 49481 0 0 211683 232108 148989 137943 37164 230204 103719 142930 0 49677 203498 79278 0 59846 81322 211564 90017 175368 229078 175973 6731 155337 0 390 89268 18983 154289 93681 181955
149657 207753 63931 211564 149657 207753 63931 55484 48575 0 14728 49742 7603 0 155990 195275 207753 63931 106711 211564 154354 55484 154289 207753 107266 229078 222419 195338 2547 230711 107266 179185 211564 154868 207753 63931 107266 229078 77879 170592 37388 211564 24247 154289 207753 107266 94173 26631 170592 37388 211564 42521 24247 154289 211564 179339 154289 45210 195338 2731
0 0 0 0 13123 38675 54471 155990 45920 166578 106711 232716 0 199473 154289 0 147910 214004 130036 211564 199473 147143 0 24910 0 155357 88549 154289 0 230959 105966 211564 199473 214004 80413 103719 2248 107266 106711 205606 211520 211564 199473 229078 105966 214004 211564 138926 67390 103719 14710 213330 14728 123311 19831 107266 232108 211564 54471 154289 0 232941 37388 109392
110351 0 110351 0 32619 110897 3530 2571 106711 14397 13837 164975 233178 14728 0 94900 94173 14397 105554 103719 177710 89360 83780 0 14728 86941 228948 94900 106711 13123 105555 103719 70598 190039 212564 70598 68272 14728 89315 70598 209753 0 2764 32268 229078 103719 58381 2768 0 229078 69054 76472 154289 211564 13837 19833 79479 211564 0 154289 189121 103719 132800 2772 182346 202407 130312 147145 0 19128 155389 154289 390 162859 230959 17824 43587 13835 103719 191188 2772 213307 130312 147145 97401 155389 154289 107433 96402 154289 211564 71211
45081 154289 157480 213307 45081 154289 157480 213307 106711 14397 0 37388 138545 0 107266 229078 50024 28439 2525 14728 2535 0 50024 212204 0 20119 211564 26732 154289 232891 228806 102710 94900 92143 13090 126212 212564 232891 228806 14728 94900 229078 225177 222018 7973 12554 211564 73696 103719 212204 232891 94900 228772 214004 233174 145268 232840 7973 107266 94900 61448 107266 37388 207931 211564 202561 154289 211564 26732 154289 232891 228806 102710 19128 25337 154289 211564 0 37164 94900 13123 130085 211564 232840 199415 103719 84653 7973 211564 73696 154289 212204 232891 103719 2522 2004 234772 154868 109478 33417 0 0 230959 126212 103719 160548 0 228772 214004 20531 211564 148277 26439 154289 211564 54535 229494 97782 160489 103719 85246 92143 26631 216361 94900 211840 144995 148259 62245 103719 80413 211564 148259 103719 85246 230243 197529 0 211520 212000 20532 14728 144995 127528 154289 109486 103719 85246 212204 210896 20531 26434 117085 19128 211564 0 212204 191406 154289 73589 39206 26117 80147 103719 211564 232827 154289 0 0 0 233215 211564 232827 97443 211564 213769 49534 81322 0 227357 0 152282 0 115916 0 0 45081 154289 157480 213307 233190 103719 2522 14728 172270 103719 70703 103719 2525 0 26706 50028 107266 155337 191188 2525 218938 57957 10196 34841 58473 228806 10255 85246 103719 2566 0 18636 211564 78054 148751 0 197529 211520 212000 52784 26117 204789 37388 0 45821 212000 17824 154423 163140 125207 211520 191134 81322 211564 0 0 222438 195181 203208 214004 211564 0 154289 22648 212204 135977 211520 94900 222419 147622 125207 211564 0 103719 22648 0 230959 210194 211564 202561 105240 154289 22648 128715 0 94900 9097 78054 148751 0 230742 9048 14397 70078 0 214004 211564 73589 211564 145265 154289 211949 0 0 225177 0 105890 211564 203498 154289 0 145265 211564 230964 0 230742 122163 126136 157787 155389 99700 94173 212475 160927 212204 102279 106711 25239 155337 211564 212475 160927 154289 93234 137863 0 38733 211564 212475 160927 171277 147620 136225 160800 155389 155701 232108 165270 154289 211564 232891 103719 57498 211564 13270 198103 193961 230638 211564 163529 198850 106711 76313 211564 25376 147622 210194 154289 211564 0 103719 184115 211564 0 103719 211564 222374 211564 210896 169328 103719 34841 211564 45821 210179 154289 211640 0 211564 45821 60212 14397 20403 154289 0 0 212000 208059 154289 211564 0 211564 45081 154289 157480 213307 0 106711 198226 230959 85463 211564 0 79479 198250 212000 94564 152082 64211 211834 106711 45821 154289 211564 0 14728 211564 0 211564 45631 17824 200049 105890 218938 125207 211564 54449 188292 103719 22648 0 103719 211564 45821 154289 211564 190568 229614 95034 7973 211564 20640 154289 52931 230959 0 214004 8314 142930 211454 111067 77019 154289 211564 0 109486 212204 103929 34841 211564 33417 216817 214004 187740 97782 143469 229614 17824 214312 154289 211564 144991 154289 211564 148259 62245 211834 106711 45821 154289 210931 229614 190122 211564 33417 103719 170647 14728 211564 0 154289 211564 143469 212204 106711 7973 211564 60193 212564 73696 14728 211564 62570 154289 0 14728 124691 211564 25376 204286 211520 102493 229614 94564 0 229614 192273 26117 0 211564 45821 77651 37388 195435 154289 211564 221205 147986 154289 211564 170756 0 211564 50025 14728 97782 145265 101859 0 106771 2428
148751 199935 0 155990 148751 0 17824 211564 198390 230742 230243 204789 37388 211564 30308 196533 103719 211564 221179 201367 103719 211564 2424 14728 2652 42589 211564 232827 214004 132560 148751 0 94564 45951 211683 212204 106711 26439 30308 196533 103719 211564 221179 201367 218540 214004 178656 19128 229494 214004 51738 232108 211564 158876 154289 196532 148751 0 49477 215716 230338 10132 145268 203498 232108 211564 203498 154289 45951 0 81322 73312
0 0 0 106711 215473 103719 211564 52947 154289 0 70687 107266 106711 7973 214004 211564 151901 154289 127034 107266 94173 127053 97888 14728 94173 132560 105557 154868 36147 211564 154868 215473 94173 26631 0 19128 14397 157703 17827 154289 17659 155990 97871 105554 154289 147865 103560 211834 17824 218938 170677 31264 188829 0 188807 14728 0 97138 188807 103719 2805 90017 154289 160489 232949 7973 68126 103719 0 201307 39070 214004 131133 80748 188807 211834
221237 154289 0 211564 221237 154289 0 106711 221237 103719 0 45111 107266 106711 211564 143422 154882 221237 103719 211564 198989 154289 45111 212204 221237 229078 80153 37388 0 0 0 103719 2477
0 0 106711 121947 143681 175921 103719 152013 107266 106711 147145 10196 0 107433 97151 161939 0 0 138172 106711 211564 97151 143681 103719 188118
41566 221237 154289 211564 143422 98644 0 211564 41566 221237 154289 211564 143422 98644 0 106711 221237 126612 103719 0 45111 107266 106711 155389 154289 211564 221236 103719 211564 198989 154289 45111 212204 221237 229078 53704 14728 80153 155337 2629 37388 211564 182381 41566 0 154289 0
0 0 0 199612 0 14728 38675 0 79479 193790 106711 77176 43753 103719 211564 201206 229035 221217 14397 0 0 0 106711 131069 43753 212566 12554 191764 201206 229035 77507 12974 232108 97782 0 49853 0 94900 110124 155990 205288 0 0 128353 0 14728 0 0 103719 223845 167587 103719 211564 185237 0 229078 166799 37388 114348 23390
102978 190869 211564 102978 190869 106711 211564 221982 43345 103719 211564 102978 84653 19748 211564 123361 33829 154289 211564 88542 154289 211564 201354 154289 102978 53704 103719 2239 37388 211564 51091 154289 211564 77879 201354 211564 102978 190869 106711 0 5456 190875 69054 81322 104220 123361 63102 60531 37388 168624 8412 214004 102978 2589 51091 190875 17824 63247 105890 212475 90031 67181 90017 94594 218938 210766 20119 61621 160800 154289 211564 58304 28439 0 232108 211564 179678 154289 211564 58304 26870 207888 221873 37388 218938 80175 210803 59868 155337 211564 69057 234772 183153 155389 218938 155990 12554 190869 189840 134939 26117 0 103719 51397 211564 102978 99710 154289 179266 106711 130085 221873 154289 874 136992 232108 107433 71076 136993 69054 214004 218938 210803 99710 63102 17824 79769 37388 63254 67181 190869 63100 103719 92692
201206 0 0 0 155990 201206 0 106711 199758 211520 209111 125207 0 211564 201206 192464 81476 17824 0 26694 212000 201304 85468 0 201206 0 94173 26631 222419 103719 209592 14728 211564 190142 17824 198253 0 10196 135946 79479 0 201206 0 106711 90057 103719 80175 166408 103719 45210 14728 0 28439 132800 14728 134939 107266 106711 13123 80147 103719 211564 198989 154289 149657 198989 228448 108588 201206 0 0 0 195181 216402 106711 152082 67993 26439 107266 106711 97169 215512 105240 107266 94173 26631 36885 19128 0 103719 108586
0 0 0 0 0 0 32619 2543 106711 0 81322 149092 94900 214683 97782 142080 0 20119 0 141852 103719 212916 14728 94173 177141 209602 81322 132560 97138 0 0 0 106711 211564 48270 232108 0 0 154289 0 141852 14728 211564 0 195338 211564 2611 58165 154289 0 0 0 0 94173 191538 19128 211564 0 199935 62330 0 32309 17824 172270 37388 232006 172253 80748 32309 14728 224049 155468 49047 154289 97782 209602 17824 21499 81322 211564 0 0 232006 17671 211834 106711 14397 74408 29661 154289 97401 103719 211564 32268 211564 0 0 37388 0 0
195226 0 195226 0 32619 152302 2604 103719 0 106711 85222 79423 94900 166834 79479 211564 66558 48053 0 94900 201307 97782 40279 103719 97782 126587 79419 48053 76135 0 0 198502 94900 230204 214004 211564 149316 230717 94900 166799 79479 0 0 0 0 14728 76135 0 2754 2764 94900 166799 79479 0 212 103719 211564 85222 36489 195338 2772 94900 166834 79479 177506 36292 186043 103719 211564 21208 36489 94900 13123 166799 79479 211564 85222 0
0 141852 0 141852 106711 212917 35955 141852 148448 0 155337 211564 0 154289 0 149092 107266 27222 214004 211564 0 14397 105688 149370 154289 0 0 42486 14728 155357 191538 19128 107433 94961 211564 141852 229078 72617 37388 211564 0 80156 0 0 0 14728 0 0 0 230959 33055 211564 171272 81322 149092 183361 0 103719 2585 107433 147143 49534 81322 211564 147143 154289 211564 97329 155337 230742 107266 229078 36156 0 94173 26486 75359 79479 209601 35954 214004 226586 230384 79589 211564 77879 154289 230638 233011 26486 15619 142521 152302 136225 53048 229078 95534 103719 2592 211949 53048 84677 49477 215716 0 0 209602 232108 104581 62603 191779 163230 154289 90723 136225 14728 0 61567
122077 0 122077 0 106711 49768 14728 47071 103719 186794 138213 178090 45111 20119 211564 2750 42444 0 162859 126212 211834
227233 0 211564 227233 0 106711 191406 154289 0 14728 37030 230742 106711 0 137404 0 107266 179185 211564 227233 0 103719 2764 103719 2808 149657 0 229078 0 37164 152375 107266 227233 158183 223525 14728 151115 127084 0 0
177506 36292 0 177506 36292 0 13123 117085 19128 0 0 106711 34079 19833 79419 48053 81322 0 206884 161595 211564 48053 229078 80153 103719 2767 37388 104845 154289 70598 65385 177506 36292 0 177506 36292 0 166834 103719 211564 214756 213037 154289 0 0 211564 206884 161595 201354 122906 103719 2810 177506 36292 0 131156 211640 189950 16797 103719 211564 80217 213037 154289 0 0 211564 77879 229078 103719 2807
89263 13837 105504 211564 89263 13837 105504 229078 14397 103563 0 73582 7973 212475 139506 234783 10531 121387 14728 80993 75962 0 28439 151901 13835 14728 198989 13835 211564 139126 93582 66466 211564 0 139506 234783 10531 145728 211564 227147 0 154289 159528 182784 221873 81322 211564 189674 78672 14728 0 211564 218938 51303 211564 121387 34581 103719 230638 106711 152375 159528 110117 211564 0 183153 198989 13835 14728 0 183153 151901 13835 0 214004 79730 211564 13849 211564 105504 106711 226558 81322 32895 0 14728 147986 107433 143422 65107 68252 106711 155337 211564 63093 154289 131770 37164 229618 155990 0 29856 179329 14181 18907 14728 73569 80993 77911 13123 0 211564 61619 103719 211564 75962 154289 151901 14728 198989 13835 92143 26631 117085 79479 198218 213307 32895 0 14728 57609 62600 107266 211564 105504 19128 50229 229078 77879 81839 120942 157515 103719 2361 37388 211564 75861 154289 0 12278 0 228502 228502 92143 199648 2298 74305 14728 49046 199491 103719 211564 13630 25330 157251 230959 130085 194807 51419 214004 220707 211564 73582 103719 211564 42593 211520 79274 103922 0 0 14728 85064 0 195278 195181 0 153875 67276 103719 211564 0 230711 211564 79776 87873 51303 154289 104132 14728 10129 130085 51182 232108 73252 7973 5055 14728 3843 145728 179633 230711 211564 86941 51297 0 35061 221873 67289 103719 211564 111010 163217 211564 89263 199016 205000 87873 229078 79769 107266 191133 81322 0 2730 145728 103719 200915 87873 13123 35061 221873 73592 105890 92692 51303 229614 0 214106 212000 230243 0 104135 203642 10129 130036 15831 14728 198989 13835 198989 13835 0 230338 81322 10129 201315 7973 1164 145728 103719 211564 127801 53890 211834 229078 155678 189674 28439 211670 37388 710 145728 211564 122153 50778 154289 198989 13835 232108 16352 160800 154289 87873 229078 125668 232108 230338 15831 230742 35061 103719 211564 0 155471 3843 145728 230711 87873 229078 191133 81322 0 73727 154289 143422 15337 14728 166611 230204 155337 191134 103719 211564 218938 89263 0 122199 19128 87873 35061 221873 143422 154289 107433 75962 14728 78690 13123 73737 191134 212204 106711 152082 153789 103719 10129 14728 104132 195338 212000 143807 151901 14728 110117 211564 0 51297 127053 10531 15337 143807 151901 14728 198989 211834 13123 37164 211564 156418 161515 106711 152375 93681 214004 190122 37164 103719 0 14728 198989 13835 211564 161515 106711 47565 211564 131770 17824 87949 73831 0 131770 73737 103719 0 37164 77019 88365 214004 87873 26694 107266 229078 191133 67276 90031 154289 131770 61448 85439 214004 87873 212000 230243 211564 0 211564 0 14728 157248 152375 74432 0 131770 212746 230711 198989 13835 229078 49975 191133 107266 92143 155471 211564 67276 219063 154289 131770 103931 198218 67289 0 204070 19128 211564 0 211564 90031 230742 73737 122199 14728 230742 0 211564 151938 51303 155471 88365 214004 198989 13835 37388 211564 89263 13837 105504 10196 211564 122184 137819 0 154289 87873 198989 13835 199648 143422 154289 211564 0 71679 19128 14397 106956 51297 107433 0 107059 12795 211564 75962 214004 73736 105890 132560 79797 80147 0 69626 155337 67320 143422 154289 230742 17824 152375 74432 211564 70418 131770 104837 50983 154289 0 103931 0 0 14728 63213 90017 154289 198989 13837 0 0 16796 214004 94564 216274 81322 198989 13835 212564 15831 214004 0 103719 211564 122184 53890 155990 67289 210954 0 178575 154289 198989 13837 0 170740 0 37388 212204 183242 7973 211564 186152 213307 103719 211564 62317 81322 198989 13835 215448 21178 236481 157248 0 211520 134939 94564 0 37388 211564 186152 183242 102493 152082 37388 79001 155990 0 17824 0 0 218610 14728 74432 0 218610 155389 126257 198989 13837 0 211564 213532 0 59036 142421 106711 142930 47951 178562 214004 21179 0 211454 214004 157248 198989 13837 0 195338 107266 106711 211564 143422 25207 170520 0 229614 117071 107433 90017 170740 73737 103719 198989 13835 14728 211699 0 21178 5596 145728 154868 0 0 80054 81322 0 134939 26117 14397 21179 103309 0 103719 198989 13835 103925 0 0 0 0 14728 191779 157248 196936 90031 211564 0 14728 211564 0 0 17824 151115 127084 50970 214004 26117 0 212000 17824 0 0 211564 195761 90017 154289 211564 0 0 230243 211564 155471 198989 13837 131770 214004 0 19128 40535 211640 178573 0 53704 155695 79479 0 169849 214004 166784 142930 171147 182307 211454 222562 195181 214004 211564 0 192515 211564 67779 0 79479 121947 169849 232108 0 0 210931 29856 0 231007 47955 0 126257 178575 17824 211564 0 210886 0 0 230243 13123 170173 20119 122983 212564 211564 138926 0 198218 154289 198989 13835 17113 0 176792 0 195917 232108 123725 221873 214004 930 212564 211564 0 157787 122184 0 198989 13835 129499 10531 0 211564 121959 79001 29834 117085 211564 0 0 232108 231777 199254 154289 155990 142930 230742 134939 94564 126212 103719 160800 155337 211564 0 154289 0 115750 0 17824 0 90017 154289 131770 211520 60716 0 9020 79479 199462 0 225177 67289 103719 211640 97888 103719 9079 214004 212397 0 214106 0 0 14728 216402 0 89263 63228 154289 121956 219063 230243 170173 103931 0 211564 0 0 223845 89991 0 198218 154289 230742 176792 211564 195912 154289 69250 0 14728 73569 0 0 211564 0 14728 0 92143 132560 202719 79797 198218 73833 154289 0 73727 32895 90031 201307 0 103719 211564 127801 0 168988 81322 0 202268 0 0 26694 211564 89263 105504 14728 230204 74432 20119 211564 70392 154289 211564 166925 211564 0 14728 0 230243 13123 202719 37164 230243 124118 63213 14728 62416 67276 230072 26694 211564 105504 211564 151901 13837 75962 229078 219092 151938 0 0 232108 0 0 155357 211564 51303 230243 110117 0 81322 211564 151901 214004 211564 198989 230243 152767 14728 194807 103719 211640 68252 0 81322 198989 214004 151901 230243 144135 124118 194807 212204 106711 143422 47577 190178 103719 211564 131770 176968 79479 212204 94564 26631 204278 0 217345 199473 87591 151901 0 60244 155990 20119 16352 176309 65656 50403 103719 138343 230717 211564 215894 227147 27250 13123 117085 19128 211564 194668 149611 138343 155990 0 143681 175921 74401 6732 116867 81322 230338 214004 67390 8816 42521 138343 99838 37388 75509 211564 143422 49742 211800 106711 211520 151901 13837 75962 230243 214827 221873 81322 213307 214004 213307 230713 0 199473 52784 85439 157787 211564 0 202699 212204 16901 232108 79519 214004 131770 26439 211564 0 131770 156426 103719 19469 14728 92143 0 89263 58113 154289 73727 26694 212000 88365 214004 198989 13835 0 156422 103719 73252 92143 127053 26694 26631 157515 14728 87879 74432 107266 106711 152082 0 211564 0 61448 230072 103719 198989 13835 0 103719 32895 198989 13835 14728 0 230243 229618 103719 169849 211564 0 14728 0 211564 0 0 230243 152082 0 212000 230243 211564 178562 90017 211564 0 105240 103719 198989 13835 211564 210931 29856 0 230243 79479 127053 213307 211564 214756 169849 12554 211949 147910 79797 230243 0 157515 19128 193790 26238 232524 150673 199473 154289 196936 41629 0 0 125794 0 0 14728 0 72617 211696 211564 0 103719 211564 155882 62317 17824 105557 0 19128 211564 226394 0 17824 230072 72617 157787 231107 175921 212000 17824 211564 155471 205558 0 103719 151901 13835 212407 211834 230243 157251 26694 132270 18707 103719 211564 13849 211564 214756 147910 198989 13837 131760 204024 79479 127053 213307 229078 211564 0 0 230742 92143 218938 61621 90031 232108 121947 179266 103719 151901 13835 155389 90017 229078 211564 85864 89991 0 204070 19128 211564 0 0 212204 90017 126212 103719 151901 13835 79479 157787 389 139506 234783 230072 26694 211564 89263 105504 99821 212000 88365 211834 106711 152082 117085 212000 88365 19128 75509 151901 19128 11700 14728 211564 0 211564 157248 90017 229078 211564 0 204070 204070 19128 0 0 212000 230243 121947 95135 18429 178575 154289 211564 0 211564 7859 154289 198989 13835 0 214004 49915 68256 10255 211564 0 179272 199447 40977 211564 74268 79479 211640 204024 124978 103719 160800 103719 211640 58732 10255 0 212204 229078 25239 155337 31473 18414 14728 0 47508 211564 0 61448 152082 148622 214004 26117 78440 155990 174278 214004 205555 204070 202781 134939 94564 26631 79521 155337 211670 37388 211640 127786 0 176309 211564 127811 14098 211564 0 211640 127786 0 176309 103719 218527 12795 211670 214004 0 155337 124118 8150 14728 124118 0 79382 198959 220933 211564 58757 9020 154289 211564 121947 0 233011 94564 26631 0 10255 100381 18339 232108 199441 14728 157248 0
0 0 57904 143469 106711 14397 67289 80054 0 131760 107266 106711 0 230072 79479 1044 139506 199490 107266 229078 62562 103719 182022 154289 211564 0 79760 0 171690 45210 211949 202767 57718 214004 211564 127801 53890 7973 1044 139506 234783 10531 145728 211564 80054 106711 103719 123719 14728 226461 49973 107266 229903 28439 13227 211564 80054 196275 106711 0 78294 107433 209864 213532 79414 32099 0 14728 73569 107433 82007 17824 226558 0 106711 0 211564 0 17824 211564 0 131770 167212 198218 74432 131770 230742 92143 152082 60716 0 230638 0 211564 0 81322 0 90017 211520 103929 141226 0 17824 223845 76214 154289 211564 76325 108864 14728 209864 99838 0 106711 152082 217501 0 131760 19128 107266 0 198218 76214 211520 17824 199476 214004 0 0 94173 107433 0 0 0 43769 81322 12554 131069 137819 131760 0 14728 170563 0 75338 154289 211564 53890 163217 19128 179758 212000 47230 0 106711 20119 211564 182663 154289 211564 0 75344 216402 232108 77019 157248 80071 211564 0 80054 193961 47565 215628 154289 92485 99838 212204 106711 152082 211564 67278 47565 73683 154289 92485 103719 211564 0 0 19128 80071 154289 211564 0 0 62562 103719 182022 57719 214004 7973 0 145728 13123 94564 215628 154289 82007
67390 230338 0 125542 211564 67390 230338 0 125542 229078 211564 3797 134087 176078 216020 125542 103719 195406 211564 125542 106711 55486 4950 116867 127053 232108 4208 201403 214004 26117 36156 37388 2808 107266 106711 211564 127088 0 125542 103719 195406 14728 107266 106711 155732 37388 0 52265 107266 207902 7973 99700 214004 216266 81322 70392 214004 70392 14728 212204 125542 106711 49329 89315 155337 0 206730 132651 211564 0 125542 110124 42521 195406 214004 211564 230384 14728 67411 160927 154289 211564 106956 232108 15713 33829 214004 0 11141 81322 0 0 0 214004 211564 151901 198989 125542 106711 64211 20119 0 67390 47071 92751 14728 0 166386 201403 230753 215974 214004 211564 151901 67390 125542 20119 0 160580 201394 106711 168985 222475 0 79479 46871 125542 20119 0 0 201403 222475 14397 0 14728 0 211564 82202 64905 125542 231473 105504 232108 211564 67390 230338 125542 20119 211564 0 0 14728 0 0 201403
177506 36292 17856 123526 211564 177506 36292 17856 106711 0 103719 123526 85246 107266 106711 211564 0 154289 0 123526 26694 211564 0 107266 229078 211564 29231 200857 103719 73312 211564 0 229078 36156 28439 2560 14728 2564 213219 107266 0 107266 229078 211564 121959 200857 103719 73312 390 1 226589 107266 229078 222419 79479 211564 0 154289 211564 0 134340 154289 211564 0 197631 209622 14728 79479 20304 200213 211564 177401 154289 226589 230243 66466 0 28439 188031 0 112936 14728 76135 0 232108 710 1 211564 134340 28439 211564 0 14728 0 229078 13123 226585 37388 212204 152743 81322 2731 213219 2757 107266 229078 0 211564 77879 134331 103719 211564 149657 200857 229078 76135 0 123526 0 0 0 103719 81351 154289 3598 226589 152375 107266 106711 155471 222419 79479 79419 134340 14728 50260 161567 135323 84713 8195 2794 177506 36292 33055 211564 181060 214004 147143 211564 0 79479 3843 234783 107266 106711 152375 38675 177506 36292 17856 14728 26434 211564 0 154289 0 123526 230742 106711 158184 37388 177506 36292 211564 200857 229078 224742 154289 211564 77272 2764 232891 55327 14728 211564 2760 77272 0 55327
202371 25234 103719 25235 202371 25234 106711 230711 0 9561 214004 211564 149841 25234 230753 211564 166162 106711 212579 211564 23657 214004 98682 166684 103719 25235 201415 202371 25256 17824 62854 19128 0 107266 106711 168985 214004 201523 189950 25234 212164 25234 155990 98682 166684 37164 152082 214004 201523 77879 25234 102493 211564 58750 63743 152082 217615 214004 172946 211564 0 157515 79479 73831 102493 211564 0 63743 152082 73569 127236 97782 229494 211564 166784 106711 38675 58757 0 13123 38675 0 0 151115 202371 25234 106711 53744 214004 211564 183953 103719 212204 40977 58757 0 106711 222563 155471 189276 105240 154289 202371 25234 230711 211564 83155 106711 103719 122184 0 14728 211564 209622 232108 211564 201528 0 106711 64834 37388 142930 211454 155389 183909 140927 183824 389 58797 58757 0 166800 230959 106711 87949 20119 201528 25256 148638 152082 111067 183958 199553 37164 13123 87949 25234 0 0 14728 200049 0 211564 189288 14728 0 79479 0 202371 25234 214004 183953 17824 53193 37388 183824 389 154289 211564 131069 122906 25235 183824 32268 102493 166800 106711 87949 20119 201528 25256 97782 131826 134939 124165 97401 217615 214004 201523 25234 230713 94900 212127 94900 39206 166800 230959 106711 12795 214004 217615 214004 201523 230713 94900 228777 106711 185390 214004 94564 211564 89315 125097 166801 230959 63539 152082 94564 211564 89315 125097 134939 155471 26117 12795 214004 201523 230711 48275 155990 131826 210194 97401 214004
0 201206 211564 0 201206 106711 211564 126587 56743 149787 79479 0 38615 211564 201206 106711 136990 154289 211564 127460 15050 149787 90017 195338 2637 107266 106711 13123 160800 154289 211564 186339 82546 223381 149787 90017 12974 232108 211564 186339 82546 223381 216711 14728 211564 0 56743 149757 0 149789 33055 211564 201206 103719 2564 27986 0 214683 157787 19128 172271 0 137489 232108 116972 214004 79730 116972 0 103719 2595 211564 159988 229078 197964 103719 2620 214004 49856 158184 37388 231512 58130 0 211564 212286 52265 33055 131082 51429 154289 211564 159988 234772 122199 212286 197964 211564 201206 214004 0 0 90017 103719 2637 211564 0 201206 229078 77879 172270 103719 2376 211564 159988 229078 103719 36146 20119 211564 52153 154289 49289 0 14728 153405 21607 79479 234783 212204 36146 106711 152375 26870 222419 37388 209736 20119 122843 0 0 49066 154289 0 18998 14728 3244 99700 78004 211564 149787 13123 172270 211564 182784 130312
0 0 0 0 2608 0 106711 130919 19941 62562 155337 132800 2608 37388 0 37015 20119 0 200343 153737 107266 229078 80147 66466 211564 188696 19941 205540 107266 229078 147145 10196 107915 181853 211564 77879 10132 131069 122906 25235 166800 154289 211564 141226 71679
25235 25235 106711 229749 211520 126013 201415 79479 73650 166800 103719 131069 122906 25235 97888 211564 195797 106711 154423 222419 37388 121947 136143 49852 14728 25235 0 19128 198954 154289 104587 211564 229749 38953 155468 103719 17007 2731 107266 92143 156422 26631 172270 103719 76226 2731 19128 160800 154289 211564 229749 79479 211564 29205 22852 25235 15619 107266 229078 77879 36156 19128 229697 225105 154289 211564 0 25235 57701 152375 107266 222438 223834 154289 57699 198959 107266 94173 234772 209622 158793 25235 70382 211564 0 169365 37388 0 197819 222475 211564 0 33384 189285 14728 83155 0 81322 73650 140927 83155 22689 214004 2560 14728 140000 122906 166800 0 22689 214004 2430 211564 155994 154289 25235 39206 125668 16352 218938 166801 37388 49742 0 211564 155994 154289 25235 106711 25239 155337 211564 155994 154289 22810 229749 60719 189766 0 229078 134406 170938 20119 185459 110351 221237 26694 232862 79479 212204 171059 81807 103719 76226 2772 75478 200213 0 33055 160800 154289 200213 177817 211564 160475 49856 154289 25235 79479 127786 191764 204566 103719 179235 212204 172742 110435 71847 77923 233215 200213 177817 195800 49477 214004 84686 142930 211454 139506 221149 222436 162942 142521 8412 214004 105679 0 49856 170203 14728 79776 49066 134406 170938 189766 0 94173 26486 198250 154289 79217 96395 214004 25235 75450 79479 211564 134163 59966 154289 57699 202997 214004 211564 2652 42593 14728 79479 211564 0 154289 148145 232135 25235
184287 139455 184287 139455 32619 110829 2004 2604 106711 14397 13837 102041 98182 87323 94900 55486 166834 79479 211564 223551 39637 154289 211564 147865 98182 122906 150025 94900 94173 13123 166799 79479 211564 36053 0 14728 200764 127628 31076 155337 110829 2806 139455 194796 212475 2195 139506 51354 232108 211564 223551 39637
0 14397 0 106711 0 186544 155990 53685 0 107266 106711 130085 37388 211564 0 63276 154289 0 105688 211564 0 94173 206089 230835 77471 154289 0 155990 53685 211564 0 106711 103719 28439 218938 46871 45593 155990 87666 0 165301 148458 5056 29445 0 94564 26631 197964 195338 212000 230243 77879 197964 212204 131156 211670 211564 143422 33055 0 0 103719 211564 2943 42593
2525 150025 189821 211564 2525 150025 189821 229078 211564 3238 189821 79479 211564 147865 98182 122906 152106 88621 83195 166799 87318 19824 172220 167587 152106 88621 83195 166799 0 140071 166799 82480 87318 10255 0 87318 10255 21611 231877 127485 213056 197529 0 152106 12554 57724 103719 2532 191406 32840 35409 227627 149657 235368 175931 175931 231648 28289 154289 191764 191406 83195 214004 191406 44926 30308 94655 227627 214979 132622 122898 214979 231877 28289 154289 212475 191406 83195 214004 191406 149657 235368 13847 227627 60591 177506 231804 60591 231877 28289 154289 212475 191406 83195 214004 191406 60591 177506 231804 227627 214979 132622 122898 214979 231877 28289 154289 212475 191406 83195 214004 214979 132622 122898 227627 149657 235368 175931 149657 235368 231877 28289 154289 191764 191406 83195 214004 152106 88621 83195 166799 87318 19824 172220 167587 0 162506 140071 152106 88621 83195 166799 0 140071 166799 0 87318 10255 21611 231877 127485 213056 197529 0
151901 67390 0 125542 211564 151901 67390 0 125542 0 229078 211564 212164 134087 176078 216020 125542 103719 195406 107266 106711 211564 232891 189950 127088 81839 0 14728 0 176078 216020 125542 10196 195406 46871 0 125542 211564 125542 106711 2729 116867 127053 232108 1795 201403 14728 155732 37388 0 216020 216277 81322 155389 70392 154289 212204 125542 214004 211564 157248 70392 207902 7973 92692 14397 99700 212204 125542 106711 49329 172818 103719 211564 175322 132613 211564 125542 110124 42521 195406 214004 211564 151901 160800 154289 211564 106956 215974 214004 211564 151901 198989 125542 106711 64211 20119 0 0 201394 67390 230338 125542 20119 0 160580 201394 46871 125542 20119 0 14728 0 0 14728 64905 0 125542 20119 0 14728 126136 104132 201403 212204 125542 106711 211564 77879 103719 195406 214004 26117 215218 220635
125993 154289 195406 0 201403 211564 79278 126013 12554 175322 201403 154289 211564 134087 176078 216020 0 206730 103719 195406 232108 220635 201403 125995 103719 0 211834 17824 493 201403 103719 155737 132560 142930 17824 103719 223845 200915 154289 166571 14728 51125 19128 193952 103719 211564 122215 206730 132613
20119 25487 103719 25235 14397 20119 25487 0 155990 213307 20119 25487 106711 222419 79479 42817 201415 211949 201415 103922 25665 21611 155337 25234 162994 14728 0 162994 107266 106711 142930 147633 58802 154289 166684 16797 25648 201320 232108 14397 20119 25487 73650 213307 94900 74844 166162 99838 211564 25648 85463 151115 213307 20119 25487 103719 211564 79278 40999 189998 389 154289 211564 154354 183834 154289 131069 122906 25235 58797 14397 20119 25487 19128 152743 154289 213330 0 73879 211520 151115 213307 20119 25487 192273 26117 43818 230711 166800 97949 185014 0 155990 185014 78978 106711 21843 77879 25234 155337 80175 38675 23761 106711 97900 37388 0 23657 155990 106711 21843 77879 25234 26439 154289 105569 155990 0 14397 20119 25487 106711 52850 230711
0 0 110534 38829 68169 0 0 110534 32619 20929 3244 2571 150178 106549 131807 106711 79776 131069 122906 25235 0 14728 212164 0 94900 166799 97782 230964 2950 25235 40279 79479 211564 23897 0 2608 0 106711 163162 28289 117085 79479 34151 149657 235368 234457 77879 0 127556 0 177394 79479 50910 83195 166799 211564 177394 92143 26631 38675 214672 93681 214004 34131 94900 26256 211564 5345 177394 230711 94900 166799 103719 97782 0 202677 83155 155337 191188 2636 28439 211564 0 14728 211564 38615 15081 103719 81351 154289 197964 54449 20119 0 160580 20119 38952 234534 0 97900 98682 183909 103719 211564 83155 211564 150392 26694 211520 213013 0 177394 14728 15713 98682 183909 103719 97782 0 83155 75450 122199 227471 212204 83155 19128 131069 122906 25235 143422 0 141764 103719 140927 97888 0 166799 103719 14397 0 142930 202677 83195 157787 211564 149841 212475 234783 97782 0 70414 20119 0 83195 230711 94900 178868 97782 147143 81322 211564 125583 79479 211564 77539 0 98682 83155 154289 211564 2639 189821 97782 177394 0 202677 83195 122154 157787 191770 189828 81322 134939 3843 2609 214004 191188 2729 2639 2428 12554 14728 136990 154289 211564 3845 97900 48053 0 106711 50970 155389 154289 211564 28289 0 14728 212164 0 214004 73595 166784 211564 83155 20119 6843 0 0 493 114828 94900 123146 211564 229494 79479 208094 121956 0 214004 26117 204029 103719 211520 168939 230711 227471 105890 211564 147865 25235 92751 154289 75314 103719 2767 94900 229078 77879 0 0 232108 211564 212164 97151 227475 162994 7007 103719 92751 154289 75314 97888 26813 214398 0 7007 14728 151352 184287 7007 94900 106711 28289 21257 14728 211564 170203 14728 42600 154289 0 25235 103807 211564 49856 87305 106711 214004 90046 211564 127722 154289 25235 81322 142930 0 124353 72617 103719 2747 0 25235 179272 0 14728 97782 35254 29406 37084 14728 0 0 14728 79101 155337 191779 0 0 131825 14728 60286 235536 39165 14728 0 0 0 200617 80149 0 170924 25235 232108 212475 140000 209637 7763 0 0 232108 211564 0 211564 20930 0 0 232108 211564 186339 80460 85867 14728 211564 43891 202407 53391 0 232108 211564 208335 25844 176652 0 0
25670 154289 0 211564 25670 154289 0 229078 25670 28439 211564 0 14728 211564 0 107266 229078 137301 103719 218938 67289 136204 233189 211564 0 0 14728 0 211949 134939 60208 176858 155990 0 73582 8412 214004 211564 0 0 211564 57247 170548 0 38953 232108 195896 79276 214004 226577 14728 199648 211564 231897 20119 211564 0 0 229078 211564 79943 154289 97782 35254 77678 115967 154289 211564 0 211834 77301 201307 28439 211564 0 14728 211564 0 25670 214683 166386 211520 122154 79479 212475 57957 211564 225097 154289 211564 202561 211520 230243 80147 230742 106711 212409 214004 26117 196936 160800 154289 211564 156418 232840 63539 152082 74260 231016 211564 77301 201307 151672 63539 212000 86505 211564 157539 154289 211564 25670 103719 161080 154289 0 0 195459 198357 7973 211564 70444 154289 211564 25670 96237 147145 0 212204 106711 211564 186152 202561 19128 103719 211564 0 0 230753 103719 124118 60484 211564 0 71475 106711 49973 96237 107266 106711 190178 211520 211564 0 232553 211564 25670 211564 57247 170548 0 14728 77678 198311 61505 103719 211564 25670 10196 211564 77305 211564 160885 131133 161904 14728 211564 149657 57247 122864 0 230959 198218 94564 102313 19128 0 106711 12795 214004 123001 232108 211564 205558 0
142796 181560 166471 231379 79636 211564 142796 181560 166471 231379 79636 106711 79636 103719 0 160580 230742 106711 103719 211564 93021 14728 0 52926 103719 211564 201354 154289 149657 235368 107266 106711 60288 231379 79636 37388 211564 149657 235368 201354 59841 154289 71212 50937
0 0 0 0 110897 0 132800 3340 2239 229078 57247 134420 94900 229078 32619 103719 0 0 0 152013 103719 0 94594 49974 189955 188807 94900 230204 214004 59683 79479 82092 203344 195338 152013 61486 94564 16352 221237 103719 0 103719 0 94900 8767 88365 58903 154289 0 0 103719 2171 94900 229078 97684 19128 0 103719 2177 183361 0 154289 0 19128 0 106711 178562 214004 134422 94900 122199 203340 211564 0 103560 154289 49983 152748 97782 143422 103563 159988 155181 0 0 0 155337 211564 0 179261 154289 62317 229078 172270 103719 2179 37388 211564 183361 57247 8220 154289 189122 14728 124221 195338 107266 229078 103719 57247 107266 229078 152082 152140 37388 132560 162859 122199 108981 0 14728 40397 81135 0 159988 193935 211564 186152 179765 155389 154289 211564 142930 103563 37164 140475 102295 193952 103719 0 155181 0 0 0 229078 224255 0 130919 212105 94900 228772 214004 193919 103719 211564 159988 229078 152082 212204 37164 94900 76498 211520 211564 50229 154289 152748 232108 123719 14728 62317 233011 26117 148625 0 212415 155337 9079 229078 218938 202677 125575 17824 9054 102493 229614 0 211670 103719 204070 229494 211520 211564 189950 125542 26734 230717 211564 77879 155389 70555 14728 211699 161076 202677 125542 81322 211564 77879 214004 211564 122153 167572 154289 211564 221179 125575 212204 125542 106711 211564 204566 154289 211564 221179 125575 214106 211564 186152 102279 106711 222419 230711 9071 224255 97782 159988 229078 170592 103719 80931 216044 103719 2409 107266 229078 178602 103719 70703 103719 2640 19128 155337 211564 0 179261 154289 62317 67878 0 72803 11592 0 96311 0 0 35254 229078 75359 163529 103719 57247 32309
86941 0 57919 86941 0 57919 106711 39070 214004 70353 162859 18574 211564 232891 214004 229099 211640 93304 232108 197548 107266 207902 166386 155337 154016 1573 154289 67181 234772 211564 39070 87305 106711 214004 175429 21849 154289 0 232108 197548 19128 114734 229494 214004 170349 62611 211564 98475 229078 130085 20119 211564 15619 232891 229254 229817 2768 230742 229078 95534 103719 202288 81322 20929 2004 214004 3144 157515 154289 212204 229817 38953 211564 172247 170677 160919 79479 0 0 211564 86941 0 57919 214683 166386 79479 211564 77879 213307 155337 154016 1573 2768 211564 57718 16914 37388 221179 147905 84653 19748 214004 87301 12974 232108 211564 234772 2768 19128 211564 105688 234772 154289 0 211564 211681 79479 86941 0 57919 0 234772 229078 79099 155337 188807 45105 211564 136992 0 214004 85439 211564 134918 152743 154289 188807 45105 0 232108 197548 103719 142930 211454 191775 52931
5056 98682 183909 48053 103719 131069 122906 25235 140927 211564 5056 98682 183909 48053 106711 210766 86509 214004 211564 90017 154289 0 230959 94564 97900 5056 155990 142930 178180 98682 183969 103719 211640 40281 155337 20929 709 2497 0 184184 26434 211564 77879 136990 154289 211564 48053 184184 70414 97782 40279 232108 0 98682 183969 212204 177394 202450 81322 2517 221763 0 7425 35061 107266 103719 2595 7425 70444 40279 215203 0 201493 211564 177394 221763 25047 32083 191644 211564 55485 133240 154289 0 66466 211564 2767 189821 11797 0 106711 211564 143422 177149 214004 176790 5056 98682 183969 94900 97900 97782 0 98682 183909 155337 17007 3051 2806 218852 166801 17824 136992 154289 211564 5056 98682 183909 48053 154289 211949 3457 166801 1365 230243 181060 0 389 230243 123266 14728 230243 206218 0 135966 212000 52784 25487 81322 68769 194518 154289 211564 166684 211564 186339 80460 85867 17824 211564 155471 80439 214004 94564 80175 166801 176790 5056 98682 183969 230753 155337 211640 182970 136699 0 230753 211564 209622 229078 103719 149657 235368 231529 0 231529 0 14728 143422 177151 32083 80175 5056 98682 183909 48053 136992 0 67900 145090 14728 175128 0 13123 136992 154289 211564 1 97900 48053 192797 0 98682 183909 229078 97782 77879 40279 98682 183909 232108 211564 149657 235368 0 211564 77879 213307 211520 166800 0 98682 183909 229078 13123 97782 77879 232108 97782 80439 12187 0 20119 4015 234783 14728 57957 229078 211564 235496 166800 214004 97900 5056 209795 231515 20119 4624 234783 14728 0 57957 229078 211564 154882 26870 136990 154289 211564 5056 98682 183909 48053 106711 198253 60209 19128 0 154289 71163 105890 211564 25235 92751 154289 75314 198218 27025 211564 0 94173 26486 124118 0 103719 177149 234783 80175 48053 136992 230959 17824 152375 0 79479 69057 214004 211564 92751 154289 75314 0 0 133240 0 14728 0 152082 26631 69054 0 179398 211520 166800 94173 26631 179879 78054 189828 155990 26117 58075 79479 20119 122983 195875 142532 198218 27025 211564 0 94173 26486 124118 103563 232108 211564 121947 152743 154289 149657 136992 389 166801 110117 211564 48053 81322 2640 214004 2772 13123 191779 154289 211949 177149 136992 94564 92143 213056 214004 163135 65568 198218 27025 211520 37388 152082 0 0 214004 211564 92751 211564 227473 230243 201315 0 155337 99821 212000 233011 216359 166801 81322 211564 0 71679 195338 211699 32083 14728 0 94564 13123 75033 214004 67293 69057 143422 177151 0 26434 211564 77879 48053 136990 214004 26117 65507 81322 211564 92751 154289 75314 0 0 214004 67293 70888 227474 154289 227474 41135 103719 211564 2806 69057 214004 201492 155337 211564 0
0 56743 149757 211564 0 56743 149757 106711 211564 126587 56743 149787 79479 0 38615 211564 56743 149757 106711 136990 154289 211564 127460 15050 149787 90017 63276 154289 0 90017 107266 106711 13123 160800 154289 211564 186339 82546 223381 149787 90017 12974 232108 211564 186339 82546 223381 216711 14728 211564 0 201206 212286 149789 172743 211564 149787 103719 2609 212286 197964 211564 56743 149757 214004 231512 58130 0 0 90017 103719 2637
186339 82546 223381 216711 211564 186339 82546 223381 216711 106711 211564 56743 149787 103719 230338 0 38615 107266 191547 211564 186339 82546 223381 211564 216711 106711 136990 154289 211564 127460 15050 149787 90017 63276 154289 0 90017 107266 106711 13123 160800 154289 211564 186339 82546 223381 149787 90017 12974 232108 211564 0 201206 14728 211564 0 56743 149757 211564 149787 43138 35505 33055 211564 216711 103719 2571 212286 149789 172743 35505 103719 2582 212286 197964 211564 216711 214004 0 0 90017 103719 2637
0 0 17824 14397 70703 79419 209622 211564 48053 229078 80153 103719 2433 107266 106711 25239 103719 211564 215473 154289 0 103719 55232 70687 10196 212000 230243 171166 20119 211564 70392 154289 211564 2767 189821 212000 26706 166817 103719 211564 50497 147865 211564 48053 199648 157787 77286 234783 103719 211564 79419 122906 28439 2482 14728 2593 14728 94564 195338 199648 211640 213307 103719 211564 214756 218938 124361 154289 151431 79419 0 94564 218863 232553 151431 79419 97151 55327 49928 211564 74735 217340 103719 2625 14728 2794 26489 211564 155471 151431 48053 214004 94564 232553 211564 217340 20119 32895 154868 14728 149657 0 0 211564 48053 49336 17824 31042 14728 230835 211564 49469 154289 211949 94173 223822 157787 213307 107266 94173 123146 214004 211640 150177 211564 0 0 20119 211564 48053 0 202913 77235 223922 211564 98682 177394 154289 1795 229078 191644 10255 0 47071 103719 211564 74735 55327 212164 183176 103719 2560 37164 66466 211564 2627 14728 2746 211564 21611 178722 28439 6386 14728 5056 21611 20576 202450 20119 0 66466 211564 2768 189821 211564 48053 232553 211640 189950 74735 217340 213769 155337 211564 6724 134939 2794 10196 26274 0 32662 103719 211564 77539 20119 0 200857
63100 63100 106711 2772 189121 77175 212505 143826 62311 37388 148815 0 107266 229078 233190 37388 0 14728 0 0 14728 170882 37388 163785 107934 14728 0 0 211564 143826 201294 0 0 108744 51738 14728 57825 108345 211564 143826 232553 211564 2794 187515 21842 79479 28289 105688 143826 230742 106711 21843 37388 211564 8220 154289 189121 77175 75478 99371 77507 14728 229078 151407 79479 80175 8220 21847 103719 2794 103931 28289 165270 28289 9021 189429 28289 226622 68258 14728 28289 68032 211564 167073 106711 25239 155337 2760 193790 143826 12488 103719 0 13123 62311 37388 0 14728 170882 37388 0 0 14728 195226 0 0 155337 211564 211683 154289 0 14728 197646 190263 211564 213769 14728 167073 154289 63100 230243 25239 155337 176858 73589 211520 214683 93582 103719 63100 195875 39719 215473 66466 211564 16507 71679 211564 143826 229078 170882 79479 3843 139506 14728 193860 155337 126616 103719 0 0 193945 77176 105855 149657 202517 14728 225646 81322 0 38984 103719 160800 63683 203498 79757 226360 133265 39070 26706 103719 2768 20119 211564 186339 61515 49556 230753 211564 211587 215778 16801 103719 110829 2772 178602 37388 0 165273 211564 143826 155686 214004 54102 0 155337 20929 1365 2772 103719 151901 13835 14728 130085 4322 139506 103719 107433 77879 229820 127528 154289 162859 212409 211520 211564 143826 229078 0 97900 79479 107433 152082 225177 75359 41135 14728 141252 170889 230753 94594 204024 14728 26870 168604 230753 107266 229078 103719 211578
0 0 34867 18445 154351 0 0 2729 134939 0 389 58381 2251 229078 34867 197978 14728 167818 230959 229078 32619 103719 106471 94900 229078 117085 19128 84653 195635 0 0 221763 2235 0 2233 2235 94900 229078 211564 189950 198311 154289 211564 225177 0 43873 0 0 930 76226 2141 0 58130 154289 0 10196 203357 20119 0 14728 216975 49066 65815 0 33055 49712 103719 211564 0 178073 154289 79414 154289 230742 97782 220445 229078 49240 103719 0 94900 229078 198502 191033 214004 151901 13835 214004 77301 103719 211564 180206 228806 94900 80124 103719 211564 35202 103719 20929 2141 19128 230072 19128 20119 0 0 14728 0 53054 99710 26694 77548 26870 207888 170649 20119 211564 77539 25670 154289 0 103719 0 28439 2166 14728 2177 94900 179268 0 103719 211564 106513 99710 154289 49753 211699 94900 187372 79479 0 221763 2197 94900 191538 103719 70687 14728 106471 230711 212000 230243 212466 37388 80931 106059 14728 10255 211564 80931 155337 211564 51297 94900 230204 155337 214004 191536 103719 98498 68470 14728 73592 26434 88549 154289 108295 2211 230717 94900 168988 0 14397 14682 154289 48986 169350 195635 0 229078 178868 81322 211564 191551 155337 211564 2950 134939 2235 26439 154289 211564 188109 94900 41748 103719 211564 45920 99511 188807 79479 33462 155337 3340 152302 2233 94900 71018 211564 188807 14728 154334 198218 33462 141962 79479 14397 155875 214004 0 211670 10196 211520 94900 19519 211670 214004 0 97401 14728 84087 211670 141962 94900 229078 41718 37388 211564 188807 152889 14728 43818 232108 0 50434 26694 211564 127357 135016 154289 127034 94900 229078 0 10196 86521 391 214004 211564 188807 10196 211520 211834 229078 139389 0 103719 17007 2235 230742 0 97401 154289 97782 175970 14728 99021 94900 229078 16914 0 2233 14728 0 154289 107266 2235
0 0 229078 219051 154289 199426 107266 229078 222419 37388 211564 182381 18445 0 230243 84677 138172 127053 212000 230243 130085 221873 154289 232643 192102 14728 14397 197795 106549 167572
216402 81286 216402 81300 17824 81300 211520 199634 143422 154289 211640 125014 103719 216423 211834 17824 191779 125575 154289 0 230742 94564 73737 105890 216402 81300 211949 90031 17824 155471 0 178562 37164 212000 94564 73737 79479 127053 213307 103719 195181 50403 211564 179758 106711 211520 214106 211834 17824 199473 81322 61621 90031 211520 127236 225177 144135 125207 67181 157248 212204 106711 0 73727 107266 87519 197529 75509 211520 103719 12927 12554 40999 230717 155389 90017 153879 211564 157248 63743 152082 211640 55485 63093 193961 211520 211564 122153 49742 14682 154289 32895 90031 126212 26694 211564 62102 62416 212000 63539 152082 151827 0 214004 211564 89991 73879 214004 134351 14728 0 212407 198218 36140 0 149286 155337 123012 14728 176163 123001 211564 216423 20119 12554 19128 9550 103719 198218 199473 211564 68398 60714 62328 105890 9550 103719 157251 211564 0 200905 106711 199648 103719 211564 229254 168465 154289 121947 217345 216402 122885 132560 216402 81300 39206 43564 211640 49324 79479 28409 39058 157251 17824 167607 167603 0 81286 14728 62853 228969 0 216402 81300 17824 222563 213532 19128 211640 229906 94173 214004 26117 40720 37388 211564 33832 14728 0 154289 211640 92051 230753 198218 176790 389 48173 103719 155990 142930 212000 17824 219093 196938 14728 142930 196634 211454 210886 81300 219092 79479 216402 81300 17824 211564 230072 62592 20119 211564 77608 14728 214135 213575 211564 77630 14728 214146 211696 19128 230072 19128 211564 125344 210412 214004 26117 176333 127053 179762 103719 205079 0 7859 211564 84918 0 106711 143422 74505 103719 212204 179624 107266 39206 0 218938 77630 214004 211564 157248 218938 179762 103719 225504 0 216402 81300 17824 136992 154289 211949 75338 155990 84649
130036 198931 211564 198931 79479 211564 143826 130036 229078 178602 103719 2760 107266 51211 93475 0 189270 14728 198390 81322 211564 143826 212204 106711 125993 154289 215672 81322 211564 198931
0 0 0 0 0 106711 49221 200213 48053 103719 0 49220 107266 106711 75359 79479 107433 79419 197631 209622 25346 0 14728 206164 48072 17824 13123 200124 37388 0 0 0 0 106711 155389 154289 211564 28289 19833 79419 209637 103719 49220 14728 198989 13835 94594 232553 150673 147865 43449 103719 2580 2582 2585 2589 2595 2637 2639 2760 14728 2807 0 0 0 106711 211564 149657 200857 79479 0 0 39206 77990 5305 162859 107266 106711 211564 29231 79419 200857 103719 49220 0 0 0 229078 154356 0 155337 152302 2428 2768 211564 154868 200857 0 0 0 90651 52784 77990 39697 79479 5055 162859 0 98889 0 0 59036 223360 14728 0 0 211564 80175 121959 0 154289 0 0 0
109052 0 109070 170270 109052 0 32619 108565 930 2577 106711 211564 80154 154289 13630 94900 106711 13123 211564 43156 170203 14728 44991 73989 154351 42600 154289 13630 0 88734 20119 170559 221237 19128 220575 211564 0 28320 165056 19833 229078 97684 20119 192663 48270 19128 77557 0 79479 26694 80158 13630 103719 2634 230711 133268 155686 155337 110829 3530 2810 0 34634 26434 211564 232891 180794 163529 0 29406 83931 232108 149289 232980 154289 111067 157787 6731 29445 94900 127491 211564 213769 122199 103719 211564 57919 230711 13630 202268 65507 179990 97401 214004 189950 166386 232108 149289 232980 111067 27236 6731 29445
77539 55657 170723 77539 55657 170723 77539 55657 170723 389 106711 14397 221902 225626 68032 197819 60716 37388 16866 103807 211520 229078 15599 155337 17007 930 2798 14728 231473 26117 178602 103719 110897 2798 107266 106711 14397 221909 225105 154289 211564 151431 68032 197819 77539 55657 170723
0 0 229078 140000 205000 230742 79769 103719 211564 60807 163217 107266 106711 154423 38675 211564 154868 177506 186527 51297 155990 0 0 103925 144135 154289 230638 106711 152375 151938 73312 89367 14728 151901 13835 0 79769 230711 51303 0 151901 13835 14728 0 0 232108 67181 157248 66466 211564 0 0 14728 151901 13835 0 232108 67181 157248 77879 211699 0 0 232108 0 26694 0 232108 151901 13835 0 49975 47950 211564 0 153881 14728 155686 211564 0 153881 26813 107266 0 26434 160800 154289 0 103719 211564 163333 103719 211564 111010 230711 0 0 105890 218938 0 87873 14728 0 0 26434 160800 154289 0 211564 20368 153881 155686 221873 103719 211564 138926 154289 0 41756 107266 214004 200049 105890 151901 13835 14728 73312
104109 201354 154289 54164 211564 104109 201354 154289 54164 0 0 0 0 229078 75775 172702 66466 232891 228806 102710 107266 229078 72617 103719 17007 2535 10196 211564 115973 154289 235667 229078 200049 221873 37388 148259 85246 14728 75775 107326 0 107266 0 143422 154289 141226 54164 19128 230072 19128 12554 154289 32797 14728 96537 14728 160927 154289 196821 14728 191298 211564 0 229078 183827 37388 0 0 14728 97782 222546 174866 210936 14728 0 156296 230742 230243 79276 154289 211564 172750 160934 154289 181071 80153 37388 0 0 20119 211564 70392 154289 2652 42593 211564 0 92143 171008 0 37388 139318 0 214004 0 54164 154289 191305 37388 115737 155389 212164 0 211564 157248 212164 14728 0 211564 178724 212164 211564 77879 160800 154289 212204 171013 229078 26761 66466 0 37388 166567 84822 103719 0 50221 39065 14728 157248 166408 12554 157787 0 79278 211564 20531 154289 211564 21952 169392 155337 211564 115973 154289 235667 103719 2535 14728 211564 174278 58707 154289 211564 0 18445 0 0 211564 230964 52932 229078 153867 37388 21952 79528 97928 14728 145384 105213 211564 54165 222546 230959 92143 127053 198841 54165 104105 79789 211564 104109 201354 154289 54164 0 0 0 0 211564 72621 154289 0 229078 170816 155337 17007 389 2535 37388 0 0 59972 122864 154289 211564 222546 0 0 38953 214004 169353 19128 122864 0 154289 211564 54165 172702 201354 0 214683 169353 232108 145384 14728 97928 0 155337 159988 107266 229078 115973 220575 115967 0 102710 154289 211564 99710 154289 187821 211564 66047 154289 200049 37164 0 102710 229078 155471 0 232108 151115 176858 169353 81322 202772 163568 211564 72621 154289 211564 149657 172702 201354 229078 14397 153789 20568 37388 97928 214004 0 211564 152375 50849 0 162863 79479 211564 172826 154289 177710 211564 148513 153862 79519 214004 139897 103719 125097 154289 97782 166577 79479 211564 221902 155737 0 0 0 211564 94901 154289 211564 54165 0 160934 211564 203170 69054 160934 103719 54164 20119 211564 213307 177977 14397 154333 81322 85242 214004 94901 211564 88542 37164 38675 155337 162859 214004 153603 214004 14728 0 232108 211564 149657 88542 211564 186152 57919 0 130085 211564 0 0 0 18707 155337 17007 2943 214004 26486 211564 0 122864 0 232108 0 28409 214004 216039 19128 94901 211564 182381 41566 46303 154354 0 229078 13123 155696 168946 103719 212204 163217 155337 2428 134939 2535 0 14728 145384 103719 0 232108 211564 51354 194796 103719 0 20119 211564 70392 154289 0 28439 191305 115973 154289 0 14728 107326 194796 182369 155736 51354 37388 230742 0 92143 214004 0 214004 107326 103719 0 232108 0 51354 12927 12554 154289 56926 14728 160927 154289 0 0 14728 0 0 0 229078 13123 79507 214004 94564 148169 211949 51362 0 142930 211454 16368 69626 211564 0 154289 211564 52932 221974 211564 21952 169392 144135 154289 211564 168624 154289 211564 104109 201354 154289 54164 229078 152082 0 143430 26439 154289 211564 0 154289 32797 107266 92143 194807 168625 154289 191305 7973 2428 154289 211564 168624 154289 54164 20119 211564 213307 157787 3843 154289 211564 168624 154289 0 0 145354 211564 121959 168624 90017 154289 32797 20119 211564 213307 14728 157787 389 154289 211564 168624 154289 0 85242 0 14728 157251 211564 41571 130939 0 85242 14728 0 0 111067 157787 5055 154289 211564 139506 168624 139318 0 167818 14728 139919 154289 211564 0 13123 54165 233178 103292 214683 211564 155875 214004 0 211564 145354 19128 35259 14728 228772 214004 79519 211670 214004 51514 214004 45960 132560 0 10586 232108 211564 102279 211520 211564 131082 154289 0 145354 17824 8901 0 230959 230243 51515 214004 106927 66466 211564 106059 154289 211564 218510 103719 211564 1789 42593 132560 0 145354 230243 8318 211564 0 103719 132560 40999 230243 79521 214004 8314 107266 220575 211564 162506 154289 0 214004 45960 155990 26870 73982 14728 103292 26434 106172 211564 143422 0 154289 106937 0 63279 229078 211564 1357 0 143681 63276 154289 211564 200698 0 103719 179624 214004 211564 197979 154289 145351 75119 143391 229078 36156 103719 0 54164 39768 47071 117085 19128 0 0 155990 0 143391 60375 0 0 154289 71589 232108 211564 0 132560 145354 174293 26434 0 232108 54165 183824 145351 122864 179231 211520 152082 155389 145351 153867 14397 104555 168992 103719 211564 9357 0 77305 35061 157515 28439 211564 222546 0 14728 0 0 103719 0 210930 198218 222546 139390 221187 26434 51543 211520 211564 145354 230243 49792 0 14728 36885 211640 225967 14728 144995 132560 47120 0 8472 211564 145354 154289 207931 160800 103719 211564 222546 226295 10255 191305 14728 0 195181 0 10255 211564 145351 168624 211564 0 12927 103292 0 174857 122672 211520 177866 211564 0 154289 211564 102336 154289 148259 85246 14728 75775 107326 232108 14397 70106 166389 155337 54165 147865 107199 211564 77879 123283 156149 79479 211564 58750 154289 211564 162859 14728 211564 201354 57719 17007 2004 2535 156151 211564 58165 162506 79479 0 154289 211564 99013 14728 226652 105560 154289 211564 54165 162859 14728 211564 205552 154289 211564 104109 201354 154289 54164 107266 229078 198502 79274 37388 211564 123283 156149 154289 174826 14728 211564 123283 156149 154289 211564 171478 154289 0 30926 14728 211564 99013 154289 211564 54165 162859 57719 17007 3843 2535 19128 230072 19128 211564 156149 154289 211564 53711 14728 58802 154289 211564 174857 49727 57719 110897 2535 211564 70615 154289 211949 123283 8892 229078 64211 152082 155471 212564 151816 53105 37164 13123 149657 157515 53105 19128 230072 19128 141117 53105 232108 74396 0 211564 151816 0 52784 151115 127084 0 211564 176309 154289 149657 104931 14728 211564 0 88542 201307 170109 211564 90007 230638 233011 26486 211564 0 50221 39065 37388 110829 2535 211564 178070 233011 73592 79730 50221 39165 103719 69282 61621 126619 211564 222546 201307 50438 0 39070 154289 134087 144991 0 14728 79521 178661 51509 103719 14397 20568 214004 178867 211564 0 191305 109486 0 0 0 14728 0 211564 0 50221 39065 233011 26486 211564 166386 154289 144991 154289 221873 214004 100521 212420 162859 198218 72707 211520 212204 39065 229078 211564 212164 121959 39065 154289 0 157794 0 58165 52842 106711 72708 20119 18574 390 162859 37164 12554 233190 177401 230243 60446 214004 53187 107266 221873 37388 211564 70392 154289 211564 228806 211564 54165 191305 230243 177706 214004 1365 154289 211564 168624 65941 214004 115737 155990 51509 37164 13123 160843 37388 0 214004 0 103719 2543 211564 54165 109486 230243 12554 37164 69360 19128 155471 155389 77282 154289 211670 205556 211564 228806 132560 109486 230243 13123 0 214004 211564 50221 39165 154289 148259 85246 107435 211564 201354 154289 163315 210931 134087 115737 0 232548 14728 0 171271 154289 211640 225571 103719 211564 0 201354 154289 54164 79521 170482 211564 191305 214004 177027 8412 214004 211564 0 227357 0 179236 97928 229078 15226 232108 0 231007 167770 0 211564 177034 103719 54164 37388 230742 97928 127491 7859 214004 0 211564 104109 201354 154289 54164 79528 155337 211564 67411 81351 0 97928 229078 79521 214004 0 97782 79528 103719 0 211564 177034 79479 211520 176960 97928 0 0 214004 97782 228806 0 103719 0 219928 155337 191188 3144 2538 0 0 179185 97782 139919 154289 211564 18339 79528 0 0 232108 211564 124118 0 0 0 26694 136325 97928 214004 0 211564 172247 0 172270 211564 103563 88542 15601 0 0 0 103719 230742 94900 212466 212397 230959 230243 200324 211564 149757 7973 151431 212472 154289 0 154289 211564 0 221187 37388 179266 154289 155389 79587 169353 7973 211564 54165 18445 179186 37388 79587 18445 7973 211564 168983 211520 79587 169353 233011 0 211564 169353 103719 54164 0 0 191188 4523 2538 93475 0 211564 16914 94901 154289 0 79479 211564 104109 201354 154289 54164 103719 97782 0 179229 220575 211564 213769 25337 154289 211564 0 57189 191033 214004 84653 0 154289 108565 1365 2539 233215 143422 154289 211564 0 175983 17824 49570 81322 211564 191305 65941 214004 211564 74885 211520 212000 17824 211564 143422 0 229494 0 211564 149657 178070 103719 54164 201307 211564 171021 154289 0 14728 60454 154289 211564 191305 230742 211564 171021 17824 172263 205282 37388 211564 97151 175983 154289 211564 54165 88542 14728 211564 171021 9432 19128 211564 130919 88542 87305 211564 74885 211520 61621 208059 229078 49570 81322 211564 154354 0 194518 220575 211564 177034 170245 14728 65941 214004 211564 53044 154289 73589 73569 0 229078 137301 123012 151115 168983 214004 0 211564 93880 41748 37388 79479 73831 64978 139318 0 211564 8894 54165 139919 103719 27927 16914 84653 0 233215 103719 97782 179229 0 143813 106711 65941 214004 211564 140533 14728 0 212000 94564 130085 14728 211564 52378 197529 0 211520 211564 88542 73989 33829 211564 0 14728 211564 167757 192273 26117 191133 81322 211564 88542 73569 79479 211564 170402 154289 34151 16352 168985 50778 232108 211564 88542 103719 20929 2540 211834 229078 14397 20568 37388 79587 139919 103719 0 88542 0 0 14728 139919 154289 228806 0 0 214004 0 52950 0 10255 0 0 211564 52950 75033 14728 107433 0 230243 73982 211564 0 18445 232119 215448 0 232108 85222 14728 0 217320 37388 67289 2541 14728 51319 77305 79479 229817 10196 211564 85222 205499 155337 134939 7090 2541 212000 230243 198502 0 14728 211564 104109 201354 154289 54164 0 68256 42137 214004 74091 103719 134939 2541 148448 211564 70392 154289 211564 228806 211564 9557 154289 0 0 79528 110117 37388 211564 199089 177506 18445 41748 134087 179923 154289 211564 222546 215448 21205 103719 134939 2541 121947 49388 50024 154289 0 79276 14728 0 18445 217320 14728 47120 0 81322 211564 0 79528 94929 151985 215448 107326 14728 21205 0 0 0 81322 211564 90017 14728 78426 214004 21205 107326 14728 77548 17937 211564 179678 154289 211564 90017 50988 154289 157787 1574 197979 103931 0 217320 14728 47120 0 161080 232108 211564 34867 79528 155337 211564 21208 194518 154289 211564 21208 32497 211564 34867 18445 211699 218540 157787 152743 154289 211670 214004 211564 0 79528 211564 70392 154289 211564 228806 179761 103719 211564 72621 154289 211564 197654 76252 179339 154289 235667 232108 211564 51091 154289 211564 197654 76252 179339 154289 235667 154356 131180 54164 14728 32797 14728 96537 155389 154289 195875 0 179349 103719 211564 149657 201354
0 33417 0 33417 0 0 0 126021 106549 18288 20420 106711 108588 132067 191406 77879 172270 103719 2555 14728 210151 171008 77879 34926 103719 108586 103719 2576 211564 202561 79280 211564 9584 154289 181871 147145 0 33417 14728 190516 154289 157248 43769 12974 211564 229494 0 33417 106711 211564 77879 143422 168604 108588 210151 191406 211520 0 211564 0 211520 122199 26434 75328 232920 19128 15356 107266 156426 19128 132067 103719 2555 37388 0 0 0 103719 108586 19128 211564 87389 154289 132067
0 123526 0 123526 0 123526 106711 85222 0 81322 123526 211564 48053 229078 80153 155337 2428 134939 2772 37388 211564 177506 36292 49856 107266 229078 79769 157515 154289 211564 0 0 65941 214004 211564 178195 154289 211564 0 211564 147143 177506 36292 123526 79479 133265 176968 229078 79507 197529 212000 230243 38675 0 193790 79479 0 13123 211564 126840 229078 79507 211564 49856 229078 205386 211520 211834 106711 89263 43489 214004 79730 149657 48053 26439 232108 211564 0 152375 177506 36292 17856 211834 229078 87949 200857 14728 211834 106711 151115 48053 103719 170924 79419 103719 211564 17827 211564 48053 127053 210766 10965 106711 214004 176790 211564 36489 125207 103719 186043 132560 75450 171520 10255 212204 58113 26439 212000 92143 211564 76172 211520 211564 0 231473 0 14728 79419 231473 26117 155471 37084 197529 212000 228772 151816 79419 48053 212000 201307 103719 211564 0 0 124353 14728 26434 2703 103719 211564 2772 189821 37164 211564 149841 189821 212000 75033 214004 82719 171172 214004 211564 36489 197529 211564 48275 229078 43566 211564 149657 155389 106711 211564 21208 163785 0 211564 77879 134331 220575 211564 149657 48275 229078 231648 103719 211564 85222 55327 2703 183176 225119 0 0 81322 211564 36489
0 0 14397 9287 103719 29682 79479 14397 15324 230742 126243 103719 211564 216423 12554 79649 94564 92143 15337 126257 103719 211670 212397 15337 94564 9020 230742 0 211670 214004 126209 14728 143805 7973 103719 216423 211564 67278 155389 117085 106711 0 0 154289 211564 122184 163333 7973 3458 139506 234783 10531
0 0 212917 200915 154289 211564 161331 106711 212917 35955 211285 230742 170186 211564 200915 103719 211564 49973 161331 214004 70817 19128 209242 37388 35942 103719 212917 35955 97888 211834 94564 26631 132560 61621 225109 154289 0 170179 37388 61621 209599 154289 211564 0 0 14728 0 188829 99838 12554 225109 154289 211564 0 17824 0 154289 0 924 42593 182663 211285 121287 79479 211564 161331 214004 70817 211834 106711 171059 214004 74168 211564 0 209602 232108 191779 216040 211296
0 105264 211564 0 105264 229078 80153 103719 2619 37388 211564 170173 1569 0 0 20119 0 148448 0 104132 211564 105264 95767 214004 170191 211564 212917 121660 14728 55202 211564 105264 106711 147145 10196 0 211564 215716 204636 179515 154289 211564 0 0 103719 0 212916 211564 130919 36146 106711 0 154289 211564 0 159016 103719 0
141117 84719 69229 141117 84719 69229 0 17824 219051 154289 63514 211520 39206 143805 18574 232135 211564 84833 212000 103922 211564 215203 154289 12554 141117 84719 69229 103719 84833 134939 26117 177831 214004 19128 211564 0 24498 0 229078 21843 211564 2610 151137 170706 103719 164998 155990 136194 79479 96131 62570 154289 141117 84719 69229
0 73727 230711 208068 103719 210803 154289 73727 0 60212 99821 199473 60716 81322 211564 199473 26694 107266 211564 199473 9021 214004 107433 71211 0 17824 160927 154289 211564 216402 154289 125014 225177 154423 84719 104587 106711 222419 214004 60530 211564 0 154289 199473
0 0 0 0 3340 132800 2522 2428 76226 2798 229078 85222 167818 81322 0 67390 171813 0 191538 19128 135016 154289 230338 27927 81322 134939 2599 213219 3144 108565 2608 81322 152302 2600 213219 3942 154016 2602 94900 229078 13123 170203 154289 211564 0 0 229078 136990 154289 211564 197646 59433 160934 199409 94900 61505 155337 211564 2428 76226 2798 20119 211564 10337 154289 6062 10196 127053 102989
0 204687 211564 0 204687 106711 143107 0 149787 25239 103719 136761 21178 107266 106711 172270 37388 211564 0 14728 229826 213330 160800 154289 149757 125379 230742 106711 160800 154289 149757 52265 107266 39206 26117 33055 103719 136761 178092 225577 209081 211564 21179 39768 210930 14728 32497 178112 154289 198989 21178 14728 199016 149657 198989 228448 211564 0 204687 192523 132560 18927 232108 157248 149757 52265 56743 149789 72448 212397 81322 21178 211564 0 204687 106711 211564 29231 190634 56743 149787 103719 21178 107266 190640 7973 0 51761 67181 57919 14728 106711 176818 37388 5056 162859 211564 0 204687 149787 229078 79769 103719 2625 230711 211564 143107 0 159988 211564 204687 149757 110117 232108 211564 10212 0 159988 211564 0 107266 229078 77879 172270 155337 154016 2625 19128 211564 0 211564 0 103719 107433 213769 229078 65507 155337 134939 2633 211564 0 229078 201307 155337 108565 2283 37388 85064 0 19128 211564 168759 164475 0 103719 2312 107266 26434 211564 136761 0 37164 229817 122199 26434 211564 0 81322 2344 107266 229078 14397 73572 149787 49240 231512 212263 0 229078 198252 126049 68037 14728 122199 19829 68037 26694 26489 131831 68037 103719 2439 211564 204687 149757 26706 155337 709 191188 2484 14728 33055 37388 211564 0 14728 229826 213330 103719 2489 211564 0 155357 197964 12927 5538 51761 37164 37388 211564 213307 154289 107433 0 15581 103719 2625 107266 92143 75248 27236 2730 212204 229078 41748 37388 211564 103397 154289 73572 210151 149757 14728 142930 162859 222475 40768 214004 85439 98682 81322 232840 229078 144135 124118 211454 211520 154289 211564 143107 204687 19128 179758 211564 0 14728 229826 213330 58417 214004 0 211564 218938 14728 197529 10196 155389 100521 14728 77286 234783 210381 142532 14728 218938 57957 154289 172252 211564 0 229078 172270 79479 211564 122153 213307 19128 191132 149787 155337 154016 2625 211564 149841 57919 211564 204687 149757 172270 107433 122153 68035 211564 204740 68036 154289 211564 218938 149789 92143 13090 26631 137489 211564 179762 149787 92143 32895 211564 195912 14728 203498 154289 211564 204687 149757 232108 185739 202124 75255 211564 10212 68035 229078 39278 211564 122153 68035 26870 172270 155337 58381 2950 2747 211564 149757 125379 152375 170885 0 80748 10212 159988 211520 39206 26117 165188 221873 81322 201115 212566 211564 136761 0 107266 106711 152082 21499 157685 211520 17827 177149 68042 103922 163785 0 195226 0 164393 83570 14728 35356 0 157787 211564 5538 234783 211564 0 204687 94173 92143 175921 154289 130313 0 14728 0 222563 232108 14397 157685 160915 211520 52784 26117 153776 37388 68769 85468 107266 157515 154289 211564 149787 155990 222475 0 81322 211564 149787 214004 49039 155990 172742 211564 107370 107371 211520 94564 26631 160800 154289 212204 188452 103922 211564 204740 68035 106711 38675 211564 204740 0 204687 103719 206320 107266 106711 47951 125674 232108 211564 56743 210049 14728 211564 204740 210049 103719 34807 107266 106711 125674 232108 211564 0 14728 211564 204740 130882 103719 9121 211564 0 14728 204740 130882 103719 163596 211564 204740 213330 103719 0 211564 137453 14728 211564 204740 0 103719 57609 211564 151938 210930 149757 14728 204740 0
0 0 0 0 2004 191188 2490 103719 0 3671 152302 2804 103719 27927 229078 85222 167818 154289 211564 197646 59433 160934 199409 94900 229078 135016 154289 230338 27927 81322 2582 214004 2599 14728 229078 170203 154289 211564 0 103719 2582 10196 97782 179538 94900 232851 19128 85222 13650 214004 107144 221763 2608 14728 62330 84653 154289 211564 60643 0 34928 81322 2608 214004 2616 94900 229078 13123 170203 154289 211564 85222 177506 54321
0 0 0 0 32619 2195 17007 2604 103719 0 150377 106711 0 197631 166800 94900 166834 79479 177506 36292 186043 103719 211564 21208 36489 19128 58742 10196 166817 87949 103719 211564 219707 137514 55327 103719 2638 94900 230204 214004 73312 14728 166799 79479 201081 126316 94900 194796 2731 79479 0 0 103719 211564 0 37164 92143 151115 34161 197529 94900 230204 22689 214004 27010 2754 213219 2760 211564 166799 211564 77879 213307 103719 21205 79479 0 21205 231205 10196 97782 213307 103719 80413 76135 0 2760 94900 194796 79479 177506 36292 186043 2798 94900 97782 103719 19128 141815 152375 166817 103719 211564 122906 103719 80413 94900 201307 232108 211564 209622 154289 150377 103719 211564 2640 10132 235536 43448 211564 94900 229078 39927 154289 211564 0 209622 20119 211564 2640 77272 232891 235536 43448 103719 150377 230717 212000 176792 211564 174030 77549 155337 2004 110897 2731 94900 130085 97782 77879 134331 103719 211564 190942 209622 103719 2750 232891 55327 0 134331 10255 194668 123846 0 0 229078 136990 154289 211564 0 209622 79479 211564 2750 14728 2794 232891 55354
189320 0 155990 189320 134939 177812 214004
220058 189320 162859 220058 189320 17824 14397 72911 90017 103719 106471 60186 81322 0 189320 14728 70703 81322 211564 32497 154289 212397 218938 52931 230243 32497 0 211949 162859 77879 26706 214004 153870 106471 103719 121947 152748 232108 211564 166593 154289 220058 156151 37388 108345 154289 70687 155337 121387 207888 81322 211564 106513 151143 143430 103719 211564 171690 154289 220058 211564 210766 220058 177835 214004 32895 211949 49263 154289 211564 2192 42593 14728 124118 49749 214004 211564 0 230959 26706 214004 18706 81322 230638 106711 152375 151985 189316 42589 67276 220058 230243 121949 60186 81322 49263 81322 0 0 14728 211564 189329 32505 52932 13227 198218 0 81322 162859 82092 151901 103719 211564 189329 0 14728 211564 97160 220058 69964 103719 194807 152748 214004 211564 221179 201367 14728 12554 52160 154289 211564 34867 70118 39211 21178 149657 236481 198989 10129 14728 214004 124132 74411 214004 17937 14728 45111 103719 198989 13835 0 106711 215716 210766 79479 220058 189320 230959 122199 69964 214004 230638 106711 152375 211564 221179 201367 189320 106711 142930 177149 79730 154289 211564 13837 210766 211564 210766 94173 222563 26631 0 103719 13835 19128 0 103719 0 0 230717 211564 210766 0 106711 177396 81322 0 230753 189320 106711 152082 177396 221763 2593 14728 106711 152082 214004 26117 50615 232108 106513 177149 106513 103310 214004 189316
0 0 106711 47071 103719 151938 104132 107266 106711 211564 231897 189830 154289 88542 154289 211564 201354 154289 0 169534 14728 211564 63100 94961 154289 211564 0 63100 0 0 225963 232135 0 144846 106711 211564 98682 154289 211564 0 0 14728 211564 74082 212917 88542 107266 106711 168604 166386 79479 104135 14728 79587 215378 103931 203336 203357 212916
0 156149 154289 185459 110079 211564 143422 0 156149 154289 211564 99511 154289 185459 110079 154289 109347 106711 183361 156149 154289 0 72617 103719 2268 14728 80147 214106 212566 211564 49756 154289 147905 98942 117662 106471 14728 211564 221179 201367 154289 13835 107433 232891 140490 106711 214004 170349 14728 0 194476 14728 104880 14728 214004 8830 214004 0 211564 95014 14728 230072 154289 162859 16375 103719 211564 232891 107266 106711 154423 195275 38675 211564 156149 154289 200764 110079 155990 19128 211564 0 156149 154289 185459 110079 0 214004 63051 107266 81322 157248 195184 147145 156158 211564 156149 16982 3340 0 205282 37388 1 70137 14728 3341 227325 17824 130939 0 212407 212397 154289 157248 45951 59705 155990 157248 178658 17824 8318 105890 211564 156149 14728 98996 136993 106711 170179 214004 63053 0 154289 157248 178658 136993 103719 211564 156149 106711 37388 0 155471 73879 225411 16918 214004 42817 88542 155990 0 154353 103719 198218 0 162859 134939 152082 0 79479 0 107266 106711 163162 28289 117085 212564 107433 191551 156298 200764 110079 13753 14728 200764 110079 74558 99511 90017 211564 0 14728 232840 154289 230742 17824 152082 125379 214004 16352 0 155990 178656 211564 156418 156149 229078 63247 105890 0 0 211949 230243 90031 25239 155337 211564 214604 155990 121660 211520 211564 90017 200085 211564 156149 154289 200764 110079 29231 122949 80017 38953 103719 2383 230711 174133 225577 88971 211564 197680 183361 43977 235012 10253 0 211564 156149 212204 213307 19128 211564 88865 0 154289 211564 156149 154289 211564 99511 154289 185459 110079 154289 109347 103719 70687 212204 229078 13192 103719 2490 214004 211564 88865 0 103719 211564 34867 176897 154289 211564 0 156149 154289 211564 99511 154289 185459 110079 154289 109347 14728 211699 103719 2519 19128 211564 88865 0 103719 211564 34867 176897 154289 211564 143422 0 156149 154289 211564 99511 154289 185459 110079 154289 109347 103719 2573 107266 166799 182302 103719 211564 72621 154289 211564 12685 154289 211564 156158 154289 200764 110079 154289 109347 14728 211836 77548 177141 212564 0 103719 2576 0 177291 37388 211564 156149 154289 131634 211564 143422 177149 183361 43977 229078 107196 103719 2562 232108 0 43977 178602 103719 2595 0 211564 232891 189256 154289 211564 156296 37388 191703 107433 170173 147143 103719 2640 211564 156149 229078 88971 199447 0 201447 232108 211564 221179 147905 67794 14728 197646 52820 211564 178341 141829 154289 67181 154289 211564 49756 0 106711 211564 199079 94901 154289 211564 156149 154289 200764 110079 116983 14728 0 177140 211564 21842 81322 211564 88865 170618 230711 212000 17824 215291 155337 211564 193892 232108 206256 14728 17824 86509 211640 0 14728 0 168992 124221 154289 211564 156149 17824 152082 222419 157685 211564 156296 107435 14728 116972 14728 57009 134939 152082 222417 211564 169950 195635 155990 57009 212407 212000 134939 179387 81322 211640 126587 0 21271 163535 48365 154289 18438 193890 212000 152082 13090 0 16352 14728 94564 107266 0 232108 0 154289 211564 156149 154289 200764 110079 82092 136993 103719 211564 156149 155471 88980 0 232135 211564 197680 230742 106711 19128 79280 0 232135 67181 88711 106711 0 37388 57724 154289 16918 187740 79479 212397 103719 88711 230959 17824 68769 94901 154289 201354 155990 136990 154289 211564 183361 75344 154289 49756 176897 15713 49756 52932 155990 79587 201354 103719 230742 40977 212000 12554 0 211564 157248 136992 154289 211564 88711 103719 211564 79278 156149 79278 51092 43574 130085 103719 2640 211564 0 154289 70687 14728 211564 106965 229078 72617 103931 211564 0 154289 0 103719 151938 106471 12976 211564 74101 0 154289 228448 189316 39211 21178 103931 211564 0 154289 230384 21178 149657 236481 198989 10129 14728 195338 2637 211564 221179 201367 67181 154289 230742 106711 88535 37388 170618 14728 0 43741 0 88535 37388 116972 155990 57009 49610 14728 0 43741 134939 74091 232135 155990 0 155990 160914 232141 211564 210930 154289 0 117085 19128 59866 155990 104109 0 179633 16352 52932 232141 0 155990 0 154289 107433 158183 106711 19866 105890 211564 98682 0 154289 70687 14728 211564 106965 132560 154289 211949 26870 196938 49756 154289 147905 201367 103719 230742 211564 156149 94173 155471 140000 170170 211564 156149 154289 200764 110079 106711 185390 214004 94564 18707 103719 39211 103719 0 19128 211564 189950 88549 154289 149657 80413 43873 58065 0 229078 136990 154289 211564 156418 156149 37164 107266 229078 152082 221763 2374 211520 211564 77879 33829 154289 211564 141226 156296 229078 72617 103719 211564 52932 20119 174121 47071 90050 214004 930 33832 37388 2397 211564 156149 154289 200764 110079 214106 79797 160800 154289 211564 39216 147865 99021 206730 14728 211564 0 72617 103719 2543 157515 154289 211564 0 154289 39211 106711 211564 121959 157685 154289 211564 221179 115973 232108 198218 1 136992 211564 39216 141829 0 211564 88549 84653 191547 19128 211564 170618 14728 44991 154351 103719 39211 230753 211564 171695 0 211564 125000 88552 8830 19128 211564 225504 0 211564 9357 154289 211564 156149 103719 211640 179632 171690 211949 104228 212746 21362 26486 116983 155990 0 154289 111072 155990 88677 221974 211640 0 0 154346 14397 13837 197680 154289 211564 156149 154289 200764 110079 229078 72617 103719 2565 19128 80149 214004 19817 211564 156149 232108 0 232840 10196 2573 0 107433 68289 199477 155337 211564 200764 110079 0 99511 103719 109347 14728 198218 157248 156298 0 211564 194460 212204 33829 229078 204029 70888 211520 174133 69426 102710 103719 2637 154356 53704 211564 0 154289 211564 221179 201367 154289 13835 211564 191772 0 20119 211564 213307 232108 110079 0 19128 211564 77879 170618 37388 122184 2731 211564 222373 0 92143 16982 390 136992 19128 47038 154289 52932 211520 61448 152082 94564 211564 199082 154289 211564 156149 154289 200764 110079 0 103719 107433 94901 154289 201354 13837 0 230959 77879 110117 211564 149657 0 230243 199477 19519 214004 155471 161742 65941 0 214004 211564 88539 21270 154289 211564 156149 103719 12554 212110 50986 232108 235518 66583 214004 235518 158183 52932 212746 0 16352 174226 154289 127851 214004 79587 94901 154289 201354 0 13837 0 66566 19128 222373 47038 221974 0 105890 211564 156149 154289 200764 110079 0 17824 0 223845 0 154289 211564 156296 67181 124353 14728 154346 26870 179268 37388 61621 0 14728 0 79479 229647 20119 103563 153823 79479 211564 156149 49742 79479 12554 136992 73879 0 106711 211564 22900 50988 154289 14397 68599 0 54321 0 103719 211564 80175 170563 15148 0 232108 218938 125794 0 0 14728 218938 0 0 211520 79479 211564 199079 94901 106711 87646 232108 18438 154289 230835 0 14728 211564 0 0 103719 87646 12554 0 37388 0 200764 68156 54471 230753 212397 79479 211564 154352 154289 211564 156149 17824 211564 186152 187740 79479 211564 88865 170618 94594 211564 54471 130085 155471 154289 87646 211564 127357 170618 94594 103719 166386 154289 211564 200764 68156 54471 211564 0 103719 87646 154289 11797 68156 170548 154289 228448 14728 211564 0 94594 105240 179261 154289 0 103719 87646 211836 211564 0 17824 0 19128 79280 12554 0 14728 0 88865 54321 134939 229647 211640 0 68769 20119 211564 123266 97571 155337 79479 137055 155990 79479 232548 231107 30308 0 194988 0 157787 211564 181060 193892 155990 81322 231107 30308 24053 20119 211564 0 131400 116983 111072 155990 88677 145387 40761 211640 0 155337 1795 231107 0 20119 211564 148527 14728 49613 154352 14728 136992 94564 0 155337 202677 0 205611 81322 136092 24421 155337 211564 123266 34172 230753 76508 103719 12554 88716 134939 229647 211640 0 68769 155337 0 33322 0 20119 211564 123266 193892 155990 100534 81322 136092 24421 103719 211564 137055 75781 59868 155337 211564 0 14728 47978 232941 0 14728 0 88865 54321 116983 14728 0 154289 111072 155990 88677 14728 0 134939 12554 13123 229647 34172 201206 230742 16807 211564 186152 19128 211640 0 155471 20119 61222 154289 14728 232141 0 79479 212397 103719 88711 14728 79479 212397 103719 88711 102710 82092 212397 103719 211949 90031 17824 13123 86509 37250 79479 229647 155337 211564 0 154289 151431 47119 47978 79479 73589 204070 19128 37084 136327 154289 211564 156149 103719 84653 211564 0 154289 211564 156149 154289 200764 110079 134939 26117 232941 20119 12554 153823 230717 157248 58536 17824 232941 152082 155471 212397 50773 232108 211564 42740 154289 211564 156149 12554 136992 154289 211564 156149 154289 200764 110079 17824 13123 179395 214004 229647 199476 0 79479 79734 153823 154289 211564 197680 103931 132486 0 0 14728 94335 211564 0 154289 211564 199079 94901 14728 88865 170618 17824 12554 154289 30308 194988 224508 14728 125557 232108 230835 194988 211564 79776 0 37388 14397 9080 215785 0 14728 0 88865 54321 14728 170618 214004 2490 116983 154289 111072 79777 232834 30308 194988 0 232108 0 154289 211564 186152 134372 14728 49324 211949 136992 152375 229647 211564 186152 132486 19128 49613 154352 14728 0 230742 17824 130085 154289 30308 0 232733 74829 232108 30308 194988 211564 155471 157248 221149 0 17824 212397 154289 211564 136179 154351 154289 211564 200764 110079 0 99511 230742 26238 199447 161515 14728 154289 0 230742 106711 30308 194988 0 232108 81807 0 67181 0 13123 26238 155337 107433 123266 194518 0 154289 211564 156149 201206 103719 230835 194988 211564 199079 94901 88865 170618 14728 212397 103719 211564 77879 218938 88716 154289 211564 156149 12554 94564 61222 69835 211564 199079 14728 88865 170618 17824 154289 230835 194988 232108 87646 0 211564 79776 13123 0 37388 200764 68156 54471 230753 212397 79479 0 14728 0 88865 54321 116983 14728 0 154289 111072 14728 116983 14728 0 154289 88677 17824 0 103719 230835 0 211564 77879 218938 90031 94594 0 103719 87646 194988 211564 122308 103719 230835 194988 195184 211564 201206 79479 49613 14728 154352 106711 154289 230835 0 232108 230835 194988 0 212407 212000 17824 155471 14728 103719 61222 179633 211564 0 154289 211564 156149 211564 0 14728 211564 0 13123 229647 211564 22900 0 221974 218938 88058 0 0 0 0 103719 230835 194988 211564 0 155990 0 0 106711 127053 0 154289 212100 30308 47969 211520 37256 47948 64834 211564 148527 14728 214004 155389 194518 75255 214004 211564 0 14728 55657 197529 19128 214004 71077 53187 211564 31473 107266 106711 195181 214004 0 212407 107266 106711 8901 60053 81322 211564 0 0 30308 0 232941 103719 211564 138908 1357 42593 37388 211564 116983 154289 200764 110079 0 103719 88711 94564 166459 230835 0 61222 0 54321 155337 211640 0 0 230753 136992 154289 88716 102710 14728 102721 167212 0 94564 166459 0 212407 211564 0 156149 154289 200764 110079 0 93365 157685 211564 0 0 27236 211564 0 0 0 154289 211564 156149 134939 230711 0 229647 157787 211640 0 14728 0 0 154289 30308 232108 177506 0 0 14728 37256 0 231107 201206 232941 155337 211564 123266 34172 14728 211564 0 22900 205611 20119 211564 148527 230711 81807 0 14728 0 0 17824 232941 30308 224508 218045 203498 94335 106711 103925 211564 199079 131156 12554 0 214004 211564 156149 19128 192713 103719 96131 8068 0 192273 212116 77990 212407 211564 51091 63743 0 42817 0 211564 134918 152743 154289 136992 106711 191644 20119 4208 214004 26117 104275 149657 136992 145387 0 211564 156296 58467 0 211564 156149 60822 214004 45951 0 154289 43853 14728 107433 154354 168939 211520 211564 156149 94173 45951 43753 107433 88865 52820 94173 195338 2640 0 211520 170923 154289 211564 45951 75119 193890 152082 26117 50394 154289 136993 154289 211564 156149 211564 107195 154289 211564 156149 45951 43753 14728 211564 107195 154289 0 136993 229078 58125 232108 103719 211564 88865 52820 170723 77196 179229 103719 2760 0 107266 229078 185390 211520 211564 156149 125014 106711 192464 37388 45951 75119 14728 223470 37164 211520 0 211454 211564 70106 26870 170482 221974 199935 27022 155990 63671 107266 106711 155337 232878 154289 137457 0 212564 200764 110079 211840 230753 211564 89263 154352 17824 179395 214004 0 211564 45951 75119 211564 186152 106711 152082 14397 72582 50394 154289 136993 14728 94900 0 106711 155337 211564 131807 155990 232528 230959 106711 106151 214004 211564 0 154289 136993 214004 58416 230733 94900 155990 192713 39206 232108 87949 0 171152 214004 26117 75120 214004 211564 201356 10984 14728 172831 154289 212204 45951 122704 156149 154289 0 155337 211564 203720 154289 0 136993 211564 179229 201356 45951 0 106711 0 230742 39206 26117 16900 214004 211564 156149 178571 214004 163563 154289 157248 178661 0 14728 211564 156149 148638 214004 26117 43766 37388 0 0 215448 157248 75119 215721 230753 98456 75799 214004 107433 158183 156434 14728 0 102320 103719 45951 75119 19128 211564 156149 154289 200764 110079 106711 155678 214004 211564 47038 154289 195887 61621 52931 67181 232108 211640 158183 206730 154289 156158 58536 14728 136101 211564 156149 166386 154289 0 223830 81322 52932 214004 52932 221304 232108 157248 144571 156158 12554 211564 156149 154289 200764 110079 88716 175970 28439 211564 197680 169852 14728 204039 198218 73833 79273
0 50221 39065 0 50221 39065 229078 211564 121959 58165 39065 14728 50221 39065 103719 211564 104109 201354 154289 54164 0 66466 232891 228806 102710 211564 39065 229078 53704 37388 211564 222546 178070 103719 20929 2535 14728 60446 103719 17007 2541 143422 154289 211564 162859 115718 20119 0 230243 72911 191305 230959 211564 0 187834 19128 211640 130919 174857 70581 211564 39065 13123 95534 109486 182369 14728 152743 154289 0 14728 0 0 0 0 229078 49983 154289 78054 203588 53197 157787 155337 32895 24273 154289 211564 0 181560 211564 121959 39065 229078 20119 0 7973 199004 154289 0 211564 49983 103925 121947 90007 20119 0 0 62328 8816 211564 0 181560 45105 50221 39065 103719 0 14728 0 0 50221 39065 211564 104109 201354 154289 54164 0 130085 212475 156158 103719 2535 211949 156158 230243 0 212564 211564 178180 53054 206730 14728 212564 149657 199447 53105 14728 141117 53105 232108 199447 169392 37388 110829 2535 211834 230243 214672 132560 149657 170651 214004 77990 103719 211564 0 211520 74092 211564 222546 88542 26706 36146 211564 0 50221 39065 211564 104109 201354 154289 54164 229078 53704 14728 205282 37388 148259 85246 14728 75775 107326 26439 154289 212204 211564 0 214683 155337 211640 102295 7973 174806 14728 167825 0 92143 182302 103719 211564 148277 77539 198150 99838 211564 0 13123 222419 211564 39065 79479 211564 72911 0 154289 0 14728 191299 162859 103719 54164 211564 148259 156298 211520 62311 211564 222546 58165 39165 230243 211564 148277 70354 211564 222546 15961 14728 15961 8860 14728 193935 205281 79479 211564 15961 167770 198502 107266 26434 47565 211520 211564 148277 228772 214004 49720 84822 103719 136325 155337 110829 2950 2535 97928 185390 214004 211564 54165 139389 49610 0 0 211564 109486 17824 211564 0 154289 211564 100355 115916 102493 211564 109486 231473 26117 12795 214004 63539 19128 212000 231473 125207 212000 17824 163347 103719 211640 199089 95125 211454 212000 231473 0 211640 143422 105069 166577 14728 212746 184115 26434 211564 42473 214004 211564 232891 102989 102493 79479 16352 176960 155389 147863 233011 0 211564 74093 154289 195440 109478 75344 211520 75344 233011 73592 26486 211564 42473 154289 149657 167073 102493 211834 17824 151115 142930 109486 103719 73312 152124 231473 98445 211564 221053 154289 211564 73314 147905 212204 198721 154289 162859 39485 26117 105383 103719 211564 197646 156149 155990 105890 14397 156301 147863 212000 17824 160357 155337 211564 31473 154289 95023 197680 211520 126209 154303 154289 0 154289 0 162859 155389 39485 74187 211670 214004 77990 105890 201354 211520 179398 156149 14728 62487 211834 106711 155471 155389 212105 214004 26117 64211 232108 211670 214004 0 211670 211564 201354 98461 212204 181060 195338 230753 169798 137055 61497 155337 211564 0 107266 233011 26117 152124 124118 211454 53978 214004 0 211949 0 212000 145387 26117 74209 155990 102493 212000 0 151115 212463 214004 211564 172247 214004 26117 103630 105138 50221 39165 14728 149622 26117 178602 211564 0 49983 229078 36156 28439 20929 2535 14728 76226 2538 211564 77879 218938 39165 0 14728 0 230243 47950 103719 152302 2535 211564 212475 149700 39165 51319 214004 81912 221763 211564 70392 154289 211564 228806 211564 39065 229078 36156 131824 14728 0 37388 59841 102721 154289 211564 0 0 0 155990 0 126021 222546 162859 191551 199447 167757 79519 154289 211564 0 0 0 0 229078 94901 154289 211564 0 20119 61621 213330 0 0 14728 0 0 131824 211564 39065 211564 222546 0 0 14728 73982 137055 232548 14728 45105 103719 0 211564 121959 152743 154289 225571 230243 191305 37164 157248 225571 103925 109486 0 145354 0 14728 54165 179557 136992 155878 214004 211564 0 178070 230711 212000 88365 214004 211564 39065 211564 170651 230243 133250 232108 49314 31042 79479 191305 14728 177506 79479 49795 151431 179557 136992 0 92143 151115 133306 212204 229078 122199 43566 143422 162859 230959 230243 191033 214004 0 230243 115718 20119 73985 195800 148448 211564 39065 0 0 14728 157248 166408 170651 230959 230243 114443 12488 230243 143430 162859 230959 92143 199447 196129 79479 73831 63667 0 0 0 14728 0 212000 230243 79521 214004 232840 20119 0 211564 126257 50403 103719 211564 39065 230243 210896 19128 229078 222562 79479 148259 58165 39165 170651 230243 76246 225177 126136 152082 86509 70888 47978 155990 192893 214004 201492 228935 92143 151115 95014 40275 14728 230243 8156 37388 211564 222546 90504 13123 19128 103719 132560 39165 50403 233011 26117 103644 210352 230711 199447 90031 226585 79479 73831 230711 136992 154289 211564 170227 226585 103719 76226 2538 14728 122199 230711 177506 54321 0 226585 103719 110897 2540 211564 170651 230243 216361 28409 221763 211564 226589 123266 211699 211564 126257 50403 233011 87301 22689 214004 222562 125207 20119 12554 148259 58165 39165 211564 79382 86509 214004 170651 20119 0 229078 152082 70888 214004 113978 211670 12488 211564 115916 154289 79382 212000 230243 86509 43566 157787 213307 103719 39065 0 104931 230243 86509 198944 130085 154289 99560 229254 232108 201219 79479 34147 14728 26204 79479 128480 14728 62079 211949 135946 230243 191538 20119 0 930 14728 2950 79382 103719 39065 151115 102721 229078 28409 20119 77879 232108 169130 105240 154289 26204 99838 103719 108565 170651 201307 85468 155471 155389 56743 191572 154289 212100 0 198944 37388 211564 70392 154289 211564 234772 211564 61567 92143 26631 43566 10253 214004 212475 56743 168834 154289 212100 0 130085 154289 229254 14728 201219 142930 43574 230243 130085 37164 170651 149622 88365 70888 79382 214004 113978 211670 81322 0 211564 229254 20119 0 229078 73569 232956 211454 20119 143422 58165 39165 211834 229078 151115 47544 229254 20119 211564 39065 170651 230243 79521 214004 65385 229254 81322 211564 0 181560 230742 229078 0 232108 0 0 103719 211564 77879 39165 0 14728 0 104931 0 103719 178180 50221 0 211949 230243 130085 154289 232608 14728 92143 212475 0 124361 154289 0 103719 39065 151115 102721 230742 99717 7973 1 170651 211834 229078 152082 70888 192893 79479 73658 20119 77879 104931 0 103719 211564 0 154289 211564 39065 0 103719 14397 155678 0 222419 19128 175349 218315 155990 195275 157685 103719 211564 155678 193790 213307 122199 68599 0 230243 36156 104931 0 103719 195875 154289 211949 0 211564 157248 218938 230243 222419 19128 47811 14728 99511 211949 230243 152082 166408 230717 104931 52784 85439 136179 216368 14728 85439 28409 212000 230243 166408 230717 194460 104931 230243 172946 214176 214004 61497 155990 26117 115718 19128 103719 12554 50221 39165 170651 20119 0 92143 214004 232840 7973 709 99704 57919 212000 61448 93681 79521 120458 14728 230243 13394 229235 37388 211564 222546 90504 211949 90504 233011 0 104931 73569 79479 196936 176968 14728 187916 211564 104931 230243 0 120458 0 0 0 0 14728 0 0 51436 211564 120458 189998 0 233011 163543 0 104931 214004 131133 211670 232840 93715 94900 63247 211564 0 120458 79519 105890 1795 90031 103931 90031 154289 51125 232853 34540 137943 14728 10599 232853 132560 104931 61505 81322 211564 93681 232840 34540 229078 72448 93681 14728 57195 104931 232862 19128 0 230243 79521 214004 131133 0 14728 157248 229646 79479 211564 222546 36146 0 229078 211564 143422 76174 109942 154289 12554 105138 211564 39065 211834 229078 151115 0 170651 92143 151115 229494 214004 113978 212110 47544 14728 92143 214004 126209 103719 210896 50403 30926 0 14728 58075 31446 77461 211564 0 211564 0 230243 13123 81807 154289 0 125207 0 14728 176407 230742 200321 62609 211564 0 0 210896 26439 104931 92143 214004 222417 0 79479 214219 66466 211564 0 211564 0 154423 0 66466 34157 81322 232840 81322 0 930 14728 2004 104931 230243 12795 214004 70173 211640 0 103719 172247 0 211949 230243 29205 0 211520 122704 24678 103719 211564 155678 77235 53193 232108 0 154289 232608 104931 154423 76461 105138 14728 61505 211564 222546 70354 212204 37388 94594 170651 191132 211564 0 198253 211564 222546 233011 73569 0 104931 105138 211564 0 230711 107266 0 211949 0 233011 0 14728 65073 105890 211564 121016 212204 135977 211520 222243 14728 0 233011 140757 105890 211564 229254 230742 211564 170651 92143 214004 65385 104931 230243 86509 0 14728 0 37164 212000 230243 225177 212100 211564 0 230243 13123 152082 70888 214004 113978 104931 228935 81322 211564 48905 170651 47972 14728 0 230243 176163 0 104931 230243 12795 214004 229099 211670 174293 103719 211564 121016 155357 142521 73879 66466 211564 231897 230711 211564 121016 0 211699 104931 230243 198253 12795 214004 0 77019 47972 37164 152082 230072 70888 214004 85439 211670 47544 26439 154289 211949 210896 126257 50403 104931 204192 81322 102990 211520 123146 214004 0 154289 0 0 131338 128514 104440 104556 0 14728 0 211564 222546 214683 21857 12554 154289 211564 104931 47972 14728 157248 212110 212000 230243 86509 155471 170647 221068 130085 157515 154289 0 103719 231897 104931 230243 86509 212100 175361 14728 212000 230243 12795 214004 131133 125097 0 104931 230243 86509 196936 163535 79382 33355 214004 98445 211564 0 154289 198944 212000 230243 76246 14397 0 231007 33355 229078 140488 26439 15713 0 92143 202371 107266 214004 222417 107266 19128 214219 233011 85439 151115 79382 66466 0 226590 104931 230243 86509 0 218863 19128 121947 19128 222562 232108 0 13123 66466 211949 226590 104931 230243 86509 49297 0 170651 230243 10000 37388 51045 76172 154289 58165 14728 210896 202983 154289 26870 103719 195835 103719 230742 211564 126257 14728 58075 17824 225177 47948 214176 230711 212000 77879 18707 20119 211564 39065 104931 233011 26117 193642 37388 211564 210896 50403 155337 211564 217006 214004 211564 39065 14728 103719 211564 39065 107435 211564 222546 233011 104005 212204 193640 37388 0 152743 154289 104931 19128 198502 19128 212000 88365 214004 211564 39065 14728 37388 210352 99752 149657 103719 0 0 103719 211564 215785 218315 14728 0 10196 211564 104931 89529 75328 232108 125014 103719 39065 212000 233011 94564 214004 85439 222419 214004 126257 212564 211564 0 8155 215105 14728 58184 154289 157248 170651 211564 57189 154289 58165 229078 89268 66466 172247 163136 79479 172247 172630 13123 38675 0 104931 233011 26117 125557 221873 103719 90031 14728 104228 233011 26117 0 167575 157515 214004 26117 115718 230753 74878 211564 179678 211564 222546 233011 131133 212204 232956 37388 131180 211564 170800 207868 127053 213307 212000 233011 228468 18574 14728 19507 174235 0 20119 104931 45741 155389 163529 211699 43564 211640 139727 14728 45741 15713 104931 0 214004 26870 103719 0 103719 218938 25291 229523 198218 26434 8880 212000 79769 179557 143814 90031 230959 216810 214004 77301 211564 222546 103719 61621 229523 125207 201528 79382 166571 72226 14728 0 14728 217624 214004 85439 103719 215285 232108 162859 157685 211564 39065 37164 143422 154289 211564 104931 0 37388 111067 217624 214004 205555 14728 85439 212564 211564 57919 0 212204 229078 152082 87591 103719 125542 214004 0 37164 176333 15713 202781 214004 217615 214004 205555 12554 104931 204192 81322 198218 115916 154289 137278 95014 170762 198218 52784 152082 202463 212124 7973 79382 157251 26434 0 198218 92143 0 198218 127491 51429 154289 211696 157251 190174 214004 127464 211640 190997 154289 99148 198218 104931 0 37388 217624 214004 233174 7973 230638 229078 93583 214004 211670 79479 73831 0 0 0 0 14728 0 0 12554 216810 214004 0 14728 73569 233174 7973 73589 57724 14728 60487 212204 229078 225177 57195 195338 233186 229078 0 37388 58165 14728 0 57724 229078 93681 143422 154289 211564 0 154289 109486 20119 0 153875 26694 20929 2538 10196 211520 211564 0 201307 214004 0 109478 170651 214004 211564 21120 50221 39065 103719 84653 109486 230243 77879 191033 214004 0 81322 12554 160927 154289 54164 10196 26870 83940 103719 0 14728 81322 32797 14728 96537 10196 26870 83940 103719 0 198218 99838 230243 191033 62328 214004 0 81322 157248 47024 14728 196938 215490 132560 104931 191033 214004 0 230243 188402 214004 26117 144995 203165 137055 230959 52784 63539 93681 232840 14728 230243 191044 214004 124118 211454 234783 103719 170647 230243 12795 214004 126209 99838 16364 230959 229078 191044 214004 234783 103719 170647 155990 127084 229078 103292 188402 79479 73985 211564 222546 222419 132560 61621 115941 154289 0 0 115737 132560 162859 20119 155357 222475 206730 99838 212000 125211 222475 132512 138121 154289 115737 115737 170651 232108 211640 93304 222475 214704 125207 0 0 14728 0 211564 222546 53796 126257 104931 198218 230243 86509 65568 37164 157251 230243 81839 0 212000 13123 53796 58075 31446 230711 211564 222546 77879 201307 0 162859 103719 108565 2538 212000 222419 34540 74910 0 14397 70675 147145 0 0 0 130085 0 144135 67380 79479 211670 37388 53708 191764 28409 0 0 230243 13123 166389 103719 0 8816 211564 0 181560 211564 201354 49712 187959 211834 106711 151115 104587 211520 211564 0 0 73595 230204 105890 155737 122199 0 99838 187959 212204 0 229078 222419 198218 31446 230243 36821 176333 211454 53796 211640 31446 230243 65983 221873 122184 103719 211564 228806 211564 148277 92143 222419 167603 83780 214004 115700 132560 170651 103719 211640 50221 39165 79278 212204 73831 211564 222546 216810 214004 222417 167603 83780 214004 115700 104931 211520 18707 103719 0 20119 77879 212000 216810 214004 83780 211564 232548 14728 45105 211520 18707 81322 39065 0 232108 83780 211520 0 0 38675 89315 212263 122199 212000 36156 83780 43355 14728 222419 0 14728 0 0 214004 115700 170651 0 229078 0 222419 214004 0 87994 81322 31298 155337 211564 0 181560 103719 231897 2539 170651 230959 61448 75637 232840 92143 151115 109957 214004 63539 195338 211564 89991 229078 81438 135979 121947 152748 154289 149657 170651 18707 37388 212204 213307 211564 21952 169392 230243 74195 214004 127464 232891 228806 102710 14728 211564 222546 228772 214004 115700 19128 132560 162859 19128 168985 26694 211520 93582 212000 58417 214004 0 162859 155337 211564 0 197529 211520 10196 212000 230243 115718 211640 31446 52784 26117 0 105890 211564 181560 73650 150392 79479 7973 2729 57957 222546 154352 35272 103719 126013 154289 170651 230959 212000 166567 214004 0 212000 0 0 14728 26256 211949 170651 211699 212000 214683 211670 214004 211564 0 211834 229917 230243 213013 214004 211670 211640 0 14728 0 230243 55657 212000 230243 97900 103719 211564 94901 14728 211699 212000 230243 212581 105890 211564 181560 157787 213307 211564 222546 43566 212204 138108 197529 211520 104931 230243 213013 103719 158923 22689 214004 22689 14728 211640 0 230243 55657 155678 26694 212000 230243 0 105890 211564 181560 12488 0 14728 0 230243 225967 18574 0 211564 222546 45826 198218 70173 17831 148448 211949 225967 14728 222419 231966 214004 133240 154303 14397 17827 79479 134096 14728 134087 89155 212000 83940 132560 170651 211834 14728 115718 211670 232108 0 155990 37388 0 211640 0 232108 0 230711 182369 162859 0 18707 103719 211564 39065 212000 61448 152082 220626 190516 26439 212000 230243 12554 188402 214004 26117 115718 212000 230243 207888 214004 0 103719 28439 0 211564 137055 233011 26117 79521 214004 232840 155337 211564 0 14728 211564 232548 233011 26117 79521 214004 232840 103719 211564 0 103719 0 73592 212000 233011 12554 26117 115718 212746 0 14728 0 26434 182369 134087 89131 195800 211564 222546 115718 142930 14728 142930 162859 0 221763 107266 26434 211564 130919 115737 103719 0 89131 230243 13123 126612 103719 148449 0 14728 103719 0 0 14728 0 230243 222419 19128 39165 230717 232548 14728 45105 230243 95534 14728 79521 214004 232840 99838 132560 232548 45105 14728 157248 162859 230243 115718 20119 211564 0 181560 24247 28439 211564 218938 39165 8412 214004 211564 201354 49712 19128 132560 19128 5055 162859 230243 115718 96237 103719 211564 231897 154289 2535 214004 2538 73683 187959 211520 142930 162859 230243 13123 115718 96237 10196 211520 231897 103719 211564 122184 204636 154289 2538 211564 0 191033 210555 154289 212423 154289 191299 0 230243 214004 0 211564 0 92143 126212 103719 211564 0 143681 17827 103719 32797 230717 0 197979 230243 77305 10255 211564 0 0 211564 232548 0 230243 191033 214004 63539 79521 120458 103719 85246 45105 230243 207888 81322 211640 143481 14728 68769 115718 155990 191033 214004 41566 0 99838 143422 154289 211564 137055 230243 115718 20119 0 155337 211564 150392 154289 20929 3671 2538 211564 39065 90504 130085 0 7973 230959 52784 115700 211564 143422 170651 155389 154289 211564 90504 0 0 179232 55657 211564 0 154289 7973 4266 154289 211564 149657 170651 222475 0 116965 211520 26434 117085 19128 0 0 157248 90504 230959 9388 207931 160800 103719 211564 28318 103925 0 0 230959 115718 7973 5538 104931 14728 139318 0 230959 84087 60485 14728 50986 179229 154289 230638 93582 0 9388 214004 115737 390 104931 94900 199477 208061 7973 99821 94900 0 14397 154868 131807 147145 0 94900 156151 211564 131807 214004 0 211564 222546 122864 0 0 211564 154868 131807 177977 73569 212407 0 55657 154303 97782 67317 152034 14728 214604 73650 213307 94900 177977 73592 94900 55657 157515 211564 154868 131807 74584 0 157515 97782 95049 14728 55657 97782 212522 64978 0 0 187834 212204 93580 103719 17007 2541 19128 0 0 221187 0 211564 39065 211564 222546 90504 216810 214004 85439 180880 154289 73683 154289 211640 53973 14728 211564 162859 230959 116951 230638 212000 92143 64211 212000 216810 214004 115700 19128 132560 170651 19128 168985 19128 75799 19128 212000 52784 155337 17007 3051 5538 170651 0 0 230243 115718 14728 6385 72221 152082 127053 10196 211564 170651 0 211564 222546 7509 211564 39065 99838 77879 212000 115718 211564 170651 230959 230243 202124 12488 212000 13123 0 221873 14728 60446 211564 36147 0 215105 182637 0 14728 157248 160927 154289 211564 39065 230711 212000 71018 211564 39065 211564 0 80147 155471 183800 0 197101 14728 58075 31446 37388 211564 70392 154289 2541 211564 179678 154289 0 229078 60446 97868 94564 92143 61643 0 157515 73802 99821 132560 162859 61505 20119 0 214106 211564 143422 49742 72707 106711 211520 210555 154289 212423 154289 162859 61505 20119 211564 39065 26694 211564 2627 211564 143422 49742 72707 229078 211520 100524 154289 212423 92143 61505 211949 72709 17824 225177 61621 79479 132560 176968 211564 222546 61448 152082 113978 8464 177401 61621 162859 222417 61621 229523 154289 0 58184 198253 211564 162859 131180 72709 94564 167814 0 103719 198218 40999 71076 75338 230243 115718 20119 211564 39065 123016 151115 155389 214004 0 211640 147158 214004 126013 154289 211564 58075 155337 211564 157248 93203 211564 126013 198253 103922 211564 147158 154289 162859 230959 61505 103719 157248 166408 162859 230959 205556 155990 162859 230959 17824 155337 142930 211454 155389 125993 211564 0 0 42473 47233 211520 157787 5056 191305 230243 115718 103719 211564 104109 201354 154289 54164 212204 103929 191305 230959 230243 115718 20119 0 211564 195226 0 42473 72709 211564 186152 8412 214004 211564 221179 201367 98581 137032 145225 0 225571 103925 28439 4798 14728 5184 0 179524 154289 211564 197529 104109 201354 154289 54164 28439 930 14728 2729 109486 28439 1573 14728 2729 182369 0 14728 28439 1 14728 930 72911 0 14728 145354 230959 230243 167814 14728 178661 155864 154289 211564 178070 211834 17824 132560 61621 63687 81322 211564 213307 211520 0 74092 233190 37388 132560 61621 162859 20119 211564 213307 211564 85242 14728 107304 230243 77305 0 0 79479 51429 154289 235667 162859 81322 32895 194546 154289 211520 77301 233215 7973 0 211564 222546 211696 13123 233215 7973 211564 39065 197529 61448 211564 224079 49872 12554 154289 211949 61621 8428 39206 95750 232108 72709 154289 99821 132560 162859 61505 20119 211564 39065 19128 211564 228806 230204 155337 85222 84681 233215 179236 155337 211564 152743 154289 191305 109486 14728 157251 115718 103719 211564 104109 201354 154289 54164 103719 2539 212475 61621 84681 72708 211520 3844 214004 4547 191305 92143 26631 115718 37388 132800 2540 71999 0 233215 211520 5538 214004 5970 191305 92143 26631 115718 96314 0 233215 230711 171147 0 222546 122868 47230 211520 212000 0 139506 191305 103931 22537 45105 232548 14728 154868 137055 211520 106711 103719 145725 155805 0 0 155337 211564 25337 154289 211564 179236 0 214004 135912 27025 211520 211564 152743 154289 0 225571 0 214004 26117 212475 174042 154289 139506 0 64978 96314 199447 0 103719 211564 199004 2195 107293 84681 179231 195181 77334 214004 211640 49613 211564 224079 198959 13123 233215 154289 195181 77334 79479 73831 0 0 179231 211520 4209 191305 92143 26631 115718 37388 211564 70392 154289 2538 0 0 72708 211520 215203 154289 157787 5056 162859 230243 115718 211564 222546 211696 47230 211520 212000 92143 115718 132560 142930 162859 0 0 0 49610 154289 12554 211564 54165 39165 155357 0 7973 0 68272 20119 42743 155337 154016 2538 111067 234772 10196 211564 39065 229078 53704 94900 185390 229614 94564 0 96237 20119 0 142930 162859 211454 211564 157360 70118 229078 7906 214004 63539 66466 107433 153862 154289 73312 211564 222546 84653 94961 155357 172270 0 211520 185390 211564 50221 14728 120458 39065 103719 0 39206 177140 14397 0 152743 154289 0 170651 77548 0 0 155357 39954 37388 0 79528 216810 214004 0 211564 53973 49726 103719 0 37388 187951 211520 66466 211564 212475 142532 211520 94900 175834 211564 39065 2729 214004 3843 162859 61505 103719 157248 198959 211520 212475 142532 58165 214342 106711 62854 19128 4546 103719 2541 211564 149657 0 88542 123146 37388 0 158851 79479 179229 37388 211564 147865 49727 154289 54164 211564 179229 127238 105890 211564 53973 49726 37388 211564 222546 14728 211640 12695 211564 179229 57719 152302 1573 2541 201356 211520 5056 214004 5538 162859 230243 115718 20119 211564 0 49983 211949 77334 230243 222419 37388 179444 107144 0 103719 211564 70382 154289 211564 98581 37388 211564 195226 0 42473 14728 37388 157251 0 211564 152743 154289 58184 103719 0 233011 59854 155337 77019 61621 212110 13123 0 230243 36156 103719 0 19128 75509 22689 19128 108565 2538 26439 211564 222546 230243 94594 217403 0 12554 154289 211564 39065 58075 31446 212204 204286 211520 132560 162859 230243 13090 66755 20119 211564 39065 103719 9079 122199 211520 234772 170651 230243 26870 115718 232108 167603 83780 103719 0 103719 32895 83780 43355 14728 0 198218 154289 211564 39065 154359 14728 211640 168992 0 17824 125995 27236 211564 0 137032 145225 229078 210352 7509 66466 211564 0 229035 103719 152302 2629 0 0 79776 19829 62330 154289 211564 137032 49042 211564 0 81322 211564 145225 14728 35272 107266 214004 32797 14728 96537 0 114443 211564 63687 221763 2747 230711 94900 84087 211670 214004 211564 221179 201367 98581 137032 145225 232108 211564 95750 154289 0 14728 211564 88542 154289 0 0 232108 211564 95750 154289 79776 50678 15920 0 211564 149657 235368 47071 160621 59841 211564 98581 160580 49727 14728 211564 0 179442 105264 53704 172247 142644 214004 211564 225571 154289 0 103719 17007 2760 155337 211564 0 15581 154289 211564 39065 124691 210381 0 98581 205561 230243 211834 12974 232108 0 81322 191298 32797 14728 107144 107266 106711 211564 155471 172247 142644 214004 0 225571 157685 154289 211564 0 42740 17824 95534 211834 73650 17007
0 0 0 0 0 0 229078 32619 103719 0 103719 67411 212916 103719 2512 103719 2541 94900 110117 0 141852 14728 71018 0 141852 103719 0 103719 2555 230717 94900 203340 221763 94900 229078 79521 214004 123001 212916 103719 2567 103719 104132 94900 49974 97782 203344 79479 211564 58903 154289 0 0 230742 94900 177141 103719 2604 94900 13123 177141 211564 58903 154289 0 81322 211564 42521 105264 154289 97150 212917 203344 103719 0 94900 229078 16914 179520 209598 20119 211564 124760 154289 212917 232878 14728 17675 103719 0 104132 103719 2600 230717 94900 209600 35955 164526 14728 169516 130939 214004 0 94900 94173 13123 209242 103719 108586 21178 89263 34841 198989 117893 106471 149657 236481 14728 206238
0 0 0 0 0 0 122879 211564 212917 35955 197680 103719 21178 0 0 72617 211564 161909 121387 154289 110493 136225 42544 103719 225577 14728 94173 233190 132560 32309 103719 2798 94900 229078 147145 100410 47033 154289 211564 234772 32619 103719 2487 0 0 26434 142067 20119 211564 10337 154289 191764 49979 97782 203355 154289 12554 63279 154289 35955 164526 94900 229078 21843 211564 0 0 58903 81322 0 141852 103719 212916 14728 14397 0 58903 81322 0 186743 221237 103719 104132 94900 13123 82723 134191 0 103719 0 35954 10196 195875 234783 203355 20119 0 0 49066 0 0 156422 38953 214004 21178 103719 2598 19128 212917 0 0 0 94173 233190 132560 32309 155337 212917 35954 103931
80149 79479 211564 170187 154289 211564 0 215715 211564 0 80149 79479 211564 170187 154289 211564 0 215715 106711 90017 154289 35955 42486 0 155337 211564 0 215715 154289 212916 80153 103719 2597 37388 0 0 0 14728 0 0 0 0 230959 26706 209601 35954 214004 230384 203336 103719 149092 211564 0 94173 90057 214004 0 1574 209601 42486 171069 14728 197646 191559 103719 4082 52931 195338 211564 58165 154289 0 0 103719 2611 211564 0 199935 62330 94173 26631 0 0 0
0 0 0 0 32619 1795 152302 2600 103719 144839 106711 85222 79419 87311 94900 166834 79479 0 47071 103719 211564 170030 122906 94900 166799 103719 211564 235536 209637 154289 25882 144839 14728 2322 144839 14728 229078 215978 214004 0 0 230717 94900 130085 97782 190942 58290 94900 123266 25812 103719 2750 14728 166799 79479 0 6932 0 0 27927 2703 14728 3797 209622 14728 79479 0 0 10196 80175 189828 232108 0 94900 105425 214004 87301 22689 214004 27927 37164 77548 94900 194796 155389 234772 79479 76135 177506 36292 186043 214004 179183 211564 104875 87311 67900 0 94900 155471 88365 1163 87318 103719 211564 2794 189821 212204 130085 97401 214004 211564 28289 87311 103719 211564 21208 36489 103719 2798 94900 230204 214004 0 47071 230742 166834 103719 211564 170030 122906
0 0 106711 155389 154289 211564 212475 0 154289 211564 121947 0 156149 0 0 0 14728 12695 0 0 14728 176288 0 17824 12554 103719 212204 203790
197101 143826 197101 106711 14397 13837 104109 143826 178602 103719 2636 107266 229078 170882 37388 0 0 94153 0 14728 31305 0 107266 229078 62311 37388 229514 0 14728 161567 0 0 13123 233215 211564 189429 94153 0 231512 100694 225575 0 79636 0 19416 0 0 0 14728 93949 0 110534 12554 16796 103719 211564 143826 211564 143826 79280 211564 126243 154289 191779 43769 211640 126243 17824 50773 26439 212000 17824 12554 55641 20119 196936 214040 193753 103719 35202 149657 235368 211564 202493 131826 106711 211564 130919 43753 0 94153 0 103719 211564 143826 211564 35202 0 48270 229078 155337 211564 52153 154289 1996 202913 14728 0 160580 230338 31042 103719 211564 74823 229078 211564 149841 143826 37388 211564 186152 62335 107266 79280 211564 126243 154289 198218 154289 211564 186152 43769 14728 149657 43769 110116 211564 202561 232553 151407
0 0 106711 0 216402 211564 147143 106711 143422 222419 79479 199473 154289 211564 84918 0 155990 79479 157248 136992 154289 211564 0 75344 0 12554 199473 154289 0 51200 97169 167607 0 117085 19128 0 12554 160927 154289 211564 216402 73879 211564 0 177506 81476 51200 211564 0 211564 0 17824 67993 14728 206089 37164 211564 190142 17824 0 167607 221304 29856 211564 100355 202386 39206 34131 64834 211564 190129 48354 14728 178601 211564 0 105890 211564 31473 212204 39206 94564 75834 179765 102493 0 28085 17824 67461 232141 178872 211564 190142 77879 211564 190142 14728 123012 231473 115700 41659 14728 99407 37164 58666 39206 34131 64834 211564 0 14728 231473 67456 0 0 80797 103719 211564 231379 58666 0 154289 0 106711 154423 197529 74408 211520 231379 0 216423 17824 179742 214004 47760 14728 201607 196791 0 214004 58666 211564 0 106711 13123 67461 37388 211564 122056 154289 198218 0 105106 103931 0 26383 0 17824 196833 90050 14728 39206 26117 225177 127053 14728 176790 95410 154289 4546 232108 217565 0 154289 221873 214004 212000 94564 177545 24788 199426 78294 57477 123012 48173 127053 14728 140963 34921 18636 0 155337 211564 201754 37164 232108 211564 122885 25256 218912 214004 0 211564 123012 103719 218938 78294 183328 68769 194518 154289 211564 201754 211564 190129 0 17824 97169 141266 67181 50455 51209 195440 190129 140963 127053 160914 205514 37388 141266 188064 230742 60729 105890 197795 34686 177506 28094 203208 38675 14397 0 1573 140963 127053 14728 231107 14728 155678 20119 211564 70392 211564 0 17824 134661 142532 10196 0 14728 17824 67461 37388 0 0 14728 157248 29856 230742 0 211564 93681 190142 0 103719 211640 0 211564 131400 0 17824 183176 140963 61222 14728 192756 211640 167877 103719 67289 200343 0 17824 143430 0 37164 153818 104228 39206 26117 0 0 155990 43564 191837 232108 213307 12554 154289 211564 0 17824 225177 47951 178562 214004 67181 157248 14728 154423 60209 214176 19128 0 0
0 75263 211275 0 75263 106711 47071 103719 0 0 211275 221179 201367 211564 168624 154289 0 75263 229078 595 103719 2764 211564 0 154289 0 75263 17824 86837 0 125465 0 138545 197074 64569 181829 36907 180825 0 213275 0 14728 133786 228837 0 75263 229078 80153 155337 0 3530 2354 230711 211564 0 104143 191707 211564 17827 103719 211564 67289 2424 42593 14728 211699 230835 191711 18707 103719 211564 2328 214004 79730 41659 0
0 0 106711 211564 213307 66466 95049 26256 230711 211564 95049 0 232108 30926 10196 0 211564 0 154289 211564 95049 106711 38675 0 14728 106711 211564 155882 154289 0 211564 210766 0 49534 81322 211564 89307 232812 0 212204 135976 74172 155990 155694 211834 17824 218938 219063 154289 0 66466 0 0 211564 170245 103719 211564 123266 14728 181060 0 65511 230711 211564 170245 103719 211564 123266 0 26488 127801 211454 211564 170245 103719 211564 123266 0 211564 0 0 155701 211564 30926 211699 78838 81322 211564 0 105890 211564 0 211564 199553 20119 230742 211564 30926 78838 105890 211564 0 39206 26117 222419 214004 0 0 0 26439 211564 95049 0 66466 0 0 170245 106711 211564 127811 170245 232135 211564 0 30926 202886 66466 67181 95049 26256 211564 97151 0 170245 93585 230711 211564 95049 145192 51362 14728 106711 38675 0 170245 230711 30926 170245 106711 135994 79479 136179 172831 0 170245 106711 211564 189950 152743 103719 211564 176359 154289 0 214004 0 170245 79479 73831 931
0 0 106711 211564 122153 200905 154289 95049 26256 107266 93585 181060 10196 0 230711 211564 95049 0 232108 30926 66466 0 211564 95049 218938 0 51354 0 211564 0 17824 211564 121959 160927 154289 211564 95049 230742 172556 30926 214004 211564 31473 14728 128531 66466 0 211564 95049 145192 85463 14397 21361 69074 194779 211520 210194 211564 95049 214004 51354 0 212204 131156 211564 30926 78817 157515 154289 211564 95049 7978 211564 0 17824 196938 43355 190003 154289 211564 95049 38675 0 212000 51354 0 66466 211564 122153 160800 154289 0 14728 190881 30926 64834 214004 211564 121956 127801 0 211564 0 94564 223482 211520 47948 10196 212204 197529 30926 39485 78817 0 105890 211564 0 230711 211564 0 17824 77461 14728 211564 223482 214004 211564 0 17824 47950 211564 0 51354 197529 211564 0 14728 0 51354 103719 191234 211564 123266 14728 181060 0 76292 30926 105890 211564 0 211699 211564 123266 14728 181060 0 51354 211564 181060 0 0 30926 214004 211564 128531 14728 211564 123266 0 0 30926 214004 211564 179678 154289 211564 31473 212204 106711 231016 229614 94564 0 26439 211564 95049 145192 51362 66466 0 0 170245 106711 211564 97151 170245 103719 211564 0 30926 202886 66466 67181 95049 26256 30926 41751 211564 143422 170245 10255 211564 228575 154289 211564 18861 230711 107266 106711 26870 172906 157515 66466 0 211564 127811 0 170245 93585 230711 211564 95049 145192 0 14728 106711 38675 0 170245 230711 30926 170245 106711 135994 79479 136179 172831 0 170245 106711 211564 77879 152743 103719 211564 176359 154289 0 214004 0 170245 79479 73831 102493 163529 30926 170245 106711 931 931 106711 211564 0 170245 14728 6385 106711 211564 0 170245
0 0 52784 135953
0 0 106711 211564 139780 127496 154289 162859 38657 181955 185924 107266 106711 61621 79730 154289 197756 45518 0 107266 127246 125207 107266 106711 130085 157515 154289 0
0 65564 0 65564 0 155990 0 106711 44479 203903 211520 54353 211564 30926 25017 107433 8856 10009 211564 42521 149218 206730 107266 39206 9997 211564 33750 14728 43564 163000 142672 50894 0 14728 26787 0 17824 154423 0 214004 95750 162859 196600 198253 212000 17824 13123 222419 103719 181524 155990 19128 102950 65568 211949 65568 0 211640 222436 214004 43564 211640 50894 212204 39206 13123 95750 203336 230711 212000 17824 170109 211640 0 42817 0 13123 222417 204070 203905 0 203905 43564 211564 50894 14728 142672 154289 211640 222429 211564 162859 222475 211670 134939 94564 166869 76314 204070 19128 0 155990 212000 134939 26117 142930 12152 79479 212204 176960 132560 0 203905 17824 8156 212000 17824 222419 157685 211564 10984 154289 211564 216368 212204 134939 122855 214004 211564 222429 60721 172102 14728 164968 0 9065 107266 231473 85439 142930 61641 214004 0 211564 55888 154289 8155 65564 0 10984 214004 34131 212204 55888 154289 0 212204 106711 64211 232108 0 205281 90031 14728 73569 157248 0 203905 0 155990 0 17824 73833 154289 203905 222419 214004 216359 0 0 155990 0 130962 211827 103719 211564 40977 154289 0 0 99838 211564 180111 106711 13123 217501 103719 198218 40999 211520 106711 42817 74226 155337 65568 134939 26117 197529 0 14728 0 211520 211564 222429 134939 149622 228767 214004 217615 211564 203903 10253 212204 106711 72448 217501 154289 211564 0 0 14728 0 0 0 103719 160800 26439 154289 212204 169146 79479 8155 14728 0 211564 72897 154289 65564 222417 17824 211564 203720 154289 51322 164517 58203 132560 88547 232920 94564 166389 179745 155337 65564 170889 14728 185739 103719 14397 20568 214004 58552 65564 8155 72895 50247 94564 13123 26631 175430 7973 157787 154289 211949 65568 0 14728 7973 211640 133265 37388 132529
0 0 106711 47071 103719 211564 201354 154289 0 104132 107266 106711 211564 39768 47071 154289 0 0 63100 107266 106711 168759 47071 107266 106711 126612 155337 211564 17171 189674 107266 106711 211564 121959 47071 103719 211564 0 146705 178090 162859 103719 0 199415 132560 121661 125207 0 0 0 14728 0
230338 48339 154289 211564 221179 201367 211564 230338 48339 154289 211564 221179 201367 106711 210766 211520 84677 177835 214004 211564 201367 154289 38615 156216 14728 229121 107266 13123 198253 177835 214004 211564 201367 154289 11700 14728 94612 12927 5055 139506 162859 126209 103719 211949 201367 211564 178090 103929 211564 47024 154289 127460 15050 186339 80460 189841 168836 14728 186339 61515
0 0 106711 45951 0 137943 24053 81322 156012 52947 38615 211564 90017 125583 50990 154289 138545 206089 122855 226984 90854 158345 80246 90854 213275 0 25376 90854 14728 181821 206089 65621 103719 2757 0 123266 211564 24053 14728 229078 179185 37388 215690 0 25376 90854 37164 0 103719 2772 79769 103719 2610 19128 0 178070 212000 233011 43564 211640 137831 14728 147143 214004 0 214004 87301 155337 214004 26117 211564 77879 45951 181955 24053 214004 26117 177296 37388 211564 130952 103719 2610 212000 230243 194796 37388 0 177401 14728 178602 211640 77879 11886 211564 234862 14728 30308 20531 37388 211564 138908 0 187834 211640 143422 204029 163217 201315 232108 211564 178601 154289 214004 95647 232108 211564 60763 230742 8600 166720 185739 201447 0 233011 87301 155337 214004 178601 218938 142930 87646 11891 26694 34151 221873 103719 2631 103719 2754 0 38953 157515 154289 179881 79479 180014 215356 14728 203866 194796 144571 51354 232108 0 177401 103719 2760 211564 147143 0 0 81322 211564 115967 108345 225105 154289 211564 28956 37164 94900 229078 233018 79479 157480 0 94900 229078 0 79479 157480 0 211564 0 154289 157480 161904 229078 221974 97401 14728 232108 97782 203094 229614 17824 0 211564 177817 0 5224 106711 80971 103925 19128 160800 154289 211640 126840 0 65605 181821 206089 13123 53704 0 79479 211640 147143 186014 212564 0 0 161904 0 14728 0
45951 137943 45951 137943 13123 117085 19128 230835 137943 106711 79730 154289 95140 137943 145265 230742 45951 24053 131156 214004 169597 109392 45951 137943 106711 219093 163140 37388 0 45965 198253 0 79479 45965 230959 125996 214004 95140 137943 145265 107266 106711 154423 170882 14728 63090 212564 223845 45951 149374 45951 137943 24133 74091 103719 12554 211564 0 154289 95140 137943 145265 14728 211564 155471 49742 125668 28439 143422 45951 137943 24133 17824 211564 129066 211564 45951 211683 17824 154423 0 232108 211564 203732 154289 211564 84851 211564 24053 106711 0 103719 178186 171687 45951 207868 155337 211564 203720 134601 107266 94173 26631 18006 211520 211564 0 235012 0 45951 137943 0 171686 107433 52013 136992 14397 13207 178661 74354 14728 45951 102320 14728 211520 211564 145265 191547 211564 172826 154289 154337 168946 13207 155990 0 214004 190012 137943 145265 230742 106711 117085 79479 107433 84677 57477 14728 148702 137831 45951 137943 69931 103719 211564 122184 2591 19128 135976 154289 0 214004 211564 231122 95140 137943 145265 188290 14728 229078 0 37388 211564 13837 179785 24053 14728 206071 109347 127460 15050 0 8600 231107 204024 103719 211564 2607 157256 211564 84851 229078 143430 102620 37388 211564 130952 38615 0 14728 21178 0 123146 211564 143813 103719 211564 2627 211564 0 90031 0 59474 100579 19128 122704 66755 14728 0 108981 0 37388 0 130312 19128 211564 98644 12685 35272 198218 130952 20587 214004 211564 143813 103719 211564 77879 58304 154289 211564 3048 42593 0 175983 103719 211564 29415 2730
109347 181955 24053 109347 106711 206071 45951 181955 24053 80153 103719 2597 37388 0 0 107266 229078 155389 154289 211564 77879 24133 214004 49477 45951 129066 232108 93681 181955 198895 109347 137831 229078 170482 10974 20119 235536 232108 211640 129066 60213 211564 24053 178570 214004 87389 103719 14397 156171 37164 174960 229494 211564 24053 172826 229078 0 0 211640 50260 94564 26631 60209 19128 191406 154289 180168 136327 230742 154423 103925 13155 38733 14728 153820 0 211564 24053 77879 215366 103719 211564 138908 103719 206066 211640 49469 154289 45951 129066 232108 93681 181955 198895 229078 225177 51445 211564 24053 229078 155471 163347 214004 163134 20119 77019 46304 79479 11891 178602 103719 32895 206071 14728 70703 225109 211564 70703 213775 17824 103719 0
0 0 106711 203790 154289 211564 0 230742 51211 12554 81300 14728 214018 107266 106711 211564 143422 9558 60053 155990 0 14728 37388 75509 211564 121959 154289 211564 212475 0 107433 157787 1 199473 131133 221873 157787 6932 154289 12554 126257 0
0 211564 0 106711 211564 215203 134087 154289 229254 155337 220575 14728 157787 211564 205399 154289 166525 107266 106711 160800 154289 164968 85000 211564 215203 134087 154289 211564 67320 0 106711 7973 389 88840 230742 106711 7973 0 154289 211564 67320 215203 134087 18574 389 88840 154289 212204 106711 211564 67320 20403 103719 9079 6027 154289 211564 67320 205399 14397 17827 154289 0 139506 200532 115804 106711 53193 37388 153881
0 0 0 0 32619 0 31649 58381 2391 61505 0 206238 3598 20929 2567 229078 56159 50025 94900 233215 14397 70883 14138 154289 145265 103931 195875 206475 1573 155729 1365 23697 189285 14728 132560 156102 43345 226969 14728 105297 232878 97782 145265 106711 154423 105198 37388 97782 147910 52932 0 229078 32619 103719 211564 215459 154289 215473 46303 14728 211520 106711 230717 94900 199648 211564 77879 191764 234783 154289 97782 125014 21857 81322 211564 179678 154289 211564 232891 230711 94900 229078 154868 70888 214004 87301 214004 188807 94900 92143 214004 47783 211564 0 201875 64834 214004 211564 202913 73650 57919 94900 201307 214004 94564 226309 124138 81322 211564 126587 0 94900 229078 225177 0 26439 94900 229078 222419 214004 26870 12554 37388 97443 232108 97782 75344 103719 211564 215459 37164 94900 130085 87949 171025 14728 103719 2440 84087 97782 77879 226309 0 0 198502 201307 214004 50023 145265 14728 152124 69626 105555 97401 225177 144135 94900 230204 214004 211564 169583 50954 214004 203355 211564 226309 37164 94900 169945 87591 214004 211564 211583 14728 176834 103719 2452 94900 43566 214004 211564 156266 188807 37164 94900 61448 151115 232840 14728 229078 74209 81322 188807 94900 131824 214004 21748 77305 103719 211564 232891 228806 37388 50028 10196 211564 228806 94900 26434 136990 154289 211564 56159 164421 156101 166817 189950 226309 103719 2486 94900 143807 214004 160548 230717 94900 201493 79479 2004 234783 94900 229078 225177 168494 94900 92143 198218 124138 232108 11797 0 14728 198502 26434 117085 19128 50025 94900 133505 103719 2507 14728 97782 231238 232851 93681 214004 67293 141962 197529 211520 94900 52784 199634 97782 213307 50028 94900 125211 214004 222417 56159 79217 202517 14728 126055 19128 105194 79479 97782 145265 103719 2532 94900 92143 214004 123001 160548 214004 72220 81322 211564 148277 94900 199648 191779 142532 126257 183145 154423 196606 155337 0 103719 132800 2535 94900 14728 97782 231238 131824 214004 85439 214004 149657 235368 125014 103719 211564 221179 201367 229078 93681 79479 97401 94900 200085 151115 70703 14728 162859 211834 61448 152082 117071 97782 145265 94900 92143 123266 12554 97782 189285 26813 99838 94900 232851 93681 14728 211564 75359 50443 191371 0 19519 97401 214004 233174 206482 97782 145265 202124 198906 225177 56159 10196 232891 228806 102710 94900 225177 144135 228772 214004 87301 22689 214004 97782 158183 52932 37164 211564 49792 88542 130085 211520 103583 94900 92143 22852 75233 14728 107266 214683 97401 234783 214004 177412 171268 94900 209242 20119 170559 221237 211699 94900 179879 214004 150117 103719 80413 94900 61505 154289 39284 103719 0 0 0 233215 127496 154289 145265 94900 127729 195828 64834 14728 233186 145265 155357 94900 92143 77652 50034 94900 229078 149622 225177 105555 103719 95038 107266 163140 155990 230638 93582 214004 107266 19128 179758 198218 154289 97782 145265 106711 225177 87949 37164 198218 154289 107266 106711 124118 105557 155389 154289 97782 122153 232878 229078 38675 0 0 211564 89307 161137 230742 222438 89307 79217 136931 14728 46303 0 94900 229078 149622 104550 37388 13837 145265 94900 169945 211564 141250 0 0 0 14728 143681 38733 154289 97782 147910 52932 97782 145265 39206 154423 26117 60209 19128 0 103719 203498
0 39070 211564 0 39070 229078 14397 12692 20531 155337 211564 0 162620 66466 232891 228806 211564 39070 214683 166386 28439 17007 3340 2465 14728 108565 2468 211564 12695 211564 34867 70118 14728 80931 79528 230243 77305 211564 157360 70118 211564 176960 79479 211564 39070 229078 214004 34131 211564 0 155337 211564 230384 14728 67411 81351 14728 214004 95750 211564 184117 211564 39070 201307 232108 148093 20531 12974 211564 0 148093 139806 186666 155990 56974 191779 193462 14728 198502 211564 218510 80124 22689 14728 202475 211564 12695 81322 71021 211564 189674 154289 0 107266 229078 58417 211520 102493 211564 184117 230243 214004 177140 16352 34867 95750 121387 106059 229078 0 155337 17007 3340 2465 12692 79528 121402 20119 223845 126619 12974 211564 0 162620 132560 34867 197979 230243 121402 103719 211564 233204 166408 179762 103719 95140 41338 211564 34867 121402 20119 39719 0 14728 211564 0 121402 20119 166386 122199 117085 19128 0 0 99838 211564 12695 61448 152082 172900 155337 105240 212000 230243 214312 214004 61671 0 14728 228287 79479 218495 20531 211834 229078 216508 228883 221763 14397 73475 154289 12554 12692 217320 229078 77548 156151 211564 39070 106711 231111 225766 19128 14397 12692 75039 211564 34867 97867 209463 233215 212204 154289 211564 0 39070 211564 0 74202 229078 210896 73831 154289 14397 0 0 102279 40720 212564 10196 0 170099 14728 232108 0 65407 0 0 0 123146 211564 218495 58743 14728 26434 96395 214004 211564 218510 234783 10196 211564 228806 70414 94900 26434 211640 77879 170203 94900 158851 216718 214004 211564 0 197979 230959 61505 211834
0 211564 0 230243 14397 156149 154289 40536 0 131770 212000 17824 12554 152375 74432 211564 0 106711 147910 214004 198989 13835 212000 230243 155357 50970 214004 26117 217501 0 37164 17824 152375 212409 214004 26117 195761 0 214004 211670 152743 154289 211949 0 169849 47951 179461 0 169849 211520 73737 191134 103719 73252 212000 230243 77879 60209 37388 0 0 81322 80071 80147 103719 211564 186757 54642 26565 154289 0 136992 154289 211564 156149 0 193935 132560 195182 232108 0 0 37164 212000 230243 152082 47951 178562 212000 17824 225177 87949 73831 154289 0 73727 79479 73831 0 0 230243 195181 214004 211564 135999 0 209864 154289 141226 41629 211564 0 230243 13123 0 14728 103719 198218 40999 204070 19128 0 179461 212397 154289 0 41629 125207 0 211640 31473 195912 223822 175937 81322 6385 48173 81590 103719 127053 214004 211564 195912 154289 214106 141226 29205 41629 15713 75344 154289 121947 169849 0 211564 0 230742 230243 142930 125207 232524 155990 63814 0 0 0 0
0 0 0 0 110337 183683 0 32619 132800 2452 103719 0 0 21205 61505 709 191188 2594 103719 225715 229078 14397 21208 79423 94900 229078 87311 10196 97782 40279 19128 166800 94900 26434 79419 48275 94900 201307 0 79419 232108 0 230717 94900 166799 81322 2489 2492 211699 94900 230204 214004 225715 230717 94900 166799 79479 0 2512 94900 0 214004 230204 214004 18763 127034 37164 211564 166801 221131 61448 152082 12790 212204 197529 94900 230204 155337 214004 0 160548 214176 232108 0 110287 15713 21208 79423 2521 94900 214683 211564 80931 147883 14728 166799 155357 79479 211564 80931 209622 103719 2532 134331 225119 168879 94900 201307 20119 211564 10337 154289 2428 103719 134331 225119 235667 97782 189950 134331 94900 166799 218938 234783 122199 94900 229078 225177 87949 197529 94900 26434 151115 87311 154289 211564 21208 209622 94900 229078 211564 87311 103719 211564 87666 10337 154289 211564 21208 209622 211564 197529 38675 0 0 103719 211564 67289 2501 211564 209622 166799 1573 134340 14728 232553 930 14728 127491 155471 155389 83155 103719 0 225119 70687 10196 97782 79423 40279 94900 26434 48275 154289 61621 209637 103719 0 0
0 0 106711 215473 103719 104132 107266 106711 103719 0 63100 154289 0 201354 107266 106711 148448 214004 211564 39768 154289 211564 0 146705 115973 107266 106711 155337 147865 97197 2004
0 102721 0 102721 106711 211564 212164 203345 11886 37388 13837 181955 24053 0 34581 107266 229078 178602 155337 154016 2794 103719 85246 14728 21178 195338 211699 178602 232920 212564 122184 2794 14728 67289 2798 107266 177141 54102 0 14728 58294 20119 2004 103719 211564 29415 2730 232108 142930 211454 3598 51761 197964 107266 51211 155389 154289 0 34581 143422 204029 198390 107059 230742 161941 20119 20119 211564 99560 130952 181955 215672 43971
0 0 106711 149657 232891 0 198218 154289 211564 199473 17824 121947 29856 211564 121959 154289 211564 0 0 17824 147910 214004 138343 42521 13835 198989 13835 14728 79777 211564 40334 0 125207 12554 0 17824 221810 105413 29856 211564 222562 212105 79479 0 106711 214004 158917 79479 125014 212000 201492 214176 73569 157515 154289 211564 134476 189821 212000 154423 78978 103719 79760 155389 7978 211564 157248 0 67456 223834 154289 79391 103931 190142 152969 81476 159341 81476 123012 78832 14728 201763 231379 199473 134939 0 231111 157787 79479 198218 154289 211564 121956 199473 204070 19128 0 0 31042 234862 0 14728 0 0 89263 89315 0 103719 189784 154289 0 21499 79391 103719 211564 230384 13630 100524 154289 0 14728 157248 0 0 214004 74333 181560 24273 214004 0 47512 12927 56743 73879 155337 175419 57957 107266 229078 204278 211520 0 14728 0 103719 211564 13630 25330 67456 47512 81322 74333 181560 24273 214004 0 0 211564 47512 67469 26779 154289 0 229078 203340 20119 47512 0 103719 163621 16786 0 14728 157248 29856 14728 15337 169936 0 232108 97150 124361 154289 185924 197756 106711 226652 69222 230742 106711 0 103719 71217 157787 390 115804 81322 211564 153881
94017 0 94017 0 106711 189121 77175 193790 202561 37388 119581 0 107266 229078 77879 172270 103719 2573 211564 202561 106711 191644 103719 82202 230717 211564 221179 201367 88542 212127 73658 193890 26117 71580 197529 211564 88542 86516 162859 0 162859 230959 17824 203165 145387 40761 95140 229917 14728 162859 230959 17824 196964 145387 229647 174983 211520 190893 157515 194787 211520 0 211670 94017 0 106711 33417 230959 106711 225177 208022 94900 85463 180880 154289 97782 0 14728 57130 232108 0 155337 147865 210151 211564 88542 115750 97401 79479 63844 212204 97782 160489 17824 229242 37164 17824 214672 0 37388 211640 0 214004 220704 230638 106711 87591 155337 198218 50944 94564 212409 211564 202561 94173 50941 167572 154289 225763 13227 0 229078 152082 50941
211564 0 211564 0 230243 14397 13837 172640 181955 24053 79769 103719 2598 14728 8871 221763 2772 211564 24053 200049 10196 211564 58165 154289 122855 195421 0 105603 212000 230243 160800 154289 211564 67289 0 172640 181955 143813 211520 92143 69931 103719 149657 235368 211564 0 17824 231111 177296 19128 155389 154289 211564 170497 0 154289 0 14728 212000 105198 132560 154289 211564 67289 88384 181955 24133
235488 32065 235488 32065 106711 191406 154289 235488 9535 200455 32309 107266 106711 233190 37388 70703 21257 43884 0 211834 17824 78054 32309 103719 211564 191406 211564 191406 106711 7973 211564 77176 200455 108345 32065 230959 229078 156422 106067 37388 101859 0 19128 209843 211564 191406 106711 191644 103719 211564 2506 14728 32065 188807 106711 0 49066 211564 32309 17824 172270 37388 0 32309 103719 211564 221179 115973 211564 77879 152282 103719 211564 191406 106711 0 107266 229078 172270 103719 2760 14728 195338 211699 211564 191406 94173 26486 225177 204029 211564 154354 229749 79479 211564 32309 106711 0 211564 191406 94173 177141 132560 168946 180139 232108 132560 162859 0 211564 210572 14728 211564 8856 211564 90492 149787 185390 211520 0 106711 230072 158779 232108 203903
0 0 0 0 117085 19128 0 32619 37911 2540 106711 179344 136990 154289 211564 151901 40568 84653 19748 14728 211564 151901 40568 99710 154289 179266 103719 211564 99710 154289 179266 94900 179272 211564 0 63100 103931 0 103719 0 0 14728 189316 52926 179879 210021 0 81322 0 151901 40568 0 13123 94173 74224 103719 211564 221179 201367 139389 0 229078 32619 103719 0 52947 230717 94900 88734 81322 0 97138 188807 14728 203340 20119 0 49799 49066 97782 40279 232108 199016 27053 210091 49856 230742 122199 26434 0 210021 14728 211699 20119 229078 105783 37388 218938 234783 154289 191551 103719 211564 221179 201367 18445 65013 105890 211564 18445 94900 191538 19128 49780 0 103719 225750 232108 211564 175970 154289 199455 14728 229078 21843 211564 35169 201206 103719 2634 94900 201307 97782 158183 210021 49856 211564 49781 49856 103807 171687 210021 214004 126587 37086 103719 2772 94900 26706 232862 103719 211564 107266 59841 20119 199006 178092 136179 42473 0 106711 55486 191572 97782 77879 210766 19128 179264 79479 63100 4842 154289 151901 40568 103719 211564 99710 154289 179266 94900 106711 8871 155337 191764 0 211949 17824 211564 10602 49727 211564 0 49727 32895 0 14728 0 154289 68126 79479 230742 94900 106711 225504 14728 211564 0 155337 68126 0 14728 0 0 14728 172247 0 0 94173 26631 211564 170487 200123 154289 69282 29456 14728 94173 48270 218852 157248 29456 103931 0 230742 0 177824 155337 230733 214004 131133 70703 211564 154354 121660 154289 151901 40568 94900 229078 13123 170487 200123 154289 29406 0 230742 10974 214004 113978 0 177401 154289 178120 191837 0 103719 211564 201354 0 151407 61380 209463 214004 191536 155337 211564 221237 154289 151901 40568 31256 154289 88552 0 13123 191538 19128 225504 154289 211564 0 49727 79479 68126 103719 212204 182302 94900 205282 143498 211520 233011 12790 74450 209388 180093 214004 95750 81924 211564 221237 154289 151901 40568 206730 188829 212204 38953 124118 211454 229817 10196 211564 49727 171319 35981 79479 211564 0 154289 188829 211520 233011 94564 177706 81945 37388 0 139506 155990 2004 162993 211564 55698 230243 60209 19128 0 41756 211564 188807 206730 214004 127464 2730 109957 14728 55657 1 47398 0 94173 80175 45105 232108 97782 231238 0
0 24053 0 106711 34867 181955 24053 156422 79769 103719 2598 37388 225305 70703 145280 138640 110217 73789 0 136990 101859 135459 12974 232108 13837 226975 127556 0 0 94564 197964 142930 211454 5969 139506 11891 232920 103931 157787 4322 139506 103719 211564 221179 201367 12973
0 181358 211564 0 181358 230243 191406 154289 181358 103719 149657 235368 47071 103719 2585 212000 93582 10196 211564 167757 0 211564 0 104935 0 103719 89410 225963 10196 212204 132560 0 171520 211564 74885 212000 230243 0 37388 211564 167757 212000 17824 190178 19128 211564 201304 154289 211564 84136 181071 143813
0 0 155990 0 0 106711 195254 156271 141612 107266 106711 49310 0 212025 125896 211520 106711 231111 222419 66466 211564 122153 201812 154289 170109 0 65568 0 94173 212475 0 229254 0 158284 90031 211520 17824 179661 79479 107433 0 103719 229254 14728 107433 0 147986 230742 135976 107266 0 229254 81322 211564 11019 211564 0 0 106711 42521 214004 12554 0 117085 19128 0 107266 106711 222419 106711 103719 131180 0
18909 47360 21842 211564 18909 47360 21842 106711 170706 79479 73871 189121 77175 233186 107266 106711 34867 21842 79479 189121 77175 152282 81322 211564 234772 26694 214004 231648 211564 152282 145387 26117 172270 77879 103719 211564 221179 115973 211564 231849 85463 141962 19128 170706 211564 170706 14138 104007 67181 234772 107266 106711 152743 154289 169292 201937 71580 214004 211564 234772 154289 211564 170706 2616 79479 211564 77879 170706 103719 2616 14728 2798 79479 211564 143422 177149 170706 211564 189121 77175 21257 18909 47360 84087 141962 214004 201304 211564 170706 211564 77879 170706 229078 86509 103719 2616 90017 154289 110658 45741 211564 231857 32268 110658 49502 81322 211564 34867 189121 77175 19833 211564 189121 77175 80149 14728 212164 90017 152375 211520 212164 90017 0 0 211564 0 80149 131830 211564 170706 177151 211564 21842 94173 26631 170179 155337 211564 77879 150392 154289 211564 0 77482 76926
161248 0 161248 0 106711 14397 13837 189121 77175 21257 96131 232840 106711 160800 154289 211564 0 143813 96131 152298 14728 193790 202517 12554 192509 49742 211681 154289 74305 211564 178570 28439 211564 100355 139727 14728 209758 192713 229078 32619 103719 0 149657 235368 14728 89529 221873 103719 0 134093 0 229078 203331 20119 211564 221237 154289 134093 14728 211564 221237 154289 112589 192713 203340 232108 108345 0 20119 112589 14728 88734 103719 2597 211520 186152 234772 0 110117 211564 51485 49727 79479 0 211564 0 232891 189121 77175 51485 26870 95534 103719 112589 47071 140516 157787 120458 57919 229820 2598 96131 109942 19128 49727 136990 229078 214004 95750 90672 154289 98992 181821 0 192713 13123 232851 79479 75478 233178 214398 0 20119 97782 150165 89025 0 14728 89021 60286 37084 0 61505 103719 2599 14728 0 230204 214004 232840 19128 233178 79479 112589 47071 0 40264 192713 230204 214004 126209 103719 70687 232108 96131 198311 31305 0 103719 2637 192713 106711 152375 133505 211834 214004 96131 212164 100713 103719 211564 122184 2591 14728 67289 2607 192713 229078 130312 68037 192713 232851 155337 196936 170227 75478 14728 189121 77175 130313 38675 0 14728 0 232108 96131 189950 100713 0 0 0 197964 96131 77879 170924 189121 77175 202561 103719 2604 192713 26434 81807 233178 103719 2616 0 77879 152282 229078 0 107266 105966 49742 211681 103719 96131 233186 96131 202517 131133 211564 100355 139727 176858 166386 230717 162859 39206 87301 14728 63539 212110 230638 106711 176858 26488 220447 0 94173 232553 191779 21847 103931 148493 21842 79479 28289 193790 202561 103719 2614 211564 164439 61380 21842 103719 2616 79479 0 211564 148493 21842 79479 28289 152282 103719 2629 211564 18909 47360 21842 103719 2631 14728 2636 79479 96131 152298 0 14728 0 181821 0 92143 26486 96131 81148 10196 192713 95751 97401 230711 94900 229078 90672 20119 211564 0 0 103719 112589 47071 94900 160914 58594 97782 152282 81089 214004 96131 103719 211564 2572 0 14728 45098 86369 106067 230964 189969 125014 103719 230742 229614 230243 218902 81322 211564 166525 224746 192713 214312 147865 172247 174983 211564 26280 19519 222373 79479 9608 7973 211640 198390 14728 95750 26870 75359 0 187959 103719 212204 75478 198253 211564 86377 233011 192463 214004 26486 211564 26280 14728 77651 177399 198390 155990 166817 50260 79479 211670 19128 0 218902 0 185390 212000 92143 157248 0 214672 198253 212000 233011 95750 205104 232555 232528 14728 157248 96402 192713 185390 155389 154289 96131 67289 202517 16801 103719 181955 155337 2608
106510 87416 106510 229078 117085 19128 211564 87416 154289 211564 175368 14728 15713 137851 79479 211564 87470 103719 89307 146023 192713 106711 59877 19128 26377 87666 87416 232108 231804 79479 78541 0 200888 14728 0 211834 106711 154423 144135 18807 204070 19128 0 14728 0 193952 154289 96131 26439 192713 106711 0 14728 225177 26377 192713 229078 13123 190178 34634 103719 98731 0 106510 106711 84677 190178 19128 96132 163535 191533 14728 137851 106510 106711 225177 206146 14728 75799 14728 192713 84677 216282 37388 175368 107266 106711 73569 185390 211520 211564 176960 211564 175368 49534 14728 87519 197529 75799 106711 26439 106510 155471 222438 107266 79479 216266 14728 195338 192713 106711 197529 75799 107266 106711 155471 103719 211564 196303 79479 196936 14138 154289 213307 192713 106711 190178 214106 103719 32895 182381 14728 89307 146023 19128 14397 103563 77329 214004 89298 14728 211564 87470 103719 89307 146023 107266 106711 27026 211520 102493 235471 212570 0 89307 55484 105890 175368 235471 39206 49776 232108 16364 16375 125207 211564 0 154289 14710 213330 96131 160489 17824 0 133144 213713 14728 0 47990 0 96131 100713 106711 0 230338 231678 103719 198218 225109 154289 89307 146023 106510 106711 211564 143469 154289 0
139214 0 139214 0 32619 138545 14877 76226 1795 2633 106711 14397 13837 79776 45081 8887 94900 201289 103719 98682 12973 19128 114722 0 94900 106711 211564 235494 35254 154289 134586 0
188031 0 0 188031 0 0 147143 188031 0 0 312 106711 0 81322 21205 211564 48053 106711 166817 103719 211564 21208 36489 211564 48053 229078 80153 103719 2768 19128 211564 221982 21208 48053 188031 0 58417 214004 215974 214004 0 26439 154289 77557 170762 26439 188031 0 229078 6374 103719 211564 189950 122906 211564 149657 48053 52784 13123 166784 103719 212204 122906 211564 77879 134331 229078 10255 76135 0 0 211564 179678 154289 211564 189821 229078 142930 204029 212000 26434 43438 154289 211564 189950 122906 14728 171166 214004 211564 21208 36489 211564 48053 170203 229078 80504 0 211564 80154 154289 0 0 94900 229078 13123 211564 130919 200123 37164 94900 58417 214004 123001 211564 48053 197529 211564 82202 154289 211564 48053 106711 152082 47565 79479 211564 2798 189821 0 0 94173 88365 149657 48275 163785 0 230959 38953 81322 0 26439 163785 0 26434 149657 48275 154289 195956 176078 231205 10196 163785 0 230204 214004 21205 231205 26439 211564 67276 21205 48275 0 0 229078 152082 225177 204029 211564 209622 92143 214004 127236 79479 149657 48275 111067 26694 211564 189821 2798 26706 211564 188031 0 0 170179 0 0 19128 211564 149657 48275
0 38615 0 106711 47071 103719 151938 38615 103719 211564 230384 221179 201367 107266 106711 211564 52947 189830 154289 0 52947 14728 106711 126612 20119 211564 151938 70392 154289 211564 201354 89263 42521 223381 20119 211564 25234 154289 211564 0 0 7973 710 139324 198989 154289 211564 156216 32497 155337 105814 14728 67390 154289 211564 158552 153881 155337 201354 97197 0 6670 162859 126209 103719 0 8412 214004 211564 2794 42444
0 79799 0 79799 106711 204633 154289 131760 209864 12927 12554 131770 94564 80175 115941 154289 209864 209864 152748 14728 79730 94564 9021 214004 61621 76299 138121 157787 213307 61621 131760 90031 94564 73727 154289 63040 0 76214 103719 211564 152743 14728 219051 154289 209864 14728 103719 211564 192463 14728 195912 154289 211564 0 205399 211564 152743 154289 209864 154289 67181 219051 106711 233190 19128 0 79799 79479 155389 194518 154289 211564 143777 155990 0 232108 211564 221982 14728 127801 209864 193952 155337 191132 183328 211564 152743 154289 209864 103719 143777 106711 218863 211520 125995 19128 211834 17824 218938 194546 103719 67181 191644 0 17824 104149 77879 0 189950 0 212164 14728 77548 0 86521 197529 79479 73831 211564 79799 79479 221982 209864 104150 0 0 0 14728 0 155337 155389 194518 154289 211564 221982 143777 211564 0 0 79799 106711 0 103719 0 0 0 37388 211564 124206 61109 14397 15324 0 79479 68769 0 155990 163315 209864 39206 212746 26117 74349 19128 0 79799 233190 103719 211564 79730 154289 80327 195338 211564 209864 17824 13394 125995 103719 211564 186152 156149 211564 124221 39206 26117 65507 212746 32895 0 14728 99407 94564 121947 0 155990 83455 28439 211640 81351 209864 14728 211640 22689 209864 212204 106711 147963 76211 103719 132560 219063 154289 131760
0 0 211564 0 0 106711 37015 170882 37388 0 195338 2639 107266 179185 211564 0 0 107266 106711 169365 37388 195875 61558 70673 232108 0 154289 126120
0 105603 0 123182 0 154016 2950 2543 76226 2772 28409 117085 19128 0 105603 229078 14397 13837 195421 94900 229078 80158 136990 154289 172640 211564 24053 211564 0
167603 107592 145279 0 0 228502 32619 76226 2729 2557 106711 14397 13837 90857 198397 0 170883 14728 198253 226975 228502 106711 28409 117085 37388 211564 200905 147158 154289 167603 107592 14728 198253 167603 107592 0 192713 229078 48270 154289 211564 13837 83484 172640 24053 211564 0 192713 229078 133505 214004 0 105603 79479 4322 234783 221763 94900 61505 155337 76226 2772
99371 172640 99371 172640 198253 177831 214004 19128 99371 181955 106711 57477 203498 154289 145265 140765 88384 14728 172640 181955 198924 232108 0 0 154423 198357 214789 17824 207888 81322 99371 77507 99371 172640 24133 53703 14397 20403 37388 210190 208027 212564 211640 198390 107266 106711 47951 178562 214004 14397 154423 0 232108 211564 58165 181955 143813 230753 58165 181955 210445 214004 0 142930 215448 211564 0 198895 99371 172640 0 215448 0 198895 211564 0 17824 177296 19128 211564 0 154289 211564 99371 172640 0 0 77879 99371 172640 177399 191630 39206 26117 215623 22689 214004 2599 103719 2609 0 178602 211640 77879 81807 123719 11886 228468 14098 222373 104550 37388 211564 0 15713 67289 172640 24053 0 178602 99371 172640 11886 38675 57116 232108 135912 103719 211564 67289 2607 211564 84851 232108 211564 73882 154289 18983 125207 107892 0 155337 211564 123266 14728 0 89155 155337 211564 181060 106711 84677 0 99371 93695 106711 210766 48837 37388 0 0 211520 177835 214004 100931 154289 99371 172640 14728 93695 172640 211564 0 212164 11886 67320 14728 211564 67289 232840 154289 86837 0 203865 24053 0 0 211564 203498 0 58165 14728 0 13123 163140 212204 0 99371 137943 106711 210766 230742 156426 103719 211564 2607 214004 60208 0 77879 11886 195338 211699 152743 154289 24133 166817 191779 61621 203501 154289 137943 94564 75248 220575 212204 0 103931 0 14728 211564 226569 0
0 0 106711 203498 154289 181955 145265 211520 0 69229 154289 172640 181955 0 14728 157248 84853 198218 0 198390 103922 212442 137943 155990 52932 145265 203501 0 106711 49749 166799 232108 195254 90854 18637 232108 132560 24133 50988 154289 155471 212475 136992 154423 211564 90857 155990 25417 231473 26117 211564 122855 226975 211564 77879 0 24053 229078 211564 0 24053 81322 127034 219891 0 24053 136992 14728 75450 154423 0 160800 154289 211640 94968
196691 0 108345 142767 117085 19128 196691 0 108565 709 2487 108565 3942 2589 229078 75359 31076 145279 32619 103719 0 127635 222374 94900 166799 103719 211564 203498 38675 205943 31076 19128 45081 94900 122962 214004 166784 211564 90854 14728 211564 0 94900 201307 166817 103719 211564 2532 14728 103719 2545 26434 81807 213307 145279 222475 211564 147143 0 196691 94900 43566 97782 147143 214004 0 196691 103719 211564 2551 94900 92143 191779 97900 177400 103931 115967 26588 103719 2565 0 103719 145725 95049 103719 2573 14728 0 145725 22689 103719 2581 211564 182346 202437 177396 115967 26588 155337 211640 77879 11886 0 196691 61505 81322 95049 20531 103719 2589
0 225626 83155 0 106711 2764 160934 83155 25239 155337 211564 15343 143826 154289 211564 186152 147143 107266 94173 26631 178602 79479 211564 150721 83163 166837 83155 33417 9557 161839 14728 211564 231279
159205 61567 211564 141226 61567 117085 19128 211564 159205 61567 7600 19128 0 61567 155990 0 106711 229494 154289 67469 107266 106711 13123 38675 211564 0 61567 202407 10337 61567 155990 100579 61567 107266 106711 25239 155337 211564 231379 166611 14728 15337 230742 100381 20193 103719 211564 159205 71679 212204 229078 163217 7973 139506 234783 127053 107266 70414 18574 389 234783 10531 230711 162859 26706 75637 211564 210766 159205 61567 134939 13123 177812 214004 230638 162859 8901 20193 22689 211699 105240 154289 211564 61567 214106 147143 0 147143 135999 77911 224314 81461 182671 14728 152969 131133 221873 143422 154289 211564 141226 159205 61567 107266 63743 152082 103922 88793 0 56773 170897 185924 0 204246 14728 170801 154617 211564 61567 106711 144135 127801 103719 0 211454 106711 222562 214106 14728 144135 97150 103719 171498 228616 0 77879 130085 211564 141226 159205 61567 168604 103719 211564 2591 21278 14728 179445 177324 14728 43566 211564 61567 103719 191779 32309 14728 8211 110438 159205 0 106711 25239 155337 211564 102279 103719 73727 211520 141226 100381 17824 84721 9021 214004 211564 229494 211640 159205 14683 20193 14728 211520 100355 84724 94564 152082 43566 144135 195338 162859 26706 90050 211640 158183 79382 211840 87949 229494 154289 67469 214106 233011 26117 125207 99821 162859 20193 211699 211564 25291 102279 106711 211520 211564 61567 106711 95023 26439 157480 31473 106711 9021 214004 131133 222417 154289 107266 218938 203344 154289 211564 159205 61567 103719 100381 94564 193952 87949 212110 79479 162859 95014 212204 229494 154289 67469 106711 198254 51445 14098 0 14728 0 198218 18005 211520 102493 100579 0 197679 61448 152082 204189 81322 42817 62611 212204 229078 26439 212000 20193 79382 232108 77021 0 155990 79479 157248 176968 212000 13123 187916 107266 134939 152082 26117 99821 162859 176896 20193 103719 211564 159205 71679 147143 211834 106711 231107 0 211520 170173 0 103719 77879 232891 52931 106711 41756 56973 14728 191417 95014 170762 155389 74244 180134 185390 211564 100219 0 154289 0 106711 152082 23491 19128 107266 155357 229078 37388 211564 93681 232840 148625 214004 201492 12488 14728 63539 211564 93681 232840 148513 214004 126209 211564 104297 180203 43566 232840 103719 12554 228490 154289 125014 152375 129789 63539 211564 93681 232840 14728 107266 106711 152082 111067 174226 154289 75830 14728 0 211564 51178 154289 197756 185924 106711 0 89266 214106 211454 73595 26694 211949 170173 67469 92055 14728 211564 120587 154289 74022 122855 214004 0 62609 97138 30926 170245 219051 61115 0 14728 39284 14728 214004 0 103719 211564 222373 14728 157248 230384 52931 8412 214004 0 0 229614 17824 211564 0 154289 104779 43761 0 157787 139512 154289 234783 211564 224049 131082 154289 157480 29610 14728 164998 17824 218273 214004 125014 50403 211520 74092 26694 211564 0 154289 10602 198218 389 234783 10531 84721 157480 31446 17824 226461 211564 186152 19128 212000 230243 20119 211564 70392 154289 211564 159205 71679 198218 2729 234783 10531 102295 7973 159205 0 49502 81322 73729 29682 211564 176960 79479 67469 125207 212204 106711 211520 147963 190516 92143 70888 213307 79479 159205 100381 31446 14728 0 214004 85439 222419 214004 211564 79382 211520 212000 52784 67456 211699 37164 103719 211564 389 234783 195338 162859 201307 75637 147963 190516 94173 152082 92143 70888 213307 79479 162859 84724 214004 43564 214004 85439 222419 214004 211564 149657 61567 212204 94173 123146 214004 198218 62611 142930 211454 5969 154289 211564 215203 56743 70598 0 37388 12554 162859 103719 211564 221179 201367 49534 81322 79391 204070 19128 56773 170897 0 0 204261 0 224313 154617 14728 11953 211520 159205 205284 187916 230243 152082 67461 66466 211564 159205 71679 99838 211834 106711 73683 211520 159205 197679 134939 94564 26631 222475 0 79479 79382 222417 20119 122983 19128 67289 19128 3144 234783 10531 142930 211454 390 234783 10531 14728 163162 19128 67289 19128 2730 234783 10531 99838 0 0 94173 185390 211520 211564 149657 73683 193961 211520 88793 230243 152082 67461 144135 22689 211699 14728 94900 94173 13123 185390 211520 67469 154289 231379 89059 190142 154289 16352 115916 148638 209758 14728 170803 214004 131133 211564 79382 168985 214004 67456 14728 211520 212204 209758 229078 170740 152082 18574 554 234783 10531 0 17824 152082 7973 211564 22725 0 60209 7978 107266 106711 7973 99821 87949 211564 159205 61567 106711 19128 198150 214004 211520 170756 107266 106711 13123 7973 230733 211564 18015 26813 211564 61567 106711 198895 18015 152082 73651 10593 232108 73729 176968 26813 211564 0 61567 8412 214004 12191 0 0 0 14728 14851 0 232108 211564 59841 154289 79382 189121 20119 211564 221237 154289 93467 187951 211564 100355 84833 73737 66466 211564 166925 163217 81322 0 214004 709 234783 10531 106711 152082 25239 155337 211564 181060 27022 7973 73727 212000 13123 187916 211520 389 234783 134939 94564 26631 70888 213307 79479 162859 214004 0 214004 0 232108 79382 90057 212564 75637 79479 73831 0 211520 95751 162859 67456 56773 26434 49742 103719 73312 111067 77019 212420 234783 10196 162859 201307 175434 15337 211834 106711 13123 73683 211520 211564 61567 154289 202407 10337 100381 134939 94564 92143 198218 79730 211564 0 0 14728 88793 211520 17824 152082 160800 154289 211564 159205 61567 2794 203355 193935 211564 62570 154289 3843 234772 154868 143222 14728 0 81322 230742 78802 154289 191779 166611 230243 107056
0 177401 0 177401 106711 14397 104109 31076 177394 120417 81322 44926 102978 222374 107266 229078 80153 37388 35356 0 103719 2592 79479 97782 232840 0 44926 31076 0 229078 0 0 2747 0 177401 229078 80153 214004 172269 14397 11886 37388 99687 63755 209463 211564 0 97782 76039 24053 97782 0 31305 0 154289 0 177401 177977 214004 63539 197529 211840 0 58417 214004 131133 97782 158183 177394 120417 195338 107433 26732 0 177401 94173 172270 157787 3341 31076 220544 0 154354 0 154289 0 177401 232108 0
0 161939 0 161939 106711 1365 143681 148448 49289 200362 49289 221179 201367 107266 106711 155389 154289 211564 232891 143422 75359 143689 14728 39206 26117 190178 81322 157787 390 139324 155337 47565 57957 107266 229078 147145 10196 0 0 230959 74301 211564 17827 103719 2211 211564 204658 154289 211564 161939 39206 26117 176792 68769 37388 39982 155990 175349 211564 199506 225763 81322 211564 214756 106711 230638 105198 0 123182 25534 214004 233174 13835 211564 26377 103719 2401 14728 211834 106711 0 232108 211564 232827 214004 211564 198357 20119 211564 204658 19128 230072 107266 106711 13123 211564 98682 154289 211564 189950 154882 39982 174806 103719 211564 221179 201367
0 177401 0 177401 229078 14397 13837 177394 120417 81322 127460 15050 107266 229078 80153 19128 0 33384 177401 103719 2543 37164 178894 37388 107433 158185 18807 0 230711 191133 81322 198218 154289 97782 79776 160918 0 106711 117085 79479 107433 180613 14728 31076 31076 88337 14728 67289 181955 14728 182320 145265 230742 211564 120417 177396 0 13123 92143 218938 145265 172275 49852 224639 145265 14728 89410 145265 66466 211564 2572 0 202475 211564 177400 14728 155471 197964 211564 154868 177401 103719 2584 26439 154289 105554 103719 211564 67289 57957 154289 181955 14728 182320 0 201307 211564 120417 10253 14728 0 144135 154289 211564 154868 134372 18807 0 229078 75359 79479 26870 155389 154289 211564 143422 0 137055 103719 177399 37084 94900 158851 14728 177396 97782 145280 230072 14728 94900 149622 158851 79479 26870 166799 103719 211564 174983 155337 0 235471 39206 95034 198218 154289 211564 0 180613 14728 31076 154289 212204 213307 26439 0 84087 127496 154289 80769 214004 97782 145280 103719 2629 211564 120417 229078 197964 214004 211564 50322 145265 90017 230742 94173 0 11891 37388 152743 154289 0 156418 18983
176039 137943 176039 137943 106711 0 154289 176039 181955 230742 0 226969 14728 222563 105297 69229 154289 97571 99145 145265 232108 95140 137943 176039 137943 106711 154423 50615 232108 176039 181955 14728 0
0 58732 211564 0 58732 106711 14397 103563 0 214004 0 107266 106711 168604 232108 214756 166801 211564 0 222563 26734 157248 80217 143821 79479 230835 17824 0 0 14728 0 152375 0 106711 211564 0 212204 125542 229078 74301 103719 218938 232891 43448 134340 28439 0 14728 0 103719 2517 14728 2521 198253 38675 211564 0 223815
81978 181955 81978 181955 13123 0 19128 81978 106711 145265 84851 211520 0 81978 14728 181955 69229 107433 67278 0 229078 95035 103719 211564 122184 2572 212564 211564 138908 37388 8892 204070 19128 211564 0 95962 74224 122153 218938 11891 71847 0 14728 228806 0 160641 28432 57857 14728 143469 77603 103719 211564 2627 8892 204070 19128 170548 177506 99560 45123 162911 175187 10255 211564 129782 14728 75119 151115 142930 180173 211564 84851 81978 181955 106711 82148 154289 81978 14728 181955 132560 105308 134939 26117 103993 105890 211564 145265 37164 211564 157794 198895 106711 58796 37388 0 25376 155990 65583 26256 14728 69073 90862 211564 25376 14728 65583 180622 17824 104550 37388 81978 145265 37164 232108 142930 105441 230753 211564 90854 39206 26117 81978 222563 232108 0 230742 106711 195181 214004 0 155990 0
81978 137943 81978 137943 106711 0 154289 81978 181955 211520 0 69229 154289 95140 137943 14728 81978 0 94173 47230 211520 81978 137943 73737 103719 211564 138908 230711 13207 24133 125207 211564 177506 99560 45123 162911 75119 151115 142930 104441 0 0 14728 0 26706 166817 211564 100931 232108 203169 81978 0 211454 137943 151115 142930 94564 13123 26631 60209 19128 81978 137943 211520 0 103719 176039 175187 10255 211564 129782 140757 154289 81978 14728 137943 152082 155471 103925 176039 37164 13123 69229 154289 172640 181955 0 24053 211520 94173 149622 92143 47565 84851 94564 26631 38675 212110 204070 19128 212442 137943 136328 64144 0 110534 49324 94564 26631 47017 37388 182346 202407 19128 30308 0 42817 24133 152082 81322 14397 13207 22725 204070 19128 24158 0 14728 74505 94564 13123 80971 103993 81978 105890 211640 145268 203498 0 203498 49388
0 0 106711 14397 13837 13207 181955 24053 79769 103719 2602 103719 127460 15050 230742 166834 82148 154289 0 172640 181955 81978 14728 157248 145268 203501 54116 50970 0 214004 26117 155389 154289 211564 143422 63045 14728 223822 24133 154289 211564 122184 0 232108 211640 0 190568 63228 0 190997 154289 100453 14728 192565 197646 49658 211564 90017 82723 121947 55178 79278 66466 211564 122184 0 235012 212000 149622 26434 130952
171695 19748 154289 211564 172635 211564 171695 19748 154289 211564 172635 106711 0 123364 154289 69054 179266 154289 211564 171690 154289 172635 230742 106711 126612 103719 120927 103719 67411 158988 211564 19748 229078 72617 220575 18923 573 154289 211564 2594 51091 154289 158988 19128 94594 215203 154289 0 189840 232108 5791 189840 179481 79479 232548 14728 68599 179481 79479 151431
171695 19748 154289 115368 158980 211564 171695 19748 154289 115368 158980 106711 211564 0 123361 31473 154289 211564 115368 158980 171690 103719 158988 107266 229078 72617 220575 18923 573 154289 211564 51091 154289 211564 158988 211564 19748 94173 0 69054 136992 211834 17824 7038 178180 189840 232108 3051 189840 179481 79479 232548 14728 189840 79479 151431 211564 19748 0 44991 139919 154289 211564 171690 94900 0 37977 154289 139927 214004 183909 211564 223845 88542 59844
19471 60722 24247 211564 19471 60722 24247 0 106711 178092 60722 24247 72617 155337 3051 20929 2581 214004 0 67794 60722 154289 52931 103719 19469 211564 170203 154289 211564 19471 60722 24247 106711 0 0
186339 0 38615 186339 0 106711 47071 103719 186339 0 52947 38615 107266 106711 155389 154289 211564 130919 47024 103719 199016 38615 104913 70118 178090 67390 154289 127460 15050 107266 94173 168624 154289 0 186339 0 94173 99560 136233 47770 0 103719 211564 0 47770 47413 155337 58381 2807 1365 162859 230243 115718 103719 134087 193743
90017 154289 3244 211564 90017 154289 3244 0 43741 154289 211564 6238 229078 72617 103719 2592 214004 51701 211564 168944 154289 60721 52931 155337 105688 0 14728 60722 77552 107199 14728 214004 70982 211520 211640 105560 230243 0 179268 103719 148740 155337 105688 0 134604
0 0 106711 136237 0 215473 103719 0 72588 70687 107266 94173 7973 5305 104755 97138 171306 154289 230978 17824 69014 211564 0 181722 183969 105890 0
89263 0 89263 0 106711 215473 148448 211564 0 181722 103719 0 72588 70687
0 0 106711 215473 103719 72588 70687 148448 211564 0 181722
0 0 106711 215473 14728 47117 160552 155337 211564 0 181722 103719 72588 70687 103719 2747 211834 230243 1365 162859 126257 103719 0
0 0 106711 215473 148448 211564 0 181722 103719 204216 48341 204216 70687 103719 2747 211834 230243 0 162859 126257 103719 0
0 0 106711 199161 215473 103719 151901 235378 70687 7973 6209 162859 126209 211834
0 0 106711 215473 148448 211564 0 181722 103719 0 70687
0 93111 0 106711 215473 148448 211564 0 181722 103719 93111 70687
0 0 106711 215473 148448 211564 0 181722 103719 67924 55232 70687 103719 2747 211834 230243 0 162859 126257 103719 0
0 0 106711 215473 148448 211564 0 143583 103719 55232 70687 0 215473 52820
0 0 106711 215473 103719 0 55232 70687 0 106711 50773 37388 211564 0 181722 14728 211564 0 181722 103719 2747 211834 230243 3244 162859 126257 103719 0
0 0 106711 215473 103719 198989 55232 70687 50773 37388 211564 0 181722 211564 154868 215473 14728 0 79730 7973 92692 154289 211564 141226 32662 154289 0 26694 17007 2595 0 229078 103719 121355
178118 211564 232812 178118 39206 94564 191779 135972 225177 154423 107266 135976 198250 211520 106711 233190 64834 197529 211520 211834 106711 177394 233190 171226 154289 198250 107266 134939 79479 73831 26117 125993 154289 147158 107266 39206 13123 26117 222419 19128 224780 214004 178118 214004 233174 198250 64834 103719 14397 154354 178118 199447 32268 214004 178118 29953 133501 155990 58165 0 106711 211564 8830 154289 0 155990 26870 178120
0 0 106711 215473 155337 211564 0 181722 103719 55232 70687
0 0 106711 215473 148448 211564 0 181722 103719 52947 66459 70687 211834 106711 123311 211520 66466 211564 147439 229035 80931 193431 229078 0 154303 211564 48339 148448 0 211564 39927 163748 142071 229078 229107 0 211564 162859 81322 0 212409 107266 229078 163529 14728 216810 214004 19507 107266 174235 230711 212000 230243 220279 214004 220704 211564 142071 212000 19866 107266 229078 80931 200455 216646 229078 95534 155337 211564 26126 14728 211564 142071 229078 191044 214004 58165 14728 93349 212204 73582 106711 178779 103719 191779 198390 211564 126587 79419 209622 0 221179 222419 214004 0 232108 0 154289 230959 100534 211564 142071 211640 133935 106711 142071 38675 0 211564 142071 211564 183751 79419 209622 211564 0 183281 17824 117085 19128 211564 0
0 0 106711 215473 103719 200764 0 204216 70687 103719 2747 211834 230243 3051 162859 126257 103719 0
0 0 106711 215473 103719 151901 235378 70687 107266 106711 67390 154289 0 103719 2747 211834 230243 1365 162859 126257 103719 0
0 0 106711 215473 103719 60805 70687 148448 211564 0 181722 132560 162859 125207 0 230742 235471 39206 210179 37388 12554 211564 0 155337 212204 158779 187951 99821 89263 107266 106711
0 0 106711 215473 14728 47117 160552 155337 211564 0 181722 103719 198989 0 60805 70687 103719 2747 211834 230243 0 162859 126257 103719 0
0 0 106711 215473 103719 60805 70687 151901 154289 167249 0 106711 133257 215473 103719 230338 60805 70687 155337 211564 181560 0 709 162859 126209 211834 107266 229078 103719 74093 103719 211564 234772 0 230711 211564 7576 154289 0 229078 80153 37388 180765 15173 151148 211564 143422 75359 163529 81322 0 106711 195635 80456 65085 0 106711 155337 211564 67958 154289 0 155337 211564 0 181722 103719 211564 42544 154289 211564 215473 106711 26525 200532 18574 230742 17824 200764 0 46303 14728 211564 183800 154289 211564 7576 211564 215473 92751 14728 211564 0 133257 36147 26813 211564 215473 92751
45631 62410 45631 39206 177812 214004
0 14397 0 106711 219051 154289 0 167467 211564 232812 49534 81322 211564 14710 89307 14397 0 106711 167467 230742 106711 233190 103719 169597 154289 198250 155990 198226 187951 99821 232561 212000 17824 225177 154423 14397 0 231473 94564 211564 213769 0 214004 79274 37388 211564 147143 154289 211564 212105 155990 163529 211520 107266 60212 110079 0 233215 167467 0 214004 0 0 230243 233190 37388 211564 167493 154289 14710 89298 19128 230072 19128 37388 211564 182426 0 229078 160871 75359 79479 97782 0 14728 132560 70703 0 233190 42589 122199 230243 25239 155337 0 0 225097
149817 7586 149817 7586 106711 215473 148448 211564 0 181722 103719 0 60805 70687 103719 2747 211834 230243 3144 162859 126257 103719 149817 7586
0 0 106711 215473 148448 211564 0 181722 103719 96506 70687 103719 2798 16982 4082 162859 126212 211834
0 79382 51211 152959 211564 61567 154289 163529 106711 130085 154289 61621 115941 154289 79382 0 106711 211564 102279 211520 155471 211564 0 80147 103719 61621 79391 0 211640 223467 79479 211564 61567 211564 223467 154289 61567 39206 26117 38508 37388 9071 221873 211564 223470 154289 12554 0 154289 211564 104220 79382 107371 8412 214004 0 162859 155471 67456 214004 201492 95023 103719 84653 211564 210766 94173 148702 0
0 0 106711 215473 155337 211564 0 181722 103719 52212 221179 115973 107266 106711 195834 103719 211564 42544 154289 211564 52947 199052 154289 0 0 211564 148805 160556 17824 0 0 0 14728 0 103719 2747 211834 230243 930 162859 126257 103719 0 103719 211564 138926 10371 0 229078 155389 154289 211564 143422 103563 215490 103719 52212 14728 211564 195797 154289 141852 80153 37388 185459 0 211564 160552 46303 154289 0 229078 36156 103719 211564 1789 42593 14728 106711 211564 189950 121959 46303 103719 211564 52947 10196 0 41544
25670 154289 0 232608 211564 25670 154289 0 232608 229078 196936 25670 211520 214683 166386 103719 232891 228806 107266 93582 66466 211564 189950 160800 154289 211564 25670 154289 0 143422 154289 211564 25670 229078 80124 103719 14397 17827 147145 0 232608 148448 0 27010
0 0 106711 215473 148448 211564 0 181722 103719 151901 96506 96506 70687 103719 2747 211834 230243 1365 162859 126257 103719 0
0 0 106711 60758 130085 214004 179183 140488 100355 31473 160800 212000 17824 222419 37388 162859 230959 17824 140488 31473 160927 65941 214004 8347 95014 170762 0 155990 26870 32619 232141 211670 156422 0 230243 195275 165301 154289 232608 79479 73831 232643 123400 37164 152375 212000 17824 130085 154289 125112 134384 55486 21499 0 39206 95750 179984 0 214004 212397 232108 0 27236 211564 116932 0 7978 211564 116932 0 27236 211564 68979 14728 0 7978 211564 68979 0 211834 106711 202124 144135 179442 214004 26117 64211 26694 18949 125344 39206 81912 232108 211564 186152 0 19128 147963 0 19128 179758 132560 154289 211564 55486 21499 0 125344 17824 0 214004 199476 8882 155990 148622 103719 0 196115 211564 60758 148638 214004 26117 130085 214004 232840 125207 14397 0 26439 211564 229494 211564 0 143821 106711 225177 103563 103719 196115 211564 60758 79479 196115 106711 155471 222419 103719 196115 162859 222417 157248 0 230711 212000 17824 152082 196115 0 18438 39206 26117 60294 79479 47787 19128 230072 170677 0 223525 0 14397 0 225305 60294 199447 0 18288 232108 36156 103719 102041 165184 211520 94900 233011 222417 214004 47783 143679 73607 107266 13123 103929 25660 158577 14728 95086 161283 214004 113978 97782 0 228935 155160 0 156855 0 13123 92143 0 60300 199477 79479 200258 94900 222419 40103 77114 183958 30431 211520 198218 18005 86505 14397 9564 157787 147963 123400 215716 0 0 50990 154289 212475 130919 50021 0 14397 0 136053 14728 51429 206730 211564 0 106711 211564 160800 154289 211564 0 211520 0 214004 211564 222436 147963 31473 169807 77990 106711 74506 103563 214004 211564 81912 154289 211564 0 197529 219093 0 17824 207888 154289 161380 0 0 214004 70982 211564 77990 106711 102280 102493 107266 63743 152082 77990 52302 211564 0 52784 41747 191782 213705 56973 214004 211564 161380 211564 0 136053 106711 135976 154289 0 0 211564 0 103719 229494 211520 106711 32895 49546 14728 67447 79479 211564 222429 214004 51429 211564 0 136053 134939 232840 37388 210572 0 155990 73569 137472 37388 0 28439 211564 0 14728 211564 0 211564 51429 206730 223830 89272 81322 0 214004 0 198218 17824 51436 71077 37388 211564 222429 143498 94900 155990 192713 122967 214004 23490 155337 107266 103719 157248 40999 37989 17824 172477 214004 41747 0 214004 27362 103719 211564 60309 62317 214106 211564 143422 0 51429 206730 106711 211564 0 194779 212204 209758 106711 12798 79479 212409 0 214004 26117 60716
185209 0 185209 0 106711 215473 148448 211564 0 143583 103719 72588 70687
0 0 106711 215473 148448 211564 0 181722 103719 204216 70687 12974 232108 211564 148449 93036 154289 0 0 79797 211564 0 47117 160552
0 0 106711 215473 155337 211564 0 181722 103719 211564 52947 154289 204216 70687 107266 106711 0 215473 14728 94173 26126 0
0 0 106711 215473 155337 211564 0 181722 103719 204216 70687 0 106711 218900 232108 32895
0 0 106711 215473 148448 211564 0 181722 103719 204216 70687
0 0 106711 215473 148448 211564 0 181722 103719 0 63100 151778 70687
0 0 155990 0 13123 49749 38675 0 17824 0 203210 195181 214004 224369 103719 211564 14478 39226 230742 95750 232108 0 73475 229614 155471 199415 154289 0 155990 0 230711 212000 26486 0 155990 0 37164 0 17824 151816 160800 154289 211564 14640 14728 73658 94173 211949 203210 212000 8830 19128 0 211520 106711 130085 154289 49983 213705 211640 109942 106711 214004 10871 211564 161080 154289 0 0 17824 225177 49742 148458 212475 157515 154289 80175 9550 231473 94564 0 81322 213307 214004 213307 107266 106711 152082 117085 230638 41751 0 37164 63667 154423 199415 154289 191779 130919 74909 211949 74909 103922 46062 0 155990 0 195828 155337 211564 214219 79479 127053 213307 14728 0 66466 0 0 134939 13123 16796 26439 154289 200213 230711 198250 95140 106711 125066 9080 170245 106711 16900 155337 211564 17827 232548 17824 103719 57189 154289 94594 0 66466 169964 212204 13123 93585 65941 214004 104006 170245 81322 211564 22583 0 17824 142930 125217 232108 0 26439 211564 213705 26488 229623 198218 162859 17824 142930 125217 214004 85439 0 102493 157248 75344 136992 94564 211670 8412 214004 211640 0 156417 0 39206 26117 218938 219063 105679 14728 74426 105679 0 0 81322 105138 211564 16324 37164 105679 0 39206 13123 87301 64834 14728 193919 157685 211564 16324 103719 212204 40977 136179 170930 17824 208068 7973 0 206506 154289 105679 0 103922 0 30677 0 0 62474 36899 0 0 14728 0 161383 13123 0 154289 84653 0 230753 195828 76313 154289 0 14728 170170 154289 79587 31473 105138 211564 16324 105679 0 39206 155471 41747 0 30677 81322 211564 16324 230753 74426 0 17824 158883 74426 0 17824 126612 155337 211564 157685 154289 211564 16324 212000 127236 125207 0 0 37164 198253 105679 0 39206 13123 26486 74506 158883 212204 93585 26439 212000 60714 0 103719 211949 40999 0 0 153879 14728 107266 134939 94564 214004 26117 155732 158876 103719 211564 17827 18574 211564 16324 134939 26117 65941 214004 15713 62609 204070 19128 14478 0 14478 0 155990 0 0 17824 61155 37388 63660 226622 73819 154289 211564 16324 106711 222563 148625 211564 63660 134939 228767 214004 163134 0 73819 230742 231473 95750 60497 105679 0 0 0 155990 0 211564 226622 73819 222563 179398 199447 60758 38675 0 214004 26117 0 103719 211564 16324 211564 170787 106711 0 221297 15713 62609 106711 170179 216368 154289 0 39206 26117 64211 20119 98682 155990 103719 211564 99511 222563 211564 28289 155955 106711 214004 170349 85468 211670 212204 39206 26117 64211 37388 113982 211564 0 197795 14728 0 197529 212000 161076 67382 66466 0 0 39206 26117 130085 0 14728 121956 37388 104008 77114 0 212204 135976 67469 142930 81476 224314 14728 230964 88793 143422 162859 63539 152082 94564 70888 77114 103719 211640 61567 103719 204070 40977 77114 0 204070 19128 0 155990 0 39206 26117 154289 27416 107266 106711 13123 103563 214004 104005 78894 0 14728 130954 0 107266 106711 177324 214004 65385 195875 214004 68599 0 154289 229254 57919 214004 95750 113978 0 197795 98682 216368 134939 103922 0 0 0 0 14728 0 211834 17824 132560 219063 21499 79479 211564 216368 154289 0 37164 211834 106711 126136 73683 205286 211640 222417 196936 125054 0 17824 103563 230711 58120 232108 0 152082 0 66466 0 14728 87591 19128 198502 19128 211564 0 16807 17824 103563 135997 201494 8871 39206 95750 170349 0 14728 177705 229906 198253 0 39206 152082 26117 216361 20119 98682 155990 211564 161380 0 95750 63667 39206 216359 0 232108 154346 0 155990 103719 99511 191703 154346 216369 103922 103719 191782 40999 230711 98682 14728 154346 0 75029 205424 16954 39206 26117 50970 211834 17824 191779 205424 209737 222419 12554 154289 211670 17824 19830 232108 61621 50000 204070 19128 30677 104438 0 14478 0 0 0 72821 198218 154289 211564 0 106171 0 178865 211949 0 17824 49749 117085 19128 0 211834 17824 191779 223813 37164 103719 12554 154289 211670 211564 205418 231473 178867 211564 0 211564 170787 39206 26117 163140 214004 178867 74426 14728 121947 0 105679 0 0 106711 0 79479 26870 225177 0 212204 106711 65941 214004 199476 126616 230717 211564 170787 106711 163140 211564 14478 39226 51211 132560 149210 230742 39206 67382 26117 0 157248 205424 0 103922 0 0 0 0 170787 14728 0 18871 0 0 155990 0 0 0 106175 199447 60758 38675 0 230742 0 14728 0 211564 0 0 211564 0 231473 13123 0 0 213705 214004 30851 211564 30926 78817 214004 211564 178724 0 99838 0 170787 106711 19830 232108 89266 181447 154289 0 0 0 154289 0 18861 0 155990 0 94173 26631 177151 0 19128 185176 14728 178574 0 13207 214004 0 199447 0 60758 106711 16900 214004 102317 211564 18861 211520 205278 211564 0 211564 205418 231473 211699 231473 211564 0 211670 55709 211564 30926 205278 14728 170354 82092 170762 99838 211564 170787 106711 19830 232108 97138 0 176309
0 0 106711 215473 155337 211564 0 181722 103719 211564 52947 154289 0 70687
0 0 106711 215473 103719 0 70687 103719 2747 211834 230243 6062 162859 126257 103719 211564 215473 211564 215473 106711 148448 211564 0 181722 0 106711 14397 15173 215473 107266 14728 229078 191707 103719 211564 195890 42593 37388 211564 0 107266 229078 77879 117085 19128 0 0 211564 0 154289 0 162859
0 0 13123 117085 19128 0 103719 211564 221179 201367 106711 179515 92751 50988 154289 196606 174042 155990 71076 36147 170482 171687 196606 14728 179521 174042 79479 121947 152748 154289 162859 154423 103719 31264 188829 49069 155990 221236
15558 0 209463 15558 0 209463 154016 3244 2279 17007 3671 2482 229078 14397 13837 188807 14728 0 192713 229078 211564 77879 163529 214004 87301 157787 0 75263 103719 24991 232141 66755 192713 61448 212204 155337 96131 0 29957 154016 3244 2433
99380 78978 99380 78978 106711 219051 154289 105092 14728 136990 154289 211564 75344 0 156149 0 37164 142930 199477 17824 16352 136990 154289 211564 84918 0 211949 0 78538 19128 196936 19128 0 155990 19128 121947 19128 0 17824 198253 117085 19128 0 142311 211640 137954 155990 0 74584 136322 0 103719 211564 131400 14728 17824 191132 103719 211564 76506 0 78978 150177 134939 177812 68769 214004 211564 78978 0 92055 155990 214004 107433 0 230742 179461 0 0 214689
31076 145265 21842 211564 31076 145265 21847 17824 170179 37388 211564 31076 80149 14397 156296 214004 171165 211564 31076 145265 211564 31076 80149 201307 211564 21847 103719 2604 220575 211564 147143 0 21847 103719 2764 212000 230243 178894 31076 145265 21847 211564 31076 145265 21842 106711 155389 154289 211564 97151 99010 31076 145279 39206 85439 103719 211564 222374 125207 211564 0 211564 31076 145265 21842 106711 86509 103719 61621 41477 211564 0 17824 45828 37388 90017 154289 162859 230959 17824 50773 232108 31076 145265 67924 0 140505 152743 155389 67924 0 35964 91366 196141 58646 0 0 125234 67878 211564 31076 0 0 0 0 131385 131807 0 53916 35964 91366 196141 58646 0 0 35964 91366 35061 100550 177401 0 31076 0 177400 79479 140505 181722 217006 212564 211564 29965 154289 211564 31076 67210 177401 11797 49139 126209 20119 0 2631 0 0 231529 29205 74584 197074 0 0 29462 85917 0 0 0 209463 0 0 23657 109052 0 0 154289 31076 114348 0 124165 125014 78817 114348 0 0 212263 195275 88865 0 108345 31325 184061 115967 155389 115916 76020 0 209463 115967
0 0 106711 215473 148448 211564 0 143583 103719 0 70687 149657 191551 201394 94173 155686 155337 211564 143583 38675 0 191551 201394
0 0 106711 215473 14728 47117 160552 148448 211564 0 181722 103719 0 96506 70687 103719 2747 211834 230243 1795 162859 126257 103719 0
0 0 106711 215473 148448 211564 0 181722 103719 64584 70687 107266 106711 148448 211564 48339 20119 211564 230384 70392 154289 0 26126 103719 2764 230338 64584 63100 229078 147145 696 28289 166386 214004 126209 103719 211564 219891 211564 215473 106711 218900 232108 185459 80413
0 0 106711 215473 148448 211564 0 181722 103719 0 55232 70687
0 0 106711 215473 148448 211564 0 181722 103719 55232 70687
0 0 106711 215473 148448 211564 0 181722 103719 151901 235378 70687 211834 106711 145225 7973 108345 0
0 55232 0 106711 225963 14728 47117 160552 103719 67924 55232 70687 103719 2747 211834 230243 0 162859 126257 103719 0 107266 94173 46303 38675 12554 185468 46303 107266 106711 212475 139324 151901 154289 0
0 0 106711 215473 148448 211564 0 181722 103719 151901 235378 70687 103719 2747 211834 230243 0 162859 126257 103719 0
0 0 106711 215473 148448 0 103719 151901 235378 70687
0 0 106711 215473 155337 211564 0 181722 103719 55232 70687 0 229078 36156 155337 193454 14728 139901 37164 211949 94564 152375 58487
0 0 106711 215473 148448 211564 0 181722 103719 55232 70687 103719 211564 32662 154289 0 103719 2747 211834 230243 0 162859 126257 103719 0 215473 52820 229749
0 0 106711 215473 155337 211564 0 181722 103719 0 55232 70687 103719 2747 211834 230243 709 162859 126257 103719 0 211564 182426 36156 211564 79943 0 103719 0 230742 106711 152375 38675 0 18574 211564 234772 0 214004 95750 58737 211564 230384 70392 154289 0 228497
0 0 106711 215473 148448 211564 0 181722 103719 0 70687 103719 2747 211834 230243 1573 162859 126257 103719 0
0 0 106711 215473 14728 47117 160552 155337 211564 0 181722 14728 0 181722 103719 67390 0 0 70687 103719 2747 211834 230243 2195 162859 126257 103719 0 107266 106711 117085 79479 26870 0 230742 135976 211520 107266 154423 94173 97138 231727 212204 106711 65941 214004 107433 74333 168939 155337 211564 151901 189674 0 106711 117085 19128 211564 98682 154289 0 211681 160580
0 0 106711 215473 155337 211564 0 181722 103719 204216 70687 103719 2747 211834 230243 0 162859 126257 103719 0
0 0 106711 14397 154868 133257 215473 155337 0 148448 211564 0 181722 103719 230338 60805 70687 103719 2747 211834 230243 0 162859 126257 103719 0 0 106711 211564 102280 166386 214004 74300 0 232108 211564 97151 0 155337 0 234988 0 26870 193790 63007 81322 211564 215473
0 0 106711 215473 148448 211564 0 181722 103719 52212 70687 103719 2747 211834 230243 1256 162859 126257 103719 0 211564 160552 46303 106711 58594 214004 200764 133786 0 107266 229078 211564 79776 39768 154289 52212 0 106711 111067 157787 155389 139318 116867 230338 154289 211564 181560 0 230742 133306 211564 32497 28439 52212 14728 60805 14728 106711 154423 177831 214004 19128 211564 83934 214004 52212 211564 151829 183830 154289 52212 36156 41262 96237 230742 106711 152375 103719 183800 221763 211564 67289 2652 42593 107266 229078 211564 52947 215473 154289 52212
0 0 106711 215473 155337 211564 0 181722 103719 52212 70687 103719 2747 211834 230243 0 162859 126257 103719 0 211564 215473 106711 195834 155337 211564 198989 24247 154289 211564 181560 38957 77019 139324 104913 81322 211564 151901 48339 154289 52212 107266 106711 230072 117085 79479 211564 181722 34581 8816 211564 181560 230742 229078 36156 214004 179183 211564 57195 79539 103719 211564 138926 10371
0 0 106711 215473 148448 211564 0 181722 103719 52212 70687 103719 2747 211834 230243 0 162859 126257 103719 0 211564 160552 46303 106711 58594 214004 200764 133651 14728 0 175349 201394 106711 155337 211564 175349 125542 81322 167249 214004 0
0 0 106711 215473 155337 211564 0 181722 103719 52212 70687 103719 2747 211834 230243 0 162859 126257 103719 0
0 0 135966 143777 154289 211564 181560 0 106711 215473 155337 211564 198989 48339 154289 52212 211564 0 181722 125683 0 232108 151901 60805 103719 2747 211834 230243 2729 162859 126257 103719 0 0 93671 106711 121947 147963 93671 14728 0 181740 17824 148449 211564 143924 79479 0 106711 186995 149817 0 211564 188807 211834 106711 0 188807
58113 58113 106711 215473 155337 211564 0 181722 103719 114377 70687 103719 2747 211834 230243 2729 162859 126257 103719 58113
0 0 106711 215473 148448 211564 0 181722 103719 0 70687 103719 2747 211834 230243 0 162859 126257 103719 0
0 0 106711 215473 148448 211564 0 143583 103719 0 70687 103719 2747 211834 230243 3340 162859 126257 103719 0
0 0 106711 215473 148448 211564 0 143583 103719 121355 70687 103719 2747 211834 230243 4209 162859 126257 103719 0
0 0 106711 215473 148448 211564 0 181722 103719 60805 70687 103719 2747 211834 230243 0 162859 126257 103719 0
0 0 106711 215473 155337 211564 0 181722 103719 60805 70687 103719 2747 211834 230243 4015 162859 126257 103719 0
198989 0 198989 0 106711 215473 148448 211564 0 181722 103719 151901 60805 60805 70687 103719 2747 211834 230243 0 162859 126257 103719 198989 0
0 0 106711 215473 148448 211564 0 181722 103719 204216 70687 103719 2747 211834 230243 1365 162859 126257 103719 0
0 0 106711 215473 105138 211564 0 143583 103719 114377 70687 103719 2747 211834 230243 2729 162859 126257 103719 0
0 0 106711 215473 148448 211564 0 143583 103719 114377 198989 67390 70687 103719 2747 211834 230243 2195 162859 126257 103719 0
0 133257 0 133257 106711 215473 14728 47117 160552 103719 138908 204216 204216 70687 103719 2747 211834 230243 0 162859 126257 103719 0 133257 211564 215473 106711 148448 211564 0 181722
0 0 106711 215473 148448 211564 0 181722 14728 152022 103719 151778 70687 103719 2747 211834 230243 930 162859 126257 103719 0
0 0 106711 215473 14728 47117 160552 148448 211564 0 181722 103719 0 70687 103719 2804 211834 230243 1573 162859 126257 103719 0 211834 106711 215785 201394 211520 87519 214004 127034 211564 126587 221982 188807 106711 38675 0 221982 188807 157248 75359 162859 211520 94564 126212 103719 0 17824 0 180532 14728 57091 0 211564 215473 94173 127528 154289 0 14728 92485 0 0 94173 160552 46303 14728 211564 157248 46304 17824 103719 0 46304 214176 0 94173 174983 201394 0 0
0 80014 0 80014 106711 97871 85077 215473 103719 64584 70687 103719 2747 211834 230243 0 162859 126257 103719 0 80014 211834 106711 46303 103719 211564 42544 154289 211564 215473 107266 106711 155337 211564 181560 0 211834 17824 212475 170487 188829 0 170487 188807 0 170487 14728 0 200764 133786 211834 106711 13123 189955 188807 38675 211564 0 188807 211834 106711 121947 230072 117085 0 92751 14728 0 230959 13123 158183 211564 54471 99577 211834 106711 0 42544 230742 94173 0 168465 14728 45105 229254 196668 0 14728 201534 182630 17824 149841 214004 211564 168465 211834 106711 13123 81839 0 0 14728 0 211564 75359 15619 201534 75053 106711 95534 148449 103719 0 0 14728 0 80014 106711 99534 214004 211564 181955 76926 73650 234772 38675 209801 182022 230742 106711 0 73582 214004 175429 141962 79479 39284 21849 15621 211834 106711 85077 0 103719 211564 215473 42544 14728 13123 0 76926 211564 0 40526 106711 230072 117085 42270 154289 211564 126587 49799
0 0 106711 211564 52947 215473 154289 64584 70687 103719 2747 211834 230243 1795 162859 126257 103719 0
0 0 106711 215473 103719 211564 67390 180933 154289 235378 70687 103719 2747 211834 230243 0 162859 126257 103719 0
0 0 106711 215473 103719 27906 70687 103719 2747 211834 230243 5055 162859 126257 103719 0
0 0 106711 215473 103719 151901 235378 70687 103719 2747 1365 162859 126212 103719 0
0 0 106711 215473 103719 55232 70687 103719 2747 211834 230243 0 162859 126257 103719 0 107266 106711 126612 148448 211564 0 181722
0 0 106711 215473 148448 211564 0 181722 103719 151778 70687 103719 2747 211834 230243 0 162859 126257 103719 0
0 0 106711 215473 148448 211564 0 143583 103719 0 70687 103719 2747 211834 230243 3051 162859 126257 103719 0
0 0 106711 215473 155337 211564 0 181722 103719 211564 67390 180933 154289 235378 70687 103719 2747 211834 230243 0 162859 126257 103719 0
0 0 106711 215473 148448 211564 0 181722 103719 96506 70687 103719 2747 211834 230243 0 126257 103719 0
0 0 106711 215473 103719 0 70687 107266 106711 214004 211564 230338 154289 139600 114760 14728 214004 211564 151901 154289 0 103719 2747 709 162859 230243 126257 103719 0
0 0 106711 215473 148448 211564 0 181722 103719 0 63100 151778 70687 103719 2747 211834 230243 0 162859 126257 103719 0
74558 204216 74558 106711 215473 103719 204216 70687 103719 2747 211564 215473 92143 168624 154289 1 162859 74558 106711 126612 148448 211564 0 181722 74558 106711 218900 232108
0 0 106711 196936 133257 215473 103719 151901 0 70687 103719 2747 107266 229078 193952 211520 211564 168624 154289 0 229078 0 103719 0 99726
133257 0 133257 0 106711 215473 14728 47117 160552 103719 230338 0 0 70687 103719 2747 211834 230243 3145 162859 126257 103719 133257 0
0 0 106711 215473 14728 47117 160552 103719 230338 0 0 70687 103719 2747 211834 230243 1795 162859 126257 103719 0
0 0 106711 225963 103719 89266 131896 70687 0 94173 124760
0 0 106711 121947 215473 103719 72588 70687 0 229078 177396 214004 94564 168624 154289 0 103719 2507 107266 229078 211699 74170 230711 107266 26434 149657 215473 103719 211564 122184 2534 107266 152375 94173 168624 154289 157787 390
0 0 106711 215473 103719 72588 70687 148448 0 0 94173 175349 201394
0 0 106711 215473 148448 211564 0 181722 103719 96506 70687 211834 106711 191551 201394 155337 211564 0 38675 0 191551 201394
0 0 106711 215473 155337 211564 0 181722 103719 93111 70687 0 94173 99511
0 211564 0 155990 0 0 106711 155389 154289 211564 68599 63254 211564 67320 205399 211564 0 106711 37388 75509 211564 121959 0 107266 103929 211564 210886 0 154289 73312 19469 151901 154289 211564 0 0 151938 10129 14728 211564 151938 14728 42521 160927 154289 211564 17171 162620 211564 0 0 103929 143430 0 14728 210304 47770 0 230742 183909 8816 73252 81322 230384 73312 214004 211564 0 202699 211564 0 14728 210304 73262 178090 106711 211564 0 121959 0 178090 230742 0 81322 0 103719 211564 151938 176794 154289 184115 14728 188118 214004 211564 224049 0 211564 0 0 79649 230742 183909 8816 211564 51297 198989 154289 211564 0 17824 27250 154289 210304 0 14728 140760 79649 14728 210304 0 79649 212204 224049 73262 178090 94173 132560 192515 166578 14728 15324 199473 14728 132560 195182 232108 211564 210304 14728 0 178112 154289 211564 0 154289 151901 13835 73252 14728 151901 13835 230243 154423 50773 37388 211564 0 121387 34581 14728 94564 225177 195181 131760 14728 29834 75962 232108 132560 0 199473 94594 143807 105890 151901 13835 14728 77021 151901 13837 199473 94594 143807 105890 73252 132560 0 50963 211564 0 14728 0 214004 26117 195440 0 0 211564 0 14728 0 13123 192509 132560 166578 199473 211564 121510 0 211564 136233 189674 103719 199016 73312 151901 10129 14728 230384 19469 17824 98682 214004 211564 136233 25330 0 230742 214176 0 232891 121959 14728 143422 63213 136233 47770 178090 154289 211564 232891 232108 84677 139305 175419 231914 14728 99560 65656 204647 211564 136233 25330 0 154289 79649 0 14728 0 17824 98682 214004 1163 70418 199473 50937 105688 94173 60288 211564 136233 25330 19128 155389 154289 211564 232891 0 0 89263 27250 154289 60256 103931 211564 185331 60244 14728 17171 60244 191135 211564 0 14728 0 0 211949 60244 0 17824 103925 103719 211564 0 0 157248 0 102317 211564 0 33142 19128 211564 216022 237304 28439 211564 60244 0 14728 211564 136233 25330 0 214004 211564 151901 212204 233011 166386 211564 60256 103719 211564 0 230753 157251 166386 211564 33142 212564 211564 138926 154289 211564 60244 211564 41696 143689 230742 183909 28439 211564 30308 189674 14728 211564 41059 189674 17824 160871 180765 140757 154289 0 0 14728 140760 79649 14728 103922 198218 210304 175361 79636 42521 19469 14728 211564 106434 166686 17824 98682 214004 65656 0 89072 14728 60244 0 232108 0 79649 0 14728 89072 103719 211564 178090 97138 143689 14728 0 211564 138926 13253 0 154289 211564 0 28439 7973 2731 79730 211564 33142 28439 211564 0 14728 0 0 45210 117893 14728 108586 17824 142930 100421 14728 210304 211454 9281 194390 14728 42521 19469 14728 17824 98682 214004 180765 210304 0 0 14728 140760 79649 211949 17824 152375 143430 125379 214004 143688 17831 19128 211564 0 168622 0 14728 181560 0 94564 26631 51515 214004 0 10599 14728 222122 222417 67390 19469 229078 152082 144135 10000 37388 0 103719 211564 102041 10371 14728 179808 6932 162993 154289 0 216402 84649 230753 73312 179808 155471 3530 162993
0 211564 0 0 177835 214004 211564 92054 80147 212566 211564 151938 51303 154289 211564 232891 19128 230964 212204 178090 106711 63247 105890 211564 0 14728 211564 0 211564 0 106711 151938 10129 14728 12554 154289 73252 232108 211564 73882 154289 199004 19469 14728 211564 104135 203642 211564 0 106711 151901 13835 151901 154289 199016 138343 211949 17824 82092 203663 105890 223834 154289 0 132560 67817 14728 211564 15324 14728 166578 49798 211520 59854 155337 211670 17824 80147 8816 144639 51303 103719 121947 168834 154289 212204 0 211564 0 154289 211949 67817 179765 81322 211564 192515 0 97888 154289 212204 0 13123 66466 0 163230 131760 75962 229078 7906 214004 54321 81322 19469 214004 151901 13835 225411 211564 0 202699
0 0 106711 215473 103719 104132 107266 106711 103719 211564 0 0 63100 154289 0 201354 107266 106711 4322 116867 21857 81322 211564 63100 94961 0 162859 211834 199415 0 0 14728 0
0 211564 0 106711 155389 154289 211564 67320 68599 0 211564 237304 229078 79777 117085 19128 211564 0 237304 211564 237304 103929 10129 198989 154289 211564 185331 211564 199016 14728 67411 160927 154289 211564 17171 162620 211564 106956 154289 130036 199016 106429 74505 199054 158988 14728 211564 106965 154289 211564 230384 104135 153881 12927 12554 212204 121387 229078 160800 154289 211564 14710 199016 205000 154289 87873 230742 201307 214004 34131 221873 1574 139506 234783 10531 26439 10129 106711 225177 121947 51297 14728 183969 151901 0 211564 71608 211564 237304 94173 132560 61621 47771 14728 92054 143422 154289 211564 0 94173 217345 47770 34921 27250 154289 60256 191132 211564 0 81322 211564 0 0 230742 103929 151938 10129 14728 210304 73252 198989 154289 211564 185331 218938 27265 154289 217345 14728 203974 89072 0 14728 0 183909 67390 14728 230338 8816 211564 51297 81322 211564 20368 153881 214004 211564 0 97160 103292 198989 154289 211564 185331 124978 211564 0 27250 0 237304 154289 190724 193790 0 14728 0 0 175384 104007 82092 198989 103719 211564 204113 27250 154289 208094 89072 14728 0 211564 0 0 106711 98682 214004 218938 89263 78655 89072 14728 0 211564 0 0 103719 211564 204113 14728 211564 150376 104913 59284 103719 131457 198989 17170 143430 234887 14728 160927 154289 230384 155193 14728 199052 187573 17170 94173 77019 163315 79649 157256 0 0 211564 121387 14728 17824 225177 196936 0 155990 0 79649 27250 154289 0 217345 141508 0 79649 183969 8816 143422 154289 0 10129 211564 121959 217345 79636 237304 103719 10129 17824 211564 79649 154289 211564 50650 25330 103719 42521 10129 27250 154289 217345 141508 0 79636 13123 183969 12974 211564 104135 153881 48339 81322 199016 198184 214004 198989 10129 211564 89263 0 223381 86516 67390 10129 107433 221149 140757 154289 58646 121029 97160 227153 14728 0 0 0 89072 14728 60244 130036 14728 148796 106965 79730 63045 203588 154289 211564 0 232108 152767 70418 0 125207 211564 0 130036 14728 211564 0 17824 152082 160800 154289 10129 14728 211520 74267 231016 211564 9558 170490 154289 10129 142075 16557 17824 152082 80147 103719 130036 212204 106711 26439 130036 94173 152082 26631 50773 214004 10129 195338 211564 34131 154289 87873 0 17824 80147 0 142930 155990 124118 211564 186152 67779 0 19128 142075 63539 103719 10129 157248 104135 153881 106965 125207 211564 0 14728 0 106965 17824 227147 106965 211520 79769 142930 177151 130036 51211 191779 103563 0 107433 0 14728 152748 154289 221149 199473 106711 97138
235368 52691 235368 52691 229078 211564 98682 154289 115967 85064 14728 174133 133786 230711 212000 230243 66047 14728 65869 154289 235368 107266 106711 55486 222419 19128 211564 72652 154346 79479 0 99710 198218 154289 211564 36146 106711 13123 222419 19128 78320 79479 72652 70137 14728 98475 0 115967 85064 14728 97782 231238 174133 133786 126212 103719 211564 99710 10196 211640 133501 103719 2401
0 0 106711 215473 103719 230338 205632 70687 103719 2747 211834 230243 0 162859 126257 103719 0
149685 149685 106711 215473 148448 0 103719 0 70687 107266 106711 160800 154289 211564 0 14397 17827 154289 211564 230338 138984 230742 229078 103563 103719 211564 104297 180203 103719 211564 2747 42444 211564 215473 92143 168624 154289 6095 149685 229078 45828 79479 211564 39179 154289 221237 49066 154289 151901 0 72617 103719 2547 218938 139324 81322 211564 215473 42544 107266 229078 88971 81807 221237 201447 19128 0 221237 103719 2575 107433 136179 188807 106711 25239 103719 211564 90007 154289 211564 221237 99511 154289 151901 0 20119 0 103719 0 7973 139318 81322 211564 42544 154289 149685 149685 13123 94173 47071 49066 38675 149685 49066 96945
79943 0 205506 79943 0 106711 52932 99710 155337 194062 97329 103719 231735 89263 160580 70687 225177 148448 0 27906 37164 8901 157787 211564 32497 103719 211564 32662 154289 0 103719 205506 107266 106711 79776 183361 179515 81322 0 214004 2598 14728 106711 143422 75359 79479 26870 211564 98682 154289 115967 68156 225849 79943 0 106711 202124 158184 37388 211564 54471 14728 106711 152375 153867 37388 170677 0 39216 37088 0 230461 14728 97782 231238 0 230461 211564 79776 125000 154289 155521 79943 0 229078 36156 0 79479 170548 231512 20948 66047 154289 0 235494 198311 154289 85064 102710 14728 174133 40570 75359 79479 97782 182302 103719 211564 25670 154289 0 107266 229078 20119 77879 137472 0 36146 36156 19128 18807 105240 154289 94594 0 169512 172831 107266 229078 222419 19128 204636 14728 191764 52926 52784 26117 190178 19128 152375 81322 211564 214756 154289 211564 0 215459 211564 216655 0 203208 229078 191644 103719 59727 166593 154289 216423 14728 0 226394 229254 131807 31473 154289 229254 51121 37388 212263 14728 161567 0 20119 211564 179387 154289 211564 66047 195635 109070 0 230959 229078 179661 79479 211564 0 154289 231735 41262 220575 85064 107516 0 211564 99710 103719 2259 79479 222417 19128 100585 0 0 103925 14397 0 182630 103719 211564 151901 194518 230717 211564 115967 178186 92143 62079 211564 149657 232840 103925 211564 74404 154289 211564 139389 16797 154289 211564 99710 212407 107266 149622 92143 16352 139389 222417 191644 154289 3942 91117 41135 0 37388 211564 77879 134191 80154 20119 211564 183361 0 122199 211564 183361 18763 0 230243 222419 214004 77761 0 221763 2445 154423 79479 174133 225577 230959 229078 80967 226588 211564 0 0 232108 211564 40275 154289 211564 91117 126212 103719 0 52691 50773 214004 211564 130919 99710 37388 14397 0 122199 211564 171272 229078 222419 37388 223834 154289 183368 155990 211640 191534 103719 2459 211564 154868 36146 229078 51515 105890 179515 14728 229078 222419 37388 170548 18909 66047 154289 0 14728 0 211564 79943 94173 0 211564 183800 103719 211564 90007 39206 26117 190178 81322 211564 193772 154289 226394 229254 14728 17824 160800 154289 14397 14710 210326 35272 81322 0 0 148448 0 211564 183800 17824 126612 28439 211564 198989 193772 14728 0 181722 47948 214004 211564 110888 232108 211564 0 127034 181722 14728 0 65407 103719 2497 211564 36146 26434 0 14728 229078 86509 214004 170548 68156 211564 170548 154289 228448 37388 97782 75861 115967 85064 212204 26434 211564 170548 44991 179515 14728 229078 222419 74409 37388 211564 170548 79479 0 14728 19128 52932 179923 230711 94900 26434 115967 103719 2519 68156 51319 214004 222417 211564 79943 73569 212407 94900 152375 92143 144135 231122 45625 154289 0 214004 126209 103719 211564 170548 154289 228448 229078 179520 2501 66466 97782 0 74408 0 214004 211564 105603 229078 40720 157515 105603 0 96311 0 230959 92143 58532 211564 98682 154289 211564 170548 82202 231238 0 195278 232851 155337 211564 79943 0 103719 2517 211564 79943 26434 211564 191703 154289 211564 0 54038 66466 2519 230711 68156 0 211564 212552 79278 211564 34867 14728 0 88547 155885 214004 97782 133501 214004 0 195278 68156 95534 97782 77539 136327 232108 34867 170497 139919 201148 23572 14728 194796 211564 105296 154289 0 0 37388 97782 35259 20119 211564 79943 66466 232891 228806 102710 211564 79943 229078 222419 37388 211564 154346 154289 211564 0 154289 54471 121510 230742 92143 26631 73472 81322 211640 42521 127034 154353 10196 211564 228806 211564 99710 201493 70173 211564 0 85138 0 235494 198311 154289 133786 211564 170555 183361 57780 154289 115967 85064 229078 211564 0 2564 155337 7038 234772 0 94900 179724 211564 83558 14728 9054 206164 168465 14728 210517 53054 103719 2598 211564 0 154289 65789 143807 103719 142930 177151 211564 99710 94173 26631 98682 214004 0 230461 211564 39216 158185 154289 0 0 14728 231007 231238 0 229078 125000 88549 154289 155521 2637 211564 54471 72652 0 178719 211564 158186 154289 211564 0 19128 211564 171272 106711 202124 160800 154289 211564 89263 160580
0 60002 0 106711 215473 155337 211564 0 181722 103719 60002 70687 103719 2747 211834 230243 0 162859 126257 103719 0 0 86516 107433 147143 214004 211564 122855 25239 139780 147145 0
0 0 106711 225963 103719 104132 107266 106711 103719 0 63100 154289 0 201354 107266 106711 148448 0 215473
0 0 211564 0 0 106711 219051 154289 0 107266 94173 0 234862 0 64834 107433 0 30308 192863 107266 126243 103719 199016 14728 0 160927 154289 130036 107266 39206 201492 12488 221873 214004 7973 5055 234783 103719 211564 231379 14728 7973 390 234783 103719 39949 211564 0 0 94173 30308 161283 155337 107433 94901 107433 0 123400 17824 234862 107433 192863 106711 107433 143422 103620 76211 211564 192863 106711 30308 14728 0 232108 161515 154289 234862 203094 155337 107266 211564 0 0 39206 229902 221873 214004 4208 0 211564 0 0 125224 214004 222417 211564 186152 79382 198954 132560 213330 26694 45745 149657 155389 212000 67456 190142 81461 0 166611 14728 194062 212000 85439 211640 229254 81322 229254 168474 155337 182022 107266 106711 225177 99560 197529 212000 94564 214004 201492 0
0 0 106711 215473 148448 211564 0 181722 14728 0 103719 0 70687 103719 2747 211834 230243 930 162859 126257 103719 0
0 0 106711 215473 148448 211564 0 181722 103719 121355 70687 103719 2747 211834 230243 1365 162859 126257 103719 0
0 0 211564 0 237304 106711 14397 67779 178090 230742 0 211564 84990 178090 154289 0 211520 135976 21178 149657 90818 14728 148805 106965 211564 151938 33142 106711 211564 228502 125542 211564 0 103929 21178 211564 106956 154289 149657 90818 103931 160077 149657 90818 14728 211564 104250 171690 154289 160077 211564 196938 106965 103922 211564 67411 160800 154289 211564 104250 17648 103931 211564 106956 154289 0 211564 0 106965 211564 104250 171691 154289 0 14728 151901 0 14728 106965 154289 0 0 0 0 14728 213385 154423 117085 19128 211564 124132 0 211564 0 0 13123 103929 191779 158552 106956 90031 103931 211564 30057 17648 0 211564 198111 106965 14728 149657 0 149657 236481 14728 107433 205516 106965 17824 63045 203588 154289 211564 0 0 211564 179678 154289 104249 106711 160800 154289 211564 0 0 211564 0 51298 166684 229078 155357 20524 214004 15831 19128 160800 154289 211564 87873 205000 211564 0 154289 107433 78690 14728 75962 106711 65941 214004 107433 127053 191137 81322 211564 179678 154289 211564 232891 16505 81322 198218 29856 14728 221763 177149 0 37388 131807 211564 147910 125014 92143 26631 0 37388 0 211564 0 94173 211564 155471 218938 126257 0 14728 94173 151115 147910 0 131770 12927 12554 107433 147910 131770 73879 211564 218938 0 17824 0 211564 0 178725 154289 21179 0 131770 201307 81322 211564 0 230711 21178 143807 47953 214004 104249 10196 1573 139506 234783 10531 145728 25626 16801 103719 211564 80054 177394 14728 10196 389 145728 182086 61448 14728 145728 176407 18707 212204 104587 106711 25239 155337 211564 80054 177394 191779 212420 234783 10531 131807 35272 211564 0 14728 2730 234783 10531 132560 142930 199473 212204 104587 16901 214004 21178 211564 75962 154289 149657 236481 14728 211564 158552 106965 193961 61621 161515 211834 211564 0 81322 211564 0 0 143430 61448 152082 18706 12278 184108 228502 80147 211564 63254 125542 28439 211564 0 0 14728 211564 179678 154289 211564 232891 107266 183969 28439 211564 106965 154289 0 0 14728 23613 0
63755 154289 78228 63755 154289 78228 229078 233190 103719 2354 37388 70703 21257 133074 127633 58065 120370 0 107266 106711 7973 63755 147145 0 230959 70555 221873 126257 232108 14397 18972 147145 0 14728 97782 88887 0 0 191779 143835 14728 218757 191406 94564 26631 130085 25239 155337 212204 32268 14098 211670 17824
0 0 81322 89307 0 214004 0 157787 106711 79730 154289 0 155990 104515 154289 211564 0 211564 0 106711 211564 157561 122715 154289 211564 196141 0 106711 196141 62609 211520 131156 235518 196141 177506 14728 26486 0 0 39206 122153 79479 143422 154289 163529 125014 211564 163529 196141 134939 201304 214004 75233 154303 211564 163529 134939 85439 0 14728 196141 134939 0 78894 125896 231473 49502 157515 81322 211564 17827 102493 163529 94173 0 211564 163529 196141 139097 0 14728 218527 125112 49285 103719 211564 17827 0 106711 49742 155337 211564 0 154289 0 107266 106711 13123 143422 49742 66466 211564 231897 211834 17824 212475 61621 115941 154289 0 0 51182 0 14728 0 151115 115916 154289 0 106711 0 102493 163529 178575 94564 0 211520 163529 106711 142930 125217 214004 94564 107266 214672 198218 79391 155990 136196 39206 201304 0 211834 17824 136196 211520 39206 95750 0 100694 124118 0 39206 26117 216361 232108 0 14728 0 0 232108 99560 229254 231473 131133 0 0 232956
110079 0 110079 0 134939 3598 2461 58381 2620 229078 14397 13837 8887 14728 195421 110079 0 26706 97782 40279 166817 196936 182302 103719 211564 231512 0 143826 0 2519 103719 2522 94900 88365 182302 103719 211564 49519 49066 206183 62311 37388 0 228606 94900 16801 155337 34961 81322 2517 214004 2525 97782 77879 201290 182302 229078 166817 33393 201986 148900 103719 115465 0 2525 62311 37388 85064 14353 110079 0 232840 232108 175887 189325 14728 0 0 103719 211564 228806 143826 214004 211564 193782 154289 0 2538 62311 37388 35356 0 103719 2543 94900 88365 211564 182302 48270 103719 140120 155337 0 202913 2544 62311 37388 85064 0 15713 89263 143826 201290 0 229078 112589 47071 0 2555 62311 37388 164393 0 103719 212204 143826 0 166834 14397 73789 217624 214004 26486 160800 154289 197680 230959 162859 212116 0 132560 0 39982 94900 94173 13123 26631 178180 163142 103719 0 143835 68889 0 2547 211564 67210 14728 211564 94631 2551 14728 161080 230338 2553 62311 37388 124462 80079 211564 0 2557 62311 37388 68156 128204 195066 0 2560 62311 37388 12574 0 0 105890 0 2560 62311 37388 109366 0 186757 76163 161080 2562 62311 37388 231512 0 211564 181722 214004 59772 2562 62311 37388 110351 112450 210507 160915 2562 230717 94900 232851 232108 182532 176849 62311 37388 12574 0 14728 177027 103719 215473 2564 37388 12278 0 110079 0 13123 92143 204024 103719 210151 94900 229078 211564 201206 154289 230384 211564 0 91026 107266 229078 210151 191406 34926 155337 148319 28439 2565 14728 2567 0 201289 19128 0 0 127044 53235 14728 79776 50491 197978 94900 13123 130085 16799 103719 0 89532 211577 2565 211564 61380 169350 193919 2575 211564 147143 154289 211564 83155 2584 0 2589 0 52947 2592 14728 0 2597
0 0 0 0 106711 230711 86591 0 105890 211564 194518 154289 223381 14728 107266 172492 181955 21857
0 0 0 0 106711 225963 14728 47117 160552 155337 211564 0 181722 14728 201304 25844 198989 154289 0 103719 198989 0 60805 70687 103719 2747 211834 230243 0 162859 126257 103719 0 0 0 0 94173 124760 14728 170487 188807
15713 163104 57919 15713 163104 57919 106711 211564 195890 11886 37388 211564 34867 95140 137943 24053 0 211564 11886 229078 178602 103719 2610 14728 176792 152743 2729 103719 211564 219891 43999
125993 154289 39768 47024 37388 13253 212204 106711 125993 154289 147865 39786 175973 37388 13253 211564 13253 154289 211564 47024 10009 211564 162859 14728 36147 154289 211564 166386 103719 132560 40999 211564 48905 47770 103719 231897 135976 160868 203498 154289 99710 232108 95111 14728 61621 125054 106711 148625 214004 77990 214004 211564 229667 211564 77879 52932 103719 212204 125993 31859 106711 52932 232108 132560 39786 0 51092 39768 14728 120370 0 189830 154289 88542 102493 229614 50963 120370 0 19128 211564 147865 39768 211699 31859 231473 26117 175973 19128 152743 103719 211564 125993 37164 102493 235471 50963 0 211699 211564 39768 154289 67863 174512 231473 26117 211564 97151 147865 39768
0 0 106711 225963 14728 47117 160552 103719 204216 48341 204216 70687 103719 2747 211834 0 0 162859 126257 103719 0 0 94173 46303 38675 200764 133786
149685 229326 151938 210930 149685 229326 106711 196936 191708 148448 211564 203295 97197 103719 211564 151938 210930 107266 106711 0 116867 151901 154289 12385 200362 14728 0 116867 198989 154289 57609 107266 106711 105138 149685 229326 201394 121947 41659 201394 232108 157787 4798 94901 154289 41659 211564 201394 53201 389 200532 115804 211564 148455 0 201394 14728 0 106711 80147 3144 115807 1365 139324 198989 20119 69501 149685 229326 229078 147145 37388 211564 74302 110079 0 203295 103719 2329 94900 147145 107266 10196 211564 66047 154289 149685 211564 0 203295 62562 106711 152375 38675 211564 0 98463 230711 211564 21179 0 210049 125542 229078 36156 178593 201394 229078 36156 20119 149685 229326 103719 2350 211564 41659 201394 229078 191644 221873 103719 2374 103719 2501 211564 88542 191644 19482 14397 17827 154289 211564 201394 79479 215473 195797 107266 229078 14397 103563 202463 79479 143844 41659 0 212564 211564 151938 210930 99838 103719 211564 2571 19128 41659 230243 143807 37388 217487 211564 215473 229078 7509 211564 36147 103719 211564 215473 17824 152375 103719 168494 50394
0 0 106711 211564 171695 39768 154289 67390 0 0 171690 103719 199004 104249 211564 47071 106711 103719 230338 213385 155337 211564 106956 154289 213385 14728 92143 168624 72708 103719 2804 20119 4799 107266 106711 205514 37388 37164 106711 191132 81322 211564 0 154289 0 230742 92143 168624 72708 103719 2772 20119 0 107266 106711 211564 29231 47071 14728 168759 155337 211564 106956 154289 213385 0 67806 106711 130939 25239 155337 107433 42369 104318 14728 211564 74323 14728 0 154289 87994 81322 107433 37160 168759 211564 11141 154289 0 68889 0 0 0 106711 16982 116867 81322 211564 47071 42473 214004 211564 67390 19128 39768 154289 67390 0 0 211564 216118 14728 9359 125683 81322 0 232108 107056 106965 17824 74408 211564 126616 229078 14397 103563 168759 14728 215713 167572 66466 211564 168885 14728 66558 49246 0 211834 17824 183800 14728 178840 194833 154289 211564 49246 170170 103719 211564 47071 211564 47071 229078 14397 103563 121456 14728 0 166386 79479 67289 127053 63007 11138 78548 28439 73312 14728 21178 103719 211564 67289 218851 42593 107266 229078 14397 103563 126616 66466 211564 50568 103719 67390 213385 79479 211564 104250 139389 19128 230072 19128 211564 0 211564 39165 18574 0 230243 13123 154289 194807 103397 155337 211564 47071 103719 2575 211564 221237 154289 0 0 229078 72617 14728 211564 47071 26434 103563 32895 103719 211564 77235 154289 68126 14728 13123 0 103719 2582 211564 47071 229078 130085 211564 189830 154289 211564 62125 154289 0 103719 2620 211564 62125 229078 69274 214004 26486 211564 0 154289 0 0 229078 211564 77539 60431 154289 231512 0 230959 229078 191644 0 103719 14397 155678 31287 66466 211564 0 155337 211564 0 2161 211564 0 155337 211564 0 214683 166386 7973 3843 0 139324 5345 116867 81322 0 0 231512 0 0 211564 0 3144 79414 155678 122388 155337 14397 71363 4624 227524 77879 214004 0 14728 211699 214004 211564 230338 213385 47071 154289 0 0 155471 232108 0 14728 167377 229231 151115 43999 155990 0 94900 177396 211564 63007 19128 0 0 139324 0 116867 94900 161104 212564 211564 61641 215031 202699 12974 211564 229494 14728 121402 155337 110897 1365 211564 155471 0 154289 97782 227524 229078 0 147145 110079 151998 230959 229078 0 214004 58165 37388 211564 147912 154289 0 211564 77879 106956 212000 216810 214004 121387 155337 149757 154289 211564 110441 154289 39927 0 105198 211564 72220 154289 160934 154289 51540 81322 211564 0 49279 20119 206320 0 21178 90017 154289 150673 51540 14728 218938 45105 123146 37388 231512 0 202370 196936 0 88542 31287 14728 72221 81322 168759 107934 21178 210381 229829 122199 212000 18707 20119 0 94594 53193 0 19128 178739 19128 0 86509 211520 155471 212475 136992 154289 211564 90017 92143 16352 185437 74224 0 106711 211564 77879 168759 154289 38657 79479 0 103719 211564 15619 185426 104249 0 230742 201320 103719 57609 21178 215448 211564 70392 154289 110829 67181 234772 103719 2764 7973 390 0 81322 18574 211564 232891 214683 160800 103719 211564 0 81322 0 0 94901 151901 214004 0 14728 211699 202463 20119 223845 168869 103719 104249 157787 163217 154289 7973 212475 142532 70444 221873 103719 195406 0 94173 195761 47071 178570 232108
67411 40334 42521 24247 211564 67411 40334 42521 24247 106711 211564 42521 24247 154289 90017 154289 195875 104109 40334 147905 147153 14728 34867 157999 210928 107266 229078 191644 221873 103719 154016 2610 103719 156149 214004 113978 211564 67390 40334 63931 0 200818 214004 0 211564 24257 206730 14728 214004 95750 211564 23491 90060 14728 60722 154289 136990 201367 107433 94961 17824 103719 0 155337 211564 106956 154289 200764 0 12554 154289 211564 0 136992 17824 13123 160800 154289 211564 156275 154289 67411 40334 201367 0
0 175349 201394 0 175349 201394 106711 175349 201394 103719 0 204216 221179 115973 107266 155686 103719 2318 14728 70414 161110 191551 103719 2555 80885 191551 70414 103719 2576
0 175349 201394 0 106711 175349 201394 103719 0 204216 70687 211564 201394 106711 110888 154289 211564 0 33829 125542 214004 0 14728 211564 67390 204216 125542 214004 0 211564 201394 106711 116867 0 139324 67390 154289 106384 0 106711 196936 225963 151901 154289 106384 14728 211564 201394 106711 195834 155337 211564 198989 194518 154289 211564 225963 19128 179758 0 94173 149622 26631 97138 14728 107266 139097 26117 211564 74885 26439 211564 126616 106711 110888 211520 94173 26631 160914 179661 79479 113982 107266 155678
67411 40334 205332 53054 211564 67411 40334 205332 53054 0 106711 97150 53054 79479 211564 156275 154289 67411 40334 201367 0 103931 195875 104109 201367 16046 14728 0 211564 49756 154289 0 0 185459 0 14728 0 185459 128079 185459 226156 14728 211564 0 14728 212475 34867 157999 210928 0 34867 226389 106965 14728 0 107266 94173 0 0 103719 67181 136990 201354 211564 0 229078 191644 221873 103719 2582 37388 211564 230338 104168 19830 201367 205332 53054 156149 151115 0 154289 2582 103719 0 211564 53054 106711 38675 211564 205332 53054 154289 0 14728 211564 230338 104168 19830 201367 190122 189998 554 154289 211564 0 51091 211564 81923 154289 211564 0 17824 19128 79280 211564 94961 154289 211564 0 106711 103719 211564 0 181955 36146 0 0 185459 128079 211564 36146 99745 211564 0 154289 16792 43355 211564 53054 154289 16792 178132 211564 110667 68126 105264 124760 14728 211564 9359 191559 13123 211834 17824 53054 154353 103719 211564 150673 136990 201367 230742 99710 211564 43355 154289 211564 97138 53054 110658 14728 211564 154353 154289 211564 97138 53054 178132 67181 97138 53054 178132 106711 94918 37388 123294 215788 0 214004 86505 9359 14728 123283 205281 79479 211564 232862 154289 211564 97138 53054
168524 110079 0 168524 110079 0 61505 154016 0 32619 0 229078 14397 107293 30035 154289 211564 182381 41566 46303 14728 211564 0 168524 81322 81322 0 214004 0 0 229078 32619 103719 182460 214004 211564 151147 0 75344 94900 229078 211564 35254 154289 168524 27395 225849 14728 211564 220445 154289 168524 27395 107653 0 229078 69054 168524 103719 0 97782 75344 222419 97782 141962 14728 104549 214004 131133 0 211564 168524 212204 229078 38675 0 94900 45826 211564 147143 168524 110079 14728 94900 106711 117085 19128 110079 0 10196 97782 69057 168524 110079 26434 170441 14728 30035 110079 0 106711 53744 19128 211564 77879 168524 214004 88969 14397 0 97782 204039 229078 97782 149107 230959 26434 117085 19128 27395 107653
133651 128713 115967 200617 211564 0 133651 128713 115967 200617 58381 2428 2409 152302 709 2611 229078 14397 10132 13837 47117 181071 8879 14728 211564 75861 154289 133651 128713 115967 110534 94900 229078 24396 139919 97782 198311 133651 128713 115967 110937 229078 47117 181071 8879 230959 230204 10255 174857 190263 97782 0 11798 231515 115967 229078 19705
0 0 38615 0 0 106711 47071 103719 127460 15050 52947 38615 107266 106711 103719 211564 199006 160800 154289 211564 52947 148448 0 14728 0 211564 47071 229078 79769 103719 2566 230711 211564 49798 154289 0 14728 0 38953 214176 212397 166408 92143 26631 75637 215490 37164 26434 179521 10196 232891 228806 102710 20119 155389 213307 211834 229078 121947 74910 211520 130085 79539 40768 103719 0 0 211564 47071 94173 121947 138334 168624 232108 0 131180 221873 6638 154289 211564 168624
155678 64394 167770 211564 155678 64394 167770 229078 167770 28439 45210 211564 221179 201367 14728 191779 147905 103719 73312 107266 155686 215693 232108 45210 214004 67181 154289 211949 147905 170618 214004 211520 45210 229078 47950 52932 73312 229078 7973 214004 77301 228806 214004 155678 221873 45210 37388 79519 212204 89529 157515 154289 211564 155678 64394 152113 191033 37388 221179 201367 189975 154289 201354 110079 94683 214004 0 103719 73312
27395 18500 27395 18500 1365 110897 2200 229078 84653 66466 211564 13837 180206 228806 94900 26706 211564 228806 103719 211564 51298 18445 37164 122199 43566 214004 211564 34867 18445 230753 84653 155337 211564 13837 194518 94900 26434 49610 154289 211564 79943 20119 230338 167572 149657 235368 14728 0 214004 205499 107266 214004 211564 34867 79528 10196 211564 167073 229078 74333 103719 191188 0 94900 229078 130085 0 84653 103719 211564 34867 18445 32619 103719 50775 18500 229078 137420 155736 193462 155337 211564 20368 153881 230711 211564 228806 35061 157515 103719 2140 10196 110122 211564 90050 18445 157685 32840 94900 63053 97443 212564 8892 154289 0 14728 0 97782 8860 103925 103719 199978 154289 0 18500 229078 161104 157787 79479 171172 37388 211564 51298 50675 230753 157248 154352 47230 53743 79479 198218 154289 97782 0 0 103719 139389 14728 167814 46874 35272 43821 154289 52378 155990 157248 0 37164 94900 229078 0 103719 143422 79734 0 50675 106115 97782 8428 14728 80147 211520 94900 0 107266 141962 10196 94900 92143 199648 144135 154289 97782 158183 141962 155337 211564 228806 68286 0 14728 30163 18500 58417 214004 43564 194546 103719 0 14728 155686 189969 148740 232108 211564 34867 103719 110829 0 94900 19519 79479 14728 88365 49603 154289 230338 167572 103719 156149 214004 205499 107266 214004 211564 34867 18500 188452 229078 74333 230711 13837 79528 39954 34867 131069 110079 14947 40764 160007 211520 180060 211564 167073 221974 122965 154289 14947 39953 18500 78426 64834 211564 100166 181560 214004 211564 34867 193431 98070 0 94900 229078 12927 39954 37388 211564 79528 154289 85064 229121 230959 92143 26631 0 214004 211564 167073 18500 88365 49712 19128 0 84653 103719 211564 34867 18445 14397 15619 0 154289 4266 14728 0 204566 154289 157787 1 94900 123146 34867 79528 155337 175311 103719 226394 14728 10255 149657 127034 14728 0 50775 26694 211564 228806 68256 70414 232108 211564 13837 225597 20119 0 103719 211564 231897 154289 0 18500 143807 214004 127034 232108 97782 189950 231238 132953 162250 0 18500 94900 229078 230072 177141 37388 115967 85064 102721 14728 211564 0 37164 0 221974 37388 211564 0 103719 2158 94900 71018 105890 0 37084 232108 97782 198463 180767 14728 96049 103719 185459 110079 149657 35491 37164 179986 214004 127034 214004 191706 163317 103719 2168 230717 94900 61505 210381 234783 122199 26439 154289 211564 229494 94900 43566 194546 97782 147143 174293 26434 0 103719 211564 221179 201367 79479 216348 155990 0 97782 0 123282 106711 0 103719 211564 0 147986 154289 198218 154289 211564 0 211520 94564 26631 166389 103719 97782 98992 27395 229078 32619 211564 189950 154289 195875 45105 214004 27395 18500 102721 0 14728 93430 0 115967 103719 152022 50775 155337 108565 1365 0 94900 229078 147145 10196 97782 89263 27395 18500 14397 67289 88549 154289 211564 49279 154289 180530 106956 14728 97782 35254 27395 107516 230959 61505 103719 0 155471 27395 14728 97782 195761 93430 205556 214004 0 97782 157248 35259 14728 195766 61505 154289 234862 77012 103719 45098 212564 97782 134388 88911 18500 229078 60184 154289 110079 0 14397 14682 154289 20119 122983 80175 170207 18500 75861 229078 204029 37088 14728 211564 75344 143807 103719 211564 221982 124361 154289 152022 197680 230711 94900 229078 210381 18500 229078 191033 214004 170677 188807 103719 148449 39577 14728 229078 74195 214004 87301 214004 234288 99838 211564 58184 154289 97782 194415 218938 234783 122199 134939 94564 51415 214004 58486 103719 211564 75344 0 195338 97782 75861 214683 221873 65391 37388 211564 213307 94900 229078 80214 211834 229078 151115 141962 79479 170677 68126 97782 75861 0 14728 102939 95014 202475 97401 81322 215793 18500 103719 211564 75344 37084 37164 97782 143469 75344 50781 190032 14397 0 79479 18500 232108 218938 154289 96131 53124 35259 57226 14728 110368 0 230959 155732 204029 0 14728 84653 0 215693 103719 152022 97782 0 232108 211564 0 122154 191764 234783 103719 0 18500 20655 37388 211564 198895 154289 65605 20569 214004 0 103719 211564 171695 139390 214004 77301 103719 211564 80931 14728 104135 228806 37164 97782 143469 177977 163342 103719 0 230711 94900 229078 195887 94900 61448 0 103719 211564 139390 230742 132811 154303 215447 11760 14728 121016 85064 211564 80931 92143 0 79943 231512 96049 14728 211640 104135 12695 92143 49726 0 10196 211640 225597 232812 154289 211564 194629 0 157539 123146 211564 49856 214004 218527 18574 18500 191538 79479 1163 57957 198218 187916 211520 18500 0 103719 0 37164 211834 106711 151115 171226 18500 143469 214004 230978 94900 229078 225177 47948 61505 103719 0 97782 75861 0 0 10196 211564 58165 154289 97782 231238 14728 211564 235536 214683 155337 211564 179659 154289 205286 97782 75861 14728 235494 195761 97782 75861 229078 18675 155337 191779 153823 79479 172247 0 229078 177977 49786 37388 97782 46303 14728 73592 61505 103719 0 95751 37388 211564 0 18500 191644 97443 221873 19128 0 14728 0 103719 149657 94574 50775 103719 0 18500 229078 0 14728 204029 14728 229078 7906 214004 74168 97782 37084 103719 0 94900 0 141962 32694 81322 211564 0 33055 22689 211564 75344 0 211520 97782 75861 92143 197964 230711 58661 103719 58274 14728 176781 107266 234772 122199 79479 203909 170959 103719 0 94900 79769 160919 232108 8979 0 15713 235488 149657 94574 137420 222475 211564 0 81322 211564 185714 154289 97782 0 212000 33055 212475 215713 193462 14728 201307 215713 232108 211564 230338 104168 66466 212204 213307 94900 35272 97782 195761 93430 214004 149657 94574 214004 131822 211564 0 37084 230711 94900 229078 8058 94900 216270 127496 79479 97782 37084 212566 149657 70687 14728 81322 174121 214004 211564 230338 104168 154423 103719 49603 154289 155389 154289 97782 158183 193462 155337 155389 154289 97782 0 18500 80124 65944 103719 98898 232108 34867 189674 39927 230959 92143 38675 97401 0 0 0 154289 87949 0 155990 212397 154289 0 211564 39927 229078 233018 10196 211564 77879 73896 154289 0 14728 0 10196 18500 212466 214004 10965 214004 115700 155337 211564 189950 211564 204246 8830 154289 0 14728 211564 201055 8830 154289 0 125379 215693 103719 211564 49256 211564 122308 8830 0 18500 214004 110116 211564 155885 214004 212397 209402 14728 13123 123146 97401 214004 110116 211564 198463 154289 124726 189969 156296 211520 229078 152082 10120 214004 222417 226295 214004 0 212397 14728 157248 221452 160644 135997 20119 77879 18500 214683 151115 160800 103719 16352 172247 59499 37164 125207 132560 137424 51319 214004 215693 19128 102493 211564 201055 8830 61448 152082 74091 212204 135977 94900 229078 0 103719 0 154289 211564 8830 18500 13123 74829 77557 0 94900 0 1795 14728 198218 0 200321 183894 211520 94900 229078 0 94900 214683 123283 8856 10255 211670 155337 211564 150392 154289 3598 108565 0 18500 14728 136992 154289 97782 53916 229235 37388 54449 154289 198463 0 221873 131807 205606 154289 20570 214004 0 21270 154289 18500 0 18500 229078 51536 154289 0 50434 43817 14728 0 211564 178574 196936 14138 154289 5055 0 0 154289 211564 40977 14728 231130 0 79479 97782 225763 170740 51415 214004 211564 125097 191043 155337 3051 76226 0 94900 133505 132953 132406 57780 154289 186310 132406 211564 193007 154289 149657 94574 14397 0 211520 134939 94564 26631 130085 212564 211564 136993 154289 32895 132406 14728 18500 103719 211564 126587 0 0 211640 77879 198311 27395 225410 229078 32619 211564 79278 234772 14728 229078 79274 37388 35259 180767 103719 0 14728 96049 103719 0 132953 61505 67289 103719 211564 180203 155337 2428 110897 2140 230753 18500 229078 202124 20119 79943 0 211564 99723 73569 230753 192713 126212 229078 64053 37388 18500 195761 93430 18500 0 81322 97782 178570 232108 132406 230959 26434 160915 103719 97782 37084 14728 222419 97782 168939 19128 193007 214004 193109 18500 81322 0 18500 229078 103719 211564 230338 104168 230711 211564 32840 134096 214683 166386 155337 132800 2133 94900 233215 94900 229078 225177 144135 193642 14728 0 87949 87389 17824 211564 13847 12554 19557 14728 0 86521 221873 211640 0 155990 17824 212000 12554 218540 164513 211520 212000 64144 207868 103291 0 155337 204070 0 18500 26706 211564 228806 230711 94900 229078 69054 19128 39927 103719 50775 139390 103719 132800 2140 10196 211564 201304 154289 77305 20119 124491 14728 50322 211564 79278 142521 97782 49856 132811 151924 214004 95750 20119 211564 194629 154289 32840 211520 79274 18500 214312 211564 134093 49727 154289 185194 154289 97782 102279 214004 0 79943 0 103719 149657 235368 230742 94900 116951 229078 168503 58741 212000 130085 97401 49240 155337 134939 2140 14728 94900 103292 182074 154303 214004 211564 230338 18709 20119 0 103719 211564 62895 149657 93111 88980 170173 225004 103719 213307 214004 110116 232108 0 12635 14728 97782 137055 103719 211564 39953 154289 79943 0 94900 79274 221873 211520 8856 232108 31798 175302 155337 79943 185459 155337 211564 0 181560 151901 154289 121016 0 230711 50775 139390 79519 18707 20119 0 103719 110897 94900 92143 62894 232108 107433 49610 157787 51429 154289 211564 79943 14728 179540 97782 134093 49712 94900 229078 155337 97782 229494 98682 81322 0 230711 94900 122962 211520 97782 231238 61505 67276 103719 110897 230711 211564 189950 51298 50675 0 14397 106059 154289 174121 103719 160800 155337 211564 0 154289 18500 94900 229078 161104 157787 79479 49603 154289 211564 74202 18500 211699 230204 214004 38933 134093 14728 204278 214004 85064 229121 189950 74202 214004 20531 174121 47071 225411 231398 183242 212564 170173 130927 212204 74202 79479 230742 18500 177141 49240 49712 103719 211564 51298 18445 123266 38933 103719 191188 2140 232108 390 137055 10196 61641 161080 103719 230742 3844 137055 218540 22689 14728 15713 2730 61505 70214 183242 18500 18707 26694 174121 47071 103719 152302 110117 37388 180767 142516 196936 18445 94900 214683 160800 103719 211564 19715 155337 174121 47071 155337 3942 58381 103719 230742 142516 229078 115718 14728 18500 123278 229078 0 0 186310 200343 97782 0 40720 97401 214004 211564 0 99511 20119 211564 99577 0 18500 230959 229078 171166 214004 0 84653 79479 97782 182302 103719 176795 174121 130956 14397 0 194629 154289 211564 47071 221763 94900 229078 179185 37388 131069 84653 57825 0 103719 17007 2141 18500 211699 216270 214004 142601 230717 94900 191538 19128 139389 49610 154289 211564 47071 221763 79521 214004 179923 37388 14397 0 34867 18445 211520 92143 18707 20119 174121 103719 134939 94900 49606 211564 176939 154289 211564 51298 18445 66466 107433 179923 81322 185459 108345 0 185390 18500 229078 211564 122153 163529 214004 123001 26694 211564 34867 18707 94900 211699 62311 211564 51125 154289 78440 214004 58737 121016 0 230742 229078 58708 103719 211564 154016 2141 25670 154289 0 106956 97782 8860 20119 185459 14728 0 106956 166799 152086 182302 103719 0 211564 34867 9557 10255 0 221763 0 66466 211949 8860 18500 130085 152743 154289 81154 14728 121956 152743 154289 70579 232135 211564 18445 169353 203208 14728 103719 50675 94900 92143 72617 0 178571 232108 85064 229121 49610 154289 211564 18445 19128 230072 19128 164439 0 14728 0 83931 32895 154289 230978 92143 49603 154289 211564 18445 151938 59841 66466 2140 14728 2141 99838 62894 232108 143338 0 49610 154289 211564 3797 39216 178073 31702 157787 105890 53054 133632 154289 0 20119 0 66466 211564 204636 154289 2141 155471 8856 37388 83931 211699 97782 205079 20119 0 170352 97782 158183 18672 155337 52853 43821 0 37388 0 94900 92143 13123 92143 0 232108 110079 35294 14728 108345 0 218938 127801 154352 232108 167814 50781 211520 179761 103719 155436 0 154289 0 155337 97782 160800 35294 229078 160871 0 172275 0 211520 47230 154289 18500 141962 106711 212204 131807 87389 14728 214004 85439 70888 154289 107266 94900 233011 185014 97782 52932 84653 229121 191033 18500 214004 211564 58737 180530 106956 10196 211564 34867 190414 149752 103719 58381 2141 230717 211564 139390 229078 214672 168503 0 214004 73569 50963 14397 20531 155337 211564 34867 18500 229078 148448 97782 98682 197529 94900 214683 211564 155875 214004 226577 97782 45105 14728 94900 199648 144135 154289 211564 231897 0 103719 32840 230717 94900 0 0 235488 27081 147145 0 0 103719 76226 0 94900 122962 211520 94900 92143 26631 161104 157787 79479 171172 214004 131069 84653 37388 50675 229121 177977 97782 154333 214004 179536 14728 233215 214004 136992 154289 50675 103719 14397 20568 214004 52293 212204 0 211520 218938 155990 212475 157248 225177 87949 154352 139097 26117 127491 102493 212000 0 103719 131180 167816 0 18500 229078 155337 97782 229494 214004 164395 214004 62599 97782 82202 230711 94900 229078 0 211520 34867 79519 229078 132833 215447 205278 0 103719 0 50775 12974 232108 57825 0 14728 50775 139390 84653 87646 0 0 94900 156301 211564 139390 179655 103719 211564 25670 154289 0 94900 123146 196936 0 154289 139390 20570 214004 202463 155990 196833 211564 34867 179984 214004 211564 48339 14728 229078 10253 233018 103719 97782 123266 123278 18500 230204 155337 214004 164395 230717 94900 137914 232108 136992 154289 50675 7973 97782 175970 97782 8856 20119 0 0 232108 211564 58165 154289 0 65941 214004 233020 205640 103719 211564 8856 179761 103719 18500 171172 214004 131069 84653 13227 97782 0 229078 152082 179724 157787 212397 230959 92143 26631 171166 26694 97401 0 148740 157787 211520 107195 18500 233215 157515 124206 154289 179538 155337 709 110829 211564 186152 57919 232812 18707 103719 164395 211520 79943 0 92143 75248 214004 211564 34867 229121 177977 97782 179538 14728 156151 97401 151901 214004 19817 232108 211564 58750 211834 18500 18707 103719 0 39065 20119 79943 68156 149657 235368 155337 3244 110829 155337 1163 20929 0 0 97401 232108 79519 154289 6732 214004 0 211564 194629 154289 79943 0 230717 94900 222419 216771 214004 70392 211564 194629 18500 92143 14397 104135 137851 191033 105890 211564 39065 154289 34867 0 84653 25047 200764 0 232108 149757 211520 211564 16959 79519 229078 144135 121956 14728 47953 211454 107266 8901 229078 212204 51543 200764 0 104135 205281 214004 0 97401 79534 97401 214004 86505 221873 211564 68286 18500 211699 179986 214004 211564 100166 230717 84653 83931 92143 207888 157787 49603 154289 211564 13837 18445 230742 92143 37388 211699 0 214004 39065 198989 154289 0 94900 211699 63053 97443 103719 32895 25686 154289 0 73569 212407 84653 83931 79278 191406 154289 0 0 14728 62896 211520 0 103719 0 134331 178868 97401 81322 77235 49603 10196 211564 77879 25670 66466 211564 77305 103719 211564 189950 25670 18500 10255 83931 156158 214683 214004 211564 25674 14728 123146 20537 155337 211564 34867 0 94900 229078 10253 191784 233018 103719 211564 123266 123278 122184 103719 211564 77305 18500 97443 185390 107266 233011 94564 26631 28409 92143 107266 26631 103719 211564 44765 105240 154289 211564 123278 0 205500 210381 57957 10196 211564 189950 25670 155337 2004 154016 0 103719 179655 214004 18500 0 20119 0 50675 179724 97782 49603 0 99838 18500 105747 211564 132299 103719 230742 212000 61448 197529 19128 14397 8830 154289 0 79479 97782 233020 14728 152082 14397 0 155990 177291 211520 212000 230243 0 233204 18500 199648 191779 142532 0 81322 97782 104877 176333 211454 0 97782 0 123266 123278 94900 92143 107266 0 191644 123016 107266 193809 211454 211564 181060 94900 179986 214004 211564 18445 20119 223381 0 103719 134939 0 214004 211564 0 154289 137055 230959 92143 191538 220575 97401 20119 0 211834 94900 214683 160800 103719 211564 77879 177396 153439 154289 0 12974 232108 132560 157248 197979 19128 194776 154289 127851 214004 211564 221179 201367 164395 18500 130085 211564 134215 132410 19128 107266 229078 211699 38675 97782 94961 230753 139389 49610 154289 164395 107266 122199 191538 19128 211564 170205 132410 154289 85064 229121 14728 110079 8999 2166 10196 211564 34867 232119 81322 164395 103719 110897 0 229121 16914 18500 139389 49610 154289 211564 47071 73569 26694 211564 13847 0 164395 18500 26706 166571 214004 0 0 155337 211564 43564 103719 169353 211834 0 103719 223834 154289 37084 58124 60294 214004 170959 81322 228806 205278 143814 14728 0 81322 211564 171478 154289 97782 21271 211949 0 230243 198253 0 37388 169367 126587 167819 230959 73592 0 70888 73683 214004 172263 11019 43821 18500 59336 53054 133632 214004 47565 211564 43821 233186 214004 229121 103719 134939 0 94594 26486 0 103719 211564 191551 154289 145725 52932 126136 74195 214004 136322 204070 0 179991 18500 126212 0 103719 164395 14728 229078 171147 77329 155337 211564 197646 188290 66466 211564 204636 154289 0 18500 137914 162250 0 211564 2195 57780 154289 110653 68156 0 0 0 230959 92143 64211 37084 232108 211564 34867 230753 212000 153867 211564 47071 162250 92143 26631 0 37388 34867 131069 110079 14947 66466 211564 34867 153862 154289 164395 162250 14728 18500 133505 155337 17007 0 162250 14728 96131 46871 154289 81154 92143 80147 138121 154289 201494 103719 51182 232108 0 8816 211564 25670 125575 103719 199978 154289 139389 0 155337 49780 232108 211564 70581 198218 154289 212204 49780 229078 0 212564 211564 191559 154289 110351 0 164395 137420 198252 67289 103719 134939 0 18500 137914 232108 0 0 231007 0 26694 34867 49712 16786 0 166389 211564 57718 103719 110897 185390 211520 10196 136325 232108 18500 230204 189986 214004 149657 235368 232108 0 154289 18500 191559 214004 195635 96049 47823 0 105291 81322 18500 152082 214004 106171 16364 69626 103719 211564 167073 0 54350 211564 34867 125575 14728 230204 214004 190122 110202 0 103719 149657 235368 0 229078 0 232862 232108 231512 80537 211564 122153 49246 88549 154289 149657 109339 14728 211564 198311 154289 27501 80537 155337 134939 80537 105966 0 214004 131069 14947 230959 92143 111067 26631 147145 211564 34867 200455 44991 212204 229078 211564 26732 154289 189969 0 28439 18500 14728 14947 198253 222475 97782 231238 162250 19128 231534 0 211520 0 157787 234772 122199 232108 18500 43564 154289 194546 14947 200085 214004 84653 47823 230959 84087 97401 34921 21271 214004 172855 18500 154333 14947 211699 65013 105291 214004 0 14728 18500 212204 77879 124206 155686 62603 155337 211564 219063 154289 19818 14728 105410 18500 139097 171676 14728 103925 105291 79479 99821 214004 49776 103719 211564 82202 124221 233011 26117 161104 212564 211564 232548 46871 211520 162250 18500 229078 160800 154289 37164 155471 162250 233011 26117 21848 211520 198218 124221 51202 105291 233190 103719 32895 48575 14728 106144 104884 211520 230243 214004 26117 161104 155337 214004 14947 222475 0 19128 211564 0 37388 110829 0 18500 229078 171687 211564 34867 232108 0 126619 14728 0 19128 230072 19128 211564 126619 154289 205278 0 12554 211564 230753 0 157787 0 20119 77879 94900 19519 79479 0 154289 97782 127485 14728 389 14397 14138 211564 51298 50675 92143 86509 43873 123182 79479 97782 191559 103719 211564 51298 18445 84653 47823 230959 229078 0 39070 214004 82719 51429 154289 211564 100166 181560 223381 229078 105555 103719 166577 14728 104587 155337 211564 0 154289 230338 167572 14728 157248 0 155337 211564 100166 181560 94900 13123 26706 214004 0 155337 74823 136325 14728 204278 214004 18500 211520 94900 172855 15713 97138 49603 37388 154016 0 211564 148740 92143 89991 214004 0 82096 0 0 230243 0 164395 79479 0 14728 18500 14728 211564 0 75344 230243 26870 212466 18500 229078 0 37388 50675 14728 37388 126587 21270 103719 0 79479 190039 60487 79479 97443 14728 97782 103719 211564 53054 133632 214004 50963 211564 43821 10255 18500 26706 136325 155337 110897 0 37164 229078 59075 221763 58381 0 37388 84653 47823 39953 154289 0 167572 149657 235368 212579 211564 18445 105890 0 154289 8882 214004 176797 103719 199978 154289 211564 74885 211520 152743 154289 136992 154289 211564 159650 154289 110658 230243 137055 102939 214004 18500 157787 8860 14728 62896 67276 103719 211564 228806 18500 229078 47568 154289 12554 37164 218938 140000 43821 155337 3457 108565 0 18500 232851 157787 211564 149841 77019 142532 214004 0 212204 74885 99838 103719 67289 17007 111067 155389 229817 10196 229121 0 18500 155337 211564 2428 134939 29953 154289 97782 198311 68156 0 18500 229121 172270 79734 0 154289 18500 26779 193828 10196 229121 0 50677 0 105890 97782 0 50307 211520 18500 92143 75033 214004 81839 8420 79479 97782 0 0 66466 211564 174121 106059 14728 211520 94900 0 211564 50675 198218 1 121949 26439 94900 229078 220279 214004 63677 211670 194807 152743 154289 211949 63687 230243 127491 66466 211564 179923 81322 174121 15226 14728 0 18500 179540 97782 139389 49603 154289 164395 103719 122184 17007 67289 103719 17007 164439 0 92143 16957 18500 232108 211564 168983 154289 86521 97401 211564 49603 20119 230338 167572 0 28439 0 14728 229121 155337 211564 203720 92143 152082 0 81461 37388 67289 110897 18500 179080 211564 189969 43623 232108 211564 34867 0 211670 154289 0 0 14728 103931 0 0 154289 50403 14728 230338 167572 94900 13123 171677 104587 155337 171319 80931 106059 154289 174121 211520 229078 214004 87301 221873 211564 50775 181560 18500 61448 152082 117071 211520 212204 171319 106059 229078 0 105425 214004 0 34867 179616 155337 1795 110897 18500 0 230338 167572 230753 155337 97782 229494 98682 214004 50775 214004 207868 40275 154289 163535 37084 14728 191033 97169 60485 179229 212564 211564 189969 43617 230711 94900 176792 50775 18500 18636 214004 190615 97782 98682 211834 14728 26706 0 19780 214004 127034 212564 0 103719 149657 235368 37388 67289 110829 94900 229078 22689 103719 164395 230717 94900 233215 15713 189969 137831 214004 47823 155337 110829 230742 0 211520 97782 16918 214004 230338 167572 229078 0 14728 211520 94900 139097 73569 171676 65198 154289 211564 232878 37388 230742 235471 139097 207868 230338 167572 232141 127480 84653 47823 14728 131069 14947 230959 179986 0 81322 211564 194629 154289 0 155337 2195 110897 230243 103292 41718 221873 103719 212204 149757 47823 50245 211520 229121 18445 14728 211564 80931 78440 233011 110116 103719 180530 106956 10253 78071 155337 230338 167572 19128 202772 167572 214004 39953 14947 230959 92143 199802 14728 0 113982 215658 154289 18500 0 97782 143814 73915 37388 211564 0 47823 0 97782 0 154289 97782 105410 0 37164 75033 214004 179648 214004 18500 110829 124206 18500 149841 233215 191406 154289 124221 214004 47823 73569 26694 94900 139097 94564 74195 179655 214004 211564 110829 124206 103719 124206 154289 709 110829 94900 49957 211520 211564 34867 61448 152082 16796 214004 217584 97401 14728 212466 214004 34131 154303 148740 221297 171025 229078 130085 155337 930 110829 94900 233215 10253 131180 0 211564 154333 214004 205499 230338 167572 13227 97782 170402 103719 9079 214004 0 79479 97782 127485 182784 214004 2729 232108 1 64834 161769 214004 26117 59201 232108 211564 179655 211949 124221 230243 59201 152082 37388 0 37164 37388 186310 0 15713 164395 37088 230959 0 79479 211564 34867 155337 20929 0 18500 153776 49603 154289 230338 167572 155337 1573 20929 94900 177141 0 124206 81322 14947 232108 47823 77539 154333 2729 14728 151115 0 79479 97782 127485 65941 214004 61642 103719 85468 211564 137836 8816 211564 125575 148834 194518 116951 79479 198218 57957 211520 211564 157248 229078 103719 10591 214004 211520 154333 18500 124221 51319 214004 60484 229121 0 143814 14728 171676 104587 7973 80931 0 211520 230243 26870 156301 155337 3340 20929 162250 77548 59201 214004 97401 47823 10591 214004 211564 210803 229121 103719 0 18500 214004 211564 49603 20119 230338 167572 13123 84087 97401 21271 157787 211564 71076 13837 100166 181560 81322 11760 64834 214004 211564 34867 125575 157685 149657 235368 47071 230753 70214 183242 214004 230338 167572 18500 178963 14397 0 232108 110368 0 197074 198226 18500 116951 92143 64211 200455 232840 79479 32895 194546 14728 230959 158184 99710 148448 211564 230384 24247 154289 211564 100166 111067 198989 154289 230338 167572 155357 94900 72617 97443 20119 230338 167572 18500 26706 0 229621 107433 0 14728 139389 202955 148625 179113 155337 211564 43138 8816 211564 100166 230243 149622 156151 217320 230243 0 63090 232135 18500 49603 17827 37164 155471 0 20119 230338 167572 107435 155990 0 214004 229121 155337 179387 94900 13123 0 229121 232108 0 7973 211564 120587 154289 205276 233186 73660 106711 228773 20119 211564 186152 213307 94900 216810 214004 65073 230338 167572 205276 197529 211520 194629 233011 26117 142930 125217 214004 204016 97782 0 198218 154289 230978 230243 127053 19831 0 7973 0 63093 154289 205276 14728 73592 50307 211520 18500 229078 190634 198218 154289 211564 205276 155337 211564 30308 133257 79479 163535 82719 155337 3843 20929 3843 18500 191033 124206 0 47823 210803 14728 0 136325 214004 14947 212564 235012 15713 0 231512 0 136990 154289 211564 50775 19748 94900 212409 94900 52784 217584 0 103719 49556 218910 230204 105890 149657 235368 0 154289 211564 194804 154289 211564 124206 14728 154334 97782 158183 191559 214004 211564 34867 19128 200455 94900 211699 214683 211564 124206 22689 214004 50775 230717 0 154289 18500 8860 94900 59201 107266 214004 211564 94901 154289 211564 50775 139390 84653 0 190154 124206 233190 19128 0 37084 62603 120942 107266 19482 80175 57957 122199 18500 191033 0 124206 232108 195181 51258 105890 149657 235368 212564 211564 191559 154289 170649 231238 73592 136325 229078 191644 79479 709 191188 148448 0 76855 212204 136325 229078 0 230711 34867 0 103719 211564 181560 152082 94594 26631 0 154289 97782 0 18704 77789 155337 97782 31287 18500 14728 14947 77548 137914 155337 2950 191188 20119 110368 0 197074 99710 155337 211564 143107 154289 3051 191188 108345 0 211564 49240 103719 43817 154289 211564 0 20119 0 167572 77789 155337 98070 0 211564 193431 211520 229078 105425 214004 40761 14947 22689 214004 149657 235368 212204 8856 56974 211564 193431 14728 192713 92143 214004 179923 0 79534 14947 214004 179984 214004 149657 235368 0 18500 233215 157515 161127 79479 14947 197529 211520 94900 233011 26117 7906 214004 161076 212564 211564 125575 14728 13123 84087 97401 166577 79479 230338 167572 155337 187511 3144 191188 14947 229078 39954 148448 0 37388 212475 0 161462 147145 110079 0 106715 223525 0 14728 57825 231515 211564 160007 0 211564 167073 214004 39953 230338 167572 230243 80147 14728 191033 214004 229121 14728 18500 0 38953 214004 125097 10196 229121 0 211670 135979 14947 51543 211564 0 0 154351 214004 230978 94900 229078 59201 49240 110079 0 214004 190881 97401 22689 214004 18500 20119 230338 167572 99838 131069 27501 0 136990 154289 229121 189969 191551 0 0 156149 211564 170649 0 14728 35272 22689 0 0 0 211564 125000 0 14947 105890 18500 0 37164 211699 191033 211564 186152 125000 19128 137851 214004 0 18500 154289 14947 18672 18500 122962 154289 14947 39953 211564 79278 143107 3244 191188 230711 94900 177141 0 137831 211520 14947 229078 103719 97782 0 14728 211520 211564 160007 14947 229078 40764 92143 26631 191033 214004 84653 229121 18500 177141 0 124206 230753 228298 79479 229121 232108 230978 94900 92143 166567 214004 94564 34147 94900 130085 12554 0 214004 211564 193772 14728 156151 0 214004 183289 97401 0 214004 230717 211564 0 229078 0 230742 211699 214683 97401 214004 149657 235368 81322 211564 193431 18500 233215 124206 214004 229121 0 211520 162250 26117 86509 185176 161080 214004 96131 75344 103719 164395 179387 229121 88971 230711 170179 232108 73683 154289 18500 0 107266 106711 179231 211520 229121 229078 38742 94900 61448 99838 106114 211564 74411 154289 211564 0 14728 204278 103719 148740 232108 84653 47823 157787 211564 75846 154289 131069 14947 211520 94900 229078 231534 214004 73896 14947 79479 18500 212204 0 47823 177977 10196 139389 0 14947 229078 93349 20119 0 149657 235368 155337 154016 229121 13123 0 137055 105890 149657 235368 103719 14397 20568 214004 0 18500 212204 166497 230742 225177 148458 204017 75033 230711 18500 43566 126257 174042 170618 214004 185437 79479 226394 103719 58381 18500 20569 214004 0 97782 8860 103719 14397 155678 124206 213771 214004 211564 104755 154289 13835 172270 103719 149789 103719 154016 0 103719 211564 124206 214004 229121 0 185176 161080 79479 162250 94900 233215 211520 127722 214004 145725 52932 0 145725 170173 50434 99838 107266 134939 16796 0 214004 211564 232891 230959 225177 0 110653 181060 154289 16352 131807 8860 211564 34867 84087 18500 0 84653 49712 232108 14397 15619 103946 154289 191779 100521 169292 37164 155471 158851 97401 0 167212 14397 15619 0 154289 4266 26439 97782 167073 75033 103719 58381 0 220575 156158 81322 47823 18500 123146 79519 154289 5538 217320 105890 226394 230717 94900 39954 180810 37388 205482 14728 211699 230204 155337 0 212564 226394 60450 205278 99745 0 14728 139536 212204 8882 35272 226394 139390 157515 14728 18500 73592 0 214004 168874 214004 68769 26117 73472 155990 0 211564 0 13837 18445 103925 211564 0 58065 0 230959 229078 220575 156158 81322 229121 214004 0 93341 18500 102493 94900 229078 39954 0 123146 37388 231512 164482 230959 191538 220575 0 20119 0 18707 103719 122184 132800 14728 164482 123146 82092 175311 8816 226394 103931 58707 154289 24910 227357 0 20119 163800 221763 97782 58165 154289 77012 155337 930 134939 0 18500 49606 211564 18445 155471 221763 2729 134939 230711 127357 0 18707 232108 211564 199016 18445 14728 214683 157787 155389 49240 233215 214004 47823 154289 18500 211834 17824 132560 154352 230959 145387 232018 198218 157248 84653 103719 49603 0 102620 9608 0 37388 18500 214004 0 163315 25234 21857 81322 211564 48339 211520 139097 94564 0 97782 122199 205499 20119 0 155337 97782 179984 214004 149657 235368 103719 110897 18500 130085 223834 154289 0 79479 51322 214004 20531 72584 67794 208853 103719 156149 214004 79519 211564 13847 214004 70392 211564 228806 47823 99838 229078 152082 105555 103719 143422 154289 18500 10401 102295 37164 77548 0 14728 0 18500 214004 175302 211564 168759 154289 149657 127034 50775 155337 191188 152082 127053 10196 211564 29953 154289 97782 14728 162250 189950 198311 18500 79519 154289 157787 5970 137055 0 14728 36885 149657 127034 14728 39954 79943 0 41756 56973 72708 20119 5056 34867 41338 230243 97138 155389 174030 154289 211564 79519 229078 115718 155990 233018 176309 20119 230742 47823 47230 94900 52784 102939 10054 142930 204070 225586 73569 26694 0 205499 103719 154016 18500 92143 179388 163342 81322 47823 214004 87301 214004 70687 214004 86505 127357 0 97782 212415 155337 211564 228806 103719 163529 230711 232812 154289 211564 205499 176792 149657 235368 18500 178963 211564 179387 230742 47823 211699 88971 155337 58381 0 18500 14728 97782 75344 123266 149657 235368 79479 70687 103719 127034 94900 0 97443 232108 211564 0 0 0 14728 115967 85064 102721 214004 0 211564 77301 10255 211564 13847 103719 211564 99710 154289 49753 68070 36835 74349 211564 99148 211520 211564 88542 233011 152082 172946 18500 20119 211564 94901 154289 160800 154289 34867 18445 0 211564 0 154289 217501 98992 230742 73650 34867 154351 98461 0 211454 125014 193890 26117 0 214004 18500 0 211564 15961 0 92143 88401 211564 221982 93203 103719 160641 14728 0 229078 79521 214004 179536 232108 211564 88542 154289 127357 151901 75255 152082 127053 10196 18500 211699 16900 214004 0 84653 0 230959 229078 87591 214004 149657 235368 214004 179183 47823 19128 49610 212204 179387 230204 0 157248 20571 214004 82719 168944 232135 211564 88542 155990 211564 34867 67390 104132 49856 157787 211564 149841 77019 234783 12554 75033 14728 94900 229078 79521 214004 0 155337 211564 177706 161742 154289 151431 191551 97782 179377 13123 38953 220575 54108 103719 211564 34867 170227 72448 230711 49866 214004 211520 154289 131069 14947 230959 229078 42267 79479 97782 0 155389 160871 94044 54100 185390 211520 94900 229078 135953 0 230959 94594 9432 41747 79479 211564 0 154289 0 0 107266 230711 51536 154289 211520 43817 103719 218548 97401 64834 79479 14397 67390 104132 49856 0 85064 0 233215 13227 13449 0 232108 211564 0 154289 235518 50434 211564 0 63539 152082 212116 197529 230753 212204 106711 211564 40977 151115 169353 103719 212204 52932 52784 204126 166386 235471 103719 211564 195835 235471 10965 20119 220575 211564 67390 104132 49856 103719 0 18500 14728 97782 198311 180767 143807 214004 185459 110079 149657 35491 230717 212000 0 103719 121387 14728 72617 37084 63844 215693 232108 211564 230338 104168 18500 172743 121947 0 154289 121387 103719 211564 0 17827 14728 8767 47071 127528 103719 185459 110079 14728 0 59206 154289 97782 77879 193431 211564 127357 192797 229078 8386 37388 0 81322 211564 36142 211520 18500 92143 0 97401 18500 47230 211520 94900 92143 137472 0 211564 0 10589 14138 230711 211564 193431 229078 59201 122184 10196 96131 77879 227524 18500 179986 214004 127034 103719 0 214004 34765 97782 75344 214004 185459 110079 230753 211834 94900 0 97443 81322 122677 157787 14397 0 58274 211520 162250 92143 26631 77305 230753 94900 229078 21857 161763 6732 214004 191706 930 126513 94900 92143 207888 230753 126257 103719 164395 211564 75344 143807 214004 185459 110079 103719 2158 230717 18500 53704 14397 0 232108 191406 154289 22852 37084 58124 14728 0 0 79278 211564 143422 191417 0 204357 94900 232553 10255 79776 37084 160915 0 36885 97401 103719 0 103719 81351 154289 97782 99710 19128 162250 14728 211564 45105 229235 211564 75344 123266 185459 110079 214004 179984 214004 127034 103719 58381 2168 103719 110829 2169 94900 80124 0 65944 232108 211564 108345 0 6724 67267 154289 0 10196 211564 67267 0 97782 98992 103719 211564 99710 154289 127363 232108 211564 157528 154289 211564 80931 180203 18500 0 0 230753 51322 214004 63539 37084 103719 211564 230338 104168 73569 212407 211564 0 104006 211564 181447 94900 229078 103630 37388 80931 21270 155337 0 0 0 154289 0 79479 211564 34867 14728 0 0 93356 37388 0 214004 211564 0 34867 78440 10196 0 97782 90504 94900 95751 156300 139390 79528 155337 34867 106965 177146 169597 81322 211564 0 79479 97782 68289 155337 211640 26767 212204 232840 230742 94900 99149 233011 67293 97401 231122 179624 14728 149657 49603 105240 67295 97401 14728 97782 198463 121387 88969 154289 103719 221982 39211 148448 170173 0 155521 103719 108565 2200 18500 95014 26706 214004 58486 0 230742 94900 92143 204192 195338 2140 20532 97782 0 123278 214004 211564 167572 230717 94900 229078 220279 214004 87301 214004 189674 211564 157248 0 51064 14728 94900 228474 155471 232108 39369 97782 63667 61155 97401 19128 94594 0 14728 226577 214004 211564 52943 155471 210352 103644 97782 50394 94900 61505 10196 80175 57957 154289 0 155337 1365 110897 2200 20119 211564 10337 154289 5537 123311 94173 107266 211520 230711 94900 229078 155337 97782 0 94900 185390 124165 135912 61497 103719 212204 154868 221061 103719 230742 80124 145725 25686 134939 87389 0 135912 79479 73595 94594 172946 155337 15713 37164 212204 134939 26117 0 18500 229078 36821 20119 200764 133786 46303 0 103719 127034 70687 19128 179758 154289 0 72056 103719 211564 160552 177401 97782 178725 230243 178868 214004 14397 0 134087 89131 66466 46303 0 42593 122199 97782 81955 0 92143 191764 143734 48279 14728 80175 201354 0 211564 81955 229078 232141 139389 99010 94900 123266 196936 72652 177706 103719 195912 37388 97782 0 230742 162250 0 214004 47565 14098 97782 0 230243 50964 85970 214004 155389 110079 0 230959 218540 157515 214004 26117 14397 0 198311 0 66466 97782 213307 103719 149657 35491 18500 51419 214004 13837 104105 17824 121949 0 103719 168604 55202 230753 97782 147143 26434 0 232108 0 103719 211564 2652 42593 211564 0 154289 18500 26706 103292 10196 97782 0 26434 172247 28959 211683 230243 154423 0 27501 80537 233215 211520 0 0 197964 155471 155389 131807 18500 212475 139506 14728 12191 0 60209 18500 8860 19128 30308 19128 95647 67289 0 20569 214004 60208 18500 71076 125014 103719 210803 154289 0 155990 0 0 26779 211564 77879 131069 29661 154289 18500 211564 125014 14728 216348 154289 27395 18500 172270 103719 2271 37388 97867 0 0 229078 160871 94044 103719 193945 99821 18500 0 43753 229078 0 79769 157515 154289 45098 74226 85064 0 97329 230959 0 191406 154289 0 0 103719 211564 138908 42593 26706 97782 2337 29661 154289 18500 27395 211564 0 229078 32619 197646 97867 34506 0 152113 211520 19128 211564 2652 42593 0 211564 202561 154289 18500 0 214683 155337 148448 0 19128 160800 154289 211564 147865 53711 202561 14728 229078 10253 0 19128 0 50572 122873 221873 211564 13837 47117 228806 104006 229121 106699 222419 107266 19128 160800 154289 14397 18015 10255 0 154289 211564 221131 103719 97782 2314 125014 154289 85064 229121 167584 157515 211520 155471 211564 221189 154289 149657 70687 14728 211564 199016 201367 211520 123146 214004 104105 229078 130085 168985 103719 160800 37388 98456 230338 167572 109056 57857 14728 157248 199016 0 122868 230243 0 49866 214004 18500 0 14728 0 0 211564 102279 154289 0 214004 216348 93966 229826 172270 14397 18923 103719 2329 60213 50491 122868 19128 77019 137055 62316 212204 0 216348 37388 231007 194518 27395 18500 0 230835 19128 185459 77176 0 154289 18500 147143 13123 40720 203173 148702 0 0 45105 208014 71084 211564 54535 33417 229078 231111 0 103719 211564 2652 42593 107266 60209 33417 230959 202370 68398 81322 29856 149286 172477 231804 154303 105106 14728 70629 103719 157248 198737 154289 0 0 230959 211699 89529 221873 214004 26486 0 214004 97782 52932 211564 33417 106711 152082 102313 221763 211564 70392 154289 211564 202561 230711 97782 166386 154289 29953 106711 86509 19128 152022 50775 14728 97782 147143 106711 86509 19128 27395 18500 99838 152082 12554 0 154289 18500 230243 203173 148702 198218 211587 216369 154289 211564 2652 42593 74301 97782 0 190159 214004 220704 176333 211454 0 107266 211564 50778 28439 18500 14728 216348 51319 105890 211564 2943 14728 3048 42589 155337 14397 71475 154289 211564 33674 36433 73658 39206 26117 85064 229121 10196 163785 106711 19793 211564 182302 154289 18500 103719 211564 188807 166784 73658 0 97401 125542 37388 211564 0 0 43753 195635 103719 211564 2580 34961 145268 211564 0 154289 211564 0 211564 197022 154289 211564 54449 230959 154423 0 97782 0 232108 177819 214004 71077 0 104228 230742 97782 0 0 63743 152082 220704 0 87389 117091 152082 163104 0 37164 37388 211564 0 0 154289 27395 18500 63539 27025 103719 0 81148 103719 177149 177817 57091 86054 158185 154289 211564 147865 25346 19833 47706 0 0 0 18500 103719 2794 222018 157787 211564 132299 103719 230742 0 108345 15599 97782 59846 81322 211564 209622 86054 49856 127803 211564 170402 154289 0 0 108345 0 214004 2004 177834 214004 211564 234772 154289 18500 29953 0 216369 154289 211564 13837 180206 228806 198253 76211 18500 19128 43753 97782 0 103719 168604 0 106711 197529 78071 212407 211520 73569 14397 0 152282 191234 125207 88156 0 0 154289 70118 63743 152082 174226 107266 37164 155389 152086 216368 0 18500 225177 144135 103719 168946 125097 106711 114337 181829 0 152298 230742 53187 132560 154289 211564 39076 103719 230742 94900 160852 66466 97782 133501 214004 132953 132406 18500 92143 211564 79278 45105 14728 232108 162250 0 94900 175430 75344 8871 103719 34867 139389 191551 155337 211564 25674 20119 0 152375 170192 103719 0 147865 97873 160580 201115 142644 103719 137032 214004 18500 37164 211834 106711 151115 137298 154289 97782 147143 155337 211564 0 64173 37388 47117 228806 84653 110079 0 0 211564 0 155337 211564 32393 142644 176841 103719 137045 154289 211564 143422 34732 197978 154289 211564 51298 18445 230959 229078 0 233018 155337 212204 200258 231857 79479 97782 0 211564 0 25670 154289 211564 13837 180203 14728 79479 97443 211564 175970 154289 131069 84653 211564 225597 142644 20119 0 94173 80175 0 212475 154289 230742 17824 153867 37388 201439 154289 84681 83931 0 14728 142979 211564 80217 0 106711 70173 155337 211564 90007 154289 211564 221179 201367 139389 8220 20119 230338 167572 211834 17824 0 0 12554 154289 211564 84681 211520 191538 103719 211564 180203 155389 0 26238 155471 175970 131069 84653 14728 57718 32619 0 14728 151115 147143 211564 99710 20119 5632 87044 166386 230717 18500 126212 103719 42521 127034 202124 201115 0 0 211520 60212 18500 19128 14397 13837 0 211564 46303 230717 18500 229078 36821 200764 133786 46303 0 70687 94173 0 0 231716 230742 229078 9054 28439 2598 14728 2609 211564 74923 48053 20119 211564 221237 154289 149657 35491 0 94173 27395 18500 182630 103719 230742 0 156418 124221 233190 37388 18500 93341 155337 211564 228575
0 0 106711 123314 73696 155990 0 53725 60209 19128 0 73696 212000 17824 20670 232108 223845 7857 0 14728 16799 59868 155337 211564 202561 14728 52932 154289 156417 107266 13123 106711 53725 75359 79479 107433 219792 16797
177506 79636 211564 177506 79636 106711 103719 211564 17827 18574 211564 0 152608 169353 166578 211564 79636 106711 211564 216423 103719 211564 389 116897 18574 211564 56974 152608 176814 211564 147143 177506 79636 49534 81322 49285 154289 211564 165694 216423 211520 61505 10196 207931 103719 97138 124361 154289 174954 81322 211564 0 8341 155337 17007 3457 2614 211564 216423 26434 177545 162859 214683 64834 211564 216423 14728 36821 211670 103719 229190 0 230753 47551 221873 10196 211564 62446 211564 177506 79636 106711 155389 154289 211564 17831 103719 211564 232891 214106 232108 211564 143422 0
0 0 0 0 106711 211564 49742 126228 0 107266 106711 160358 0 0 155990 0 103719 211564 164956 0 107266 0 211564 0 154289 223845 131770 103931 100381 211564 62609 41748 37388 211564 0 106711 38675 0 107266 94173 26631 47415 19128 0 217345 62609 0 106711 63090 232920 14728 94173 26631 117085 19128 14397 103563 160356 154289 192770 14728 41659 79479 100524 154289 234783 107266 41751 89263 67794 127485 103719 192770 14728 41659 26439 154289 107433 195912 14728 67794 103560 107266 94173 26631 211564 203720 154289 132560 189129 0 14728 134939 26117 211564 28289 154289 16352 0 199473 214004 49973 107433 125014 55888 0 148638 80993 0 19128 14397 105648 99534 230717 211564 160356 39206 179305 0
223254 57919 143826 223254 57919 106711 2794 13837 182430 49519 143826 201290 109373 11740 110789 181829 14728 109373 0 211564 77482 130085 5184 139506 107433 155694 229820 132560 162859 212116 211564 143826 229078 225177 144135 125207 211564 34867 143826 127722 8901
211564 115721 105138 135912 2794 143826 211564 115721 105138 135912 106711 2794 13837 53968 65100 212505 143826 25239 155337 211564 2555 152282 154289 211564 186152 147143 107266 106711 191644 103719 211275 103719 2555 107266 201294 109373 11740 14728 0 0
0 143826 0 106711 2794 13837 8856 143826 107266 201294 57288 0 181821 58065 0 109373 11740 64144 110092 138586 0 201989 0 14728 125529 0
14397 106144 194776 14397 106144 194776 106711 65100 143826 201290 109373 11740 195218 45908 0 198544 0 14728 0 130149 77497 26706 103719 149657 235368 14397 106144 194776 106711 25239 155337 211564 32268 37388 0 0
0 33829 211564 0 33829 229078 34867 175322 125542 107266 229078 195875 139324 127053 155337 195440 215658 107266 230204 81322 0 133257 175349 201394 155337 211564 67390 204216 125542 214004 211834 230243 212475 201403 103719 28439 14728 232840 229078 12795 214004 201304 155337 211564 175349 103719 2310 12974 232108 125542 81322 214004 211564 125542 155686 155337 110897 2318 211564 33829 26434 160800 154289 211564 127034 151901 67411 175349 103719 2486 14728 34867 175351 81322 2545 230072 222419 221763 211564 2506 230711 161110 152748 76461 65941 214004 211564 168612 154289 181722 216118 211564 125542 47950 214004 161110 191559 155337 152302 2555 14728 214004 80885 155337 2428 17007 2576
126136 0 126136 0 106711 2794 13837 49519 143826 191644 103719 44926 107266 106711 211564 191231 214004 136322 211564 160489 14728 136322 211564 0 107266 201294 181821 58065 0 27316 0 109373 11740 0 0 14728 0 0
200455 115506 12554 211564 213307 103719 211564 232891 200455 115506 12554 211564 213307 103719 211564 232891 106711 2798 143826 107266 201294 109373 11740 14728 110008 0 107266 106711 155389 154289 211564 191233 214004 211564 200455 115506 80439
0 0 106711 2760 210151 191406 7973 67784 107266 229078 130085 37388 144112 107266 76212 75359 162859 125207 65330 0 14728 109373 11740 107266 229078 99539 37388 38990 0
110079 0 110079 110351 231512 0 0 0 229078 183361 148169 154351 230959 26434 0 154289 21178 14728 14397 103563 67289 74302 94900 77879 18707 103719 206320 103719 2202 94900 106711 75359 79479 0 211564 0 181560 97782 62567 95751 211564 122199 0 154289 39927 43873 0 14728 131069 212263 140594 94900 61505 103719 206320 103719 2259 103719 2433 14397 21179 69065 63276 229078 147145 0 10196 97401
77879 127034 77879 127034 229078 37015 49856 155736 191559 103719 89266 127034 107266 229078 160800 154289 0 14728 155732 37030 220575 79479 216118 79479 127034 107266 229078 79769 103719 211564 122184 2627 212564 211564 172742 154289 212475 127034 37015 155746 77879 127034 0 230243 197964 154303 28439 58381 2767 14728 110829 2805 232108 211564 122153 47960 103719 191188 2805
122843 0 122843 0 106711 49768 103719 211564 0 59841 103719 165137 103719 151938 80413
49770 154289 211564 0 59841 212204 106711 125993 154289 49770 154289 211564 0 59841 103719 80413 211834 17824 0 49770 103719 211564 59841
0 0 106711 49768 103719 211564 0 59841 103719 0 103719 151938 80413
0 0 106711 49768 103719 211564 0 59841 103719 0 103719 151938 80413 103719 2764 0 162859 126212 211834
0 0 106711 49768 103719 211564 0 59841 103719 0 103719 151938 80413
0 0 0 0 106711 49768 103719 211564 0 59841 103719 0 103719 151938 80413
0 0 106711 49768 103719 211564 0 59841 103719 0 103719 151938 80413
0 0 106711 49768 103719 211564 0 59841 103719 0 103719 151938 80413
0 0 0 0 106711 49768 103719 211564 0 59841 103719 0 103719 151938 80413
0 0 106711 49768 103719 211564 0 59841 103719 0 103719 151938 80413
0 0 106711 49768 103719 211564 0 59841 103719 0 103719 151938 80413
0 0 106711 49768 103719 211564 0 59841 103719 0 103719 151938 80413
39165 39165 106711 49768 103719 211564 0 59841 103719 0 103719 151938 80413
122843 0 122843 0 106711 49768 103719 211564 0 59841 103719 0 103719 151938 80413
0 0 106711 49768 103719 211564 0 59841 103719 0 103719 151938 80413
120370 0 120370 0 106711 49768 103719 211564 0 59841 103719 165137 103719 151938 80413
0 0 106711 49768 103719 211564 0 59841 103719 165137 103719 151938 80413
0 0 106711 49768 103719 211564 0 59841 103719 165137 103719 151938 80413
0 0 106711 49768 103719 211564 0 59841 103719 165137 103719 151938 80413
0 0 106711 49768 103719 211564 0 59841 103719 165137 103719 151938 80413
0 0 106711 49768 103719 211564 0 59841 103719 165137 103719 151938 80413
122843 0 122843 0 106711 49768 103719 211564 0 59841 103719 165137 103719 151938 80413
0 0 106711 49768 103719 211564 0 59841 103719 165137 103719 151938 80413
0 63007 0 63007 106711 229494 214004 38507 99821 61621 218938 232827 17824 81322 155389 15713 211564 195254 229494 212204 232878 106711 37388 52927 99821 132560 213330 235471 148622 214004 43564 155389 232812 214004 218527 107266 105890 15713 232812 79479 73831 211564 0 63007 28439 0 14728 195828 106711 195338 211564 79278 212475 0 43564 155389 105890 211564 157248 14728 211834 106711 151115 229494 214004 63539 107266 232108 77021 211454 212475 0 212204 39206 26117 222419 37388 223845 229751 230711 235471 43564 235518 0 214004 131133 205386 235471 152082 222475 195181 0 211520 39206 58552 211564 190039 154289 211564 229749 211564 86509 139897 63007 28439 218938 0 106711 177324 214004 26117 197529 211520 135976 211520 43574 148622 214004 207868 166386 28439 235518 154868 0 14728 235518 149657 0 79479 42817 229751 214004 8314 235518 149657 0
0 58065 49770 0 0 211564 0 58065 49770 0 0 106711 0 58065 49770 103719 211564 0 59841 103719 211564 165137 178090 154289 80413 212204 0 58065 49770 106711 130085 154289 2195 49770
107266 10988 157787 0 211564 75830 120714 195459 107266 10988 157787 0 211564 75830 120714 195459 106711 14397 70703 74354 232108 135966 195181 214004 64144 52842 235518 0 26694 212000 94342 107266 106711 49749 222419 103719 200213 110434 143422 75360 37388 57091 51595 212204 93582 103719 17007 2600 10196 211564 77879 83155 28439 211564 186339 16250 0 14728 211564 229121 36321 122199 178894 211564 229121 0 66466 211564 147865 25346 19833 166829 211564 0 92143 232553 211564 77879 83155 37164 94900 167575 157515 211520 211564 191406 229078 152082 157787 235012 187951 211564 155720 10988 157787 213219 211564 75830 120714 195459 211564 36321 232553 211564 191406 14728 122199 211564 148316 213769 211564 75830 120714 135976 211564 75830 152015 0 195435 211564 77539 0 198357 229657 225883 95728 107266 39206 13123 177812 214004 16352 76506 155720 195421 103719 84653 211564 187951 13123 135976 211520 107266 12554 157787 230711 211564 75830 120714 195459
81763 152608 62446 211564 81763 152608 62446 106711 191406 154289 155436 71647 0 176814 0 14728 178605 154289 174986 134384 20119 211564 81763 0 152608 169353 166578 79278 211564 0 67346 14728 217871 155337 132800 709 2798 211564 166578 94173 195875 191132 152608 0 130956 37388 211564 214301 69073 169353 49856 0 211564 8341 106711 211564 189950 29231 152608 8341 10196 211564 2614 0 62446 37164 142930 49983 19128 12554 0 17824 106172 20119 211564 213307 154289 211564 0 176814 92143 26631 58065 230753 14728 230243 103719 48905 0 79479 166567 130962 211564 178724 0 194204 64834 21362 10196 211564 67346 37164 211564 71076 166578 229078 78655 103931 127786 0 14728 69074 0 103719 176814 0 14728 74426 0 79479 0 51647 0 211564 50778 214004 211564 69074 89573 229078 35063 12554 169353 79479 51647 229078 127491 14728 0 201307 214004 0 211834 229078 160840 52013 0 103719 0 14728 101018 74307 60446 211564 221982 160800 154289 211564 36147 99752 0 14728 14397 74306 56974 211564 0 105138 176814 77824 35061 157515 20119 176814 60375 26870 104837 0 0 14728 26706 214004 0 199648 152608 81645 0 202494 103719 168474 103719 67181 176814 36146 0 19128 229254 124361 103719 211564 168474 65507 0 154289 174954 0 123146 214004 2729 116867 930 138485 175049 73475 18574 211564 166578 230753 232853 204192 174954 74341 14728 230243 210352 143807 157515 20119 223845 213330 89573 169353 229078 179724 214004 160927 154289 211564 166578 155337 2729 132800 37164 129788 79479 0 212564 56974 37388 78665 77824 14728 74307 229078 202124 152082 232862 78658 232108 174986 229254 212564 211564 0 154289 221187 51320 214004 170349 8323 214004 40761 157515 179113 135996 103719 17831 154289 151938 108586 3843 116867 81322 211564 166578 193935 174986 0 124361 97138 70888 214004 41747 50244 79382 90057 103719 211564 17827 229078 24289 81322 185714 107266 229078 204278 211520 232920 135996 154289 106218 14728 0 104148 211520 211564 178605 81322 81763 17824 154289 211564 186152 156149 154289 130517 19128 211564 178605 154289 212397 107118 81322 211564 0 62446 103719 2614 214301 154359 185390 211520 208656 229254 193890 152082 26117 222419 214004 170104 79382 79479 45105 0 0 94173 26631 60499 103719 211564 197874 20119 218938 195800 103719 211564 166578 218938 232853 0 19128 0 155337 3340 132800 92143 26631 74333 214004 28439 2731 14728 0 0 154289 174954 20119 211640 0 230711 201104 103719 229254 103719 221167 174954 124361 223822 231111 157787 213307 14728 126616 211564 152608 0 20119 108586 81763 14728 157248 152608 74875 175430 174235 7973 211564 82202 154289 152608 169353 0 14397 70598 149757 229749 185390 211520 211564 54038 20119 108586 81763 152608 166611 94173 0 122873 70598 52931 214004 180134 211564 185194 154289 211640 74101 0 14728 41135 64716 155337 211564 199553 14728 188064 154289 166567 0 18574 211564 232891 79278 211564 81763 152608 62446 211564 105688 70598 10356 0 107433 72707 154289 9080 152608 0 39697 214004 26117 36156 37388 0
181821 0 181821 68070 0 108565 2004 2489 152302 2731 229078 14397 13837 21257 0 14728 179233 97782 126055 103922 148702 76314 14728 102295 97782 143422 168604 32309 103922 13449 211564 44365 10196 211564 77879 58165 229614 12554 75233 64834 14728 211564 45593 228806 12554 154289 212397 152298 232553 21847 132560 162859 216810 214004 113978 97782 77879 32268 211564 45593 228806 157515 154289 124759 26439 212000 212409 107266 229078 22852 79479 45105 97782 32309 154423 193919 8155 137278 102989 226295 180084 0 14728 51030 103719 143422 154289 97782 152298 211564 87949 43769 75029 181821 0 229078 32619 103719 0 134093 221179 201367 103719 211564 80931 160800 154289 211564 215473 38675 80931 97329 97782 160489 230243 84975 123835 14728 0 0 181821 229078 211564 189950 154289 68599 45105 97782 75344 143807 154423 214004 197529 212000 52784 161742 211640 179042 99838 212000 149622 123266 0 73569 230711 181821 229078 154879 94900 201493 148449 94900 158184 204636 98682 2428 139324 21857 81322 97782 98760 0 203340 20119 200764 0 0 188807 107266 229078 170677 41566 188807 94900 26706 233186 230711 94900 229078 103719 211564 77879 88711 94900 229078 169598 20119 188807 79479 97782 167492 94900 77879 58417 214004 26486 233178 103719 6374 88711 94900 229078 70354 37388 0 214004 233174 167467 94900 230204 0 97138 188807 14728 88734 19128 211564 170203 154289 97782 47394 19128 0 20119 0 201354 49066 94900 92143 97782 77879 193790 202561 172270 49066 170938 78707 0 191033 155389 154289 97782 202517 214004 147865 41566 130312 38675 211564 194776 192713 61448 152082 0 26694 192713 191033 211564 202561 214004 211564 130312 94900 229078 158851 6170 0 67289 232840 229078 233186 9601 79479 174983 122199 94900 26434 14397 21842 110435 73569 212407 94900 26434 231111 117085 94900 149622 202475 233186 79479 97782 126587 149787 211564 0 0 0 26434 81807 233178 10196 97782 77879 152282 79479 209844 211564 45593 228806 26434 204029 211699 94900 233215 157248 32309 204070 19128 13449 211564 44365 14728 10196 211564 77879 58165 94900 212409 235488 162859 103719 141226 197680 74225 132560 170762 94900 172946 97782 212415 14728 0 105890 97782 152298 198502 94900 26434 117085 19128 225177 87949 233178 0 233011 152082 43564 97782 229494 154289 212124 214004 166874 157248 162859 94900 232553 211564 132953 68159 21842 81322 211564 235488 9535 191559 63276 154289 211564 13837 124760 19833 212204 21842 106711 79479 233179 230959 86505 235488 9550 149657 229494 214004 190122 211564 232891 220704 211640 166386 103719 197680 0 222419 176858 166408 103719 198218 154289 97782 32309 97782 98760 0 26434 211564 215473 154289 142644 103719 211564 202561 211564 176858 166386 80931 97329 26434 0 162859 94564 216810 214004 24005 211564 45593 228806 14728 113978 107266 157515 154289 188829 14728 124759 212000 61448 152082 228767 45105 214004 176818 211564 32268 26439 107266 60209 191869 8882 14728 222419 9535 121660 211564 32268 13123 60209 189969 197679 14728 203336 34151 183834 211564 32268 229078 43286 132560 213330 28439 2625 14728 2731 8412 214004 211564 13837 124760 19833 155471 212475 157248 32309 230243 43286 142930 154423 66466 211520 213307 125995 37388 172252 57718 152298 49048 0
175627 0 84653 195635 175627 0 0 229078 14397 154351 103719 211564 34867 18445 14728 211564 88549 154289 149657 198989 228448 81322 2254 0 229078 211564 77879 88549 214004 232840 232108 14397 73989 52820 130085 221873 154289 211564 125000 44991 111072 49246 189975 14728 211564 0 211949 80175 162859 14728 15713 212475 162859 211520 0 52784 190510 233011 131133 221873 211564 123361 52820 0 229078 74195 214004 79273 211640 9608 103719 88539 149657 198989 228448
44926 31076 76926 211564 44926 31076 76926 106711 31076 76926 103719 44926 95534 73650 234772 103719 110897 195338 2611 211564 76926 106711 99539 37388 211564 47071 154289 44926 135016 154346 154289 199447 73589 107266 106711 95534 20119 0 145265 192863 14728 80175 157248 200915 103719 88969 160580 20119 211564 0 154289 121016 138608 211564 76926 106711 80748 14728 107266 106711 211564 121959 80748 31076 76926 103719 211564 232891 143422 154289 211564 145280 49502 81322 44926 44926 229078 225177 103563 79479 211564 60722 154289 31076 132560 162859 81322 211564 198989 230204 214004 44926 214004 77580 28409 125014 14728 211564 35272 211640 145268 215715 232108 211670 103719 211564 48072 154289 211564 198989 194518 149657 203498 117085 19128 44926 31076 60716 132560 0 130085 211564 47071 75359 79479 107266 31076 145265 188290 212204 234783 76926 231473 26117 95534 81322 110897 696 103719 211564 88969 160580 18972 17824 14098 157251 11797 115967 115967 29406 0 31239 0 31325 31042 0 31325 184061 0 0 35964 91366 38829 110217 40317 27053 40397 0 44926 31076 145225 12554 201294 46166 28094 47324 0 35294 64978 110079 67900 0 67900 39094 67900 0 0 0 0 108345 0 181853 0 25376 0 0 96049 0 0 108345 0 0 108345 52708 109335 0 109723 110092 109723 182185 110079 123182 99083 0 209463 110087 0 110087 231897 110937 230102 114083 0 0 209463 126136 139600 126136 231529 0 0 35206 0 0 127635 177506 128713 12709 130386 196691 134586 145083 137047 196691 138640 209463 211564 149643 35259 0 184061 0 0 0 0 0 176597 43873 181821 0 24053 181821 0 110534 0 0 198311 189744 0 195423 0 176597 0 204246 31042 0 196691 0 0 231529 0 125234 67878 231515 14728 211564 31076 0 14728 110087 142767
139600 114760 42521 175349 201394 139600 114760 42521 106711 175349 201394 103719 139600 114760 0 70687 107266 106711 155337 211564 230338 48339 130919 125542 28439 0 201394 103719 127034 14728 86685 107266 106711 7973 151985 154289 127034
181060 214004 0 211564 181060 214004 0 106711 230711 52932 12799 162859 214004 83938 0 155990 152082 14728 227051 14397 155805 155990 170756 212000 212116 193890 26117 0 232141 18672 155990 172630 37388 211564 88542
0 0 134939 135953
0 125542 211564 106711 175340 125542 103719 0 169934 108586 107266 106711 160800 154289 211564 110534 67390 206730 211564 125542 183969 81322 0 201394 103719 0 214004 0 201394 103719 0 107266 50790 211564 0 130919 125542 214004 211564 42521 48339 154289 0 169934 107266 50790 232108 211564 0 67390 125542 14728 0 130919 125542 20119 0 201394 211564 0 125542 20119 0 201394 14728 211564 0 125542 20119 0 201394 32895 103719 0 0 211564 125542 49285 106711 165767 211564 125542 106711 157685 211564 17827 230717 0 40264 39206 26117 222419 180904 193890 155471 222417 0 28439 0 14728 0 201403 161173 212397 201403 211834 134939 26117 199447 229494 214004 161742 211564 0 222475 0 211564 125542 229078 56974 37388 211564 2798 0 67346 14728 217871
0 0 0 106711 215473 103719 0 169934 77936 106711 14397 103563 37084 103719 212204 215473 211564 110534 67390 0 125542 202482 96237 20119 0 201394 211564 215473 229078 22925 56974 37388 211564 2798 0 67346 14728 217871 211564 217871 176792 134918 154289 1573 138172 103719 95407 14728 230204 19128 144135 19128 155389 0 103719 81322 211564 48339 8412 214004 198218 8428 211564 229438 229078 73569 97150 103719 166408 107266 60446 211564 215473 42473 20119 122983 3844 162859 61505 211834 17824 212475 152608 0 103719 0 212000 39206 170881 221873 214004 0 0 154289 69081 211564 166611 21362 194204 64834 10196 211564 132800 709 67346 232141 16352 8347 211834 106711 151115 166497 214004 201304 211564 166611 10253 66466 2798
0 0 19128 154289 108565 2794 7973 0 162859 126212 211834 211520 229078 0 162859 162942 116897 211564 215203 17827 106711 0 116897 0 229078 155389 211564 47024 143422 191418 10000 37388 211564 2798 0 67346 14728 217871 28439 132800 14728 3942 20929 2798 132560 162859 123266 0 5056 77021 162859 155990 126212 211834
0 0 0 0 32619 2428 58381 2604 103719 0 106711 14397 0 79419 166800 94900 166834 166834 79479 177506 36292 186043 103719 211564 21208 36489 94900 106711 58742 94900 201307 166817 79419 232108 0 47071 52820 103719 2639 94900 230204 214004 17937 230717 94900 166799 79479 0 0 3797 63276 14728 79479 0 0 0 4523 63276 97782 122153 48053 103719 17937 229078 18763 58065 0 0 230717 94900 166799 218938 189828 2767 94900 229078 215978 214004 73312 79479 139506 230638 130085 97401 211564 143422 74223 166800 81322 219771 94900 194796 79479 212475 234783 14728 198502 26434 178180 166800 79479 76135 177506 36292 186043 0 13123 166834 79479 211564 0 147865 79419 209622 14728 106711 211564 209622 39927
0 217974 201394 0 106711 127034 220635 201394 155337 211564 0 125542 107266 106711 211564 189950 143422 0 201394 155337 211564 125542 28439 0 14728 0 201403 14728 106711 103719 216268 237304 211564 201394 106711 155337 211564 67958 154289 211564 0 17827 154289 0 0 14728 106711 20119 211564 110888 154289 0 181722 0 14728 44013 181722 211564 157248 70392 154289 44013 181722 106711 47948 214004 0 217974 201394 33529
124726 145556 124726 145556 90017 151827 117085 19128 124726 145556 106711 232920 105341 49856 107266 229078 201307 103719 2461 211564 94901 154346 106711 25239 103719 32840 134093 107266 0 157787 4798 162859 103719 157787 6732 154353 18574 211564 232891 212000 17824 211564 212164 121959 171272 14728 0 0 103719 211564 221179 201367 25239 155337 2794 233190 0 211564 49856 190640 127496 154289 61621 105341 170897 125207 39982 105341 98682 105341 14728 37084 105341 107266 13123 158193 157248 105341 49852 49975 155990 160914 103719 52931 125207 17937 34076 45111 45210 103931 98942 117662 49220 104132 167675 168879 195406 199229 211379 218489 224625 14728 225750 211564 55485 94901 154289 211564 37084 42600 106711 68070 209795 114164 94900 229078 16914 42600 103719 2639 124726 145556 201307 103719 2461 220575 211564 147143 134093 70137 105341 19833 0 211564 147143 229078 43566 103719 2470 214004 211564 124726 145556 105341 49856 14728 212564 0 232108 157248 49852 212000 201307 214004 190615 81807 53187 39982 167768 103719 2577 124726 145556 26706 154337 125014 105341 212564 107433 124726 125014 0 160800 154289 211564 37084 157787 211564 234783 124726 145556 94173 33055 152743 154289 157248 121947 49852 19128 14397 73831 103719 2768 212000 33055 211564 0 52265 124726 145556 10589 214004 37298 12554 157703 192523 154289 0 79479 5861 162942 192509 79479 215203 170402 154289 16982 29445 103719 2560 211564 124726 145556 179442 105264 79479 185194 229078 201307 107266 203344 185194 14728 95014 154289 162859 20119 232840 107433 232840 94173 95751 214004 0 129782 0 0 99821 214004 232840 185186 232108 129789 211564 52149 205552 39982 14728 0 0 212000 95751 214004 79730 211564 25337 79479 147865 14728 105688 185194 201090 211564 105264 189138 63539 77235 14728 120464 74240 155337 211564 130919 41751 154289 232840 104880 14728 62385 212000 172269 211640 77584 103719 189129 126055 211564 77584 17824 211564 25337 79479 185194 171021 9608 14728 197819 212000 17824 222419 37388 124726 145556 127480 51429 0 214004 95750 0 103643 232852 185194 211564 105264 232840 106711 21499 214004 211564 172247
0 217974 201394 0 106711 127034 220635 0 125542 201394 107266 106711 103719 0 28439 0 90039 14728 0 201403 107266 106711 103719 216268 237304
0 89315 217974 201394 0 89315 217974 201394 106711 127034 220635 201394 107266 106711 20119 211564 110888 154289 0 89315 181722 14728 0 181722 103719 151901 127034 211564 201394 106711 155337 211564 0 125542 28439 232608 89315 14728 0 90039 201403 107266 106711 155337 211564 33142 28439 216268 237304 14728 237304
232608 89315 217974 201394 232608 89315 106711 127034 220635 201394 155337 211564 0 125542 211564 201394 106711 28439 0 121552 14728 0 89315 201403 14728 106711 103719 216268 237304 107266 106711 126612 20119 110888 154289 232608 89315 97138 181722 14728 0 121552 107266 191547 232608 89315 193765 47071 14728 211564 148449 0 52820 9359 49983 19128 230072 19128 0 168622 179521 17827
129923 181560 211564 129923 181560 106711 155389 154289 211564 130919 104913 181585 103719 149657 198989 228448 107266 26734 103719 211564 42521 97160 154289 149657 198989 228448 148448 211564 215473 154289 0 211564 181560 78838 151985 161173 211564 215490 154289 0 230096 0 0 14728 229011 214004 211564 129923 133557 211564 129923 133557 211699 65073 105890 211564 127801 0 181560 14728 211699 105890 211564 0 181560 0 56969 106711 121947 56969 39697 2429 0 148448 230096 230742 98461 211564 229326 154289 211564 129923 181560 14728 107433 216716 211564 0 181560 14728 211564 0 181560 214004 202463 78665 14728 171676 229254 79479 106655 211564 56969 130085 121016 0 211564 129923 181560 78838 79479 0 115807 14728 65511 18574 0 138172 157787 107433 123719 121016 0 0 106711 211564 155471 56969 155337 211564 181560 211564 129923 181560 201320 20119 230835 181955 148448 0 20119 14397 69277 154289 0 195875 181585 78817 105890 211564 129923 181560 211834 17824 2428 0 211520 78817 105890 211564 129923 181560 211564 129923 206730 53201 14397 17827 154289 142930 211454 6133 200532 115807 157787 6062 154289 121387 106711 78294 14728 2004 106711 0 211564 179678 106711 201607 214004 143688 176795 6732 138172 211564 67390 33142 106711 79769 37388 211564 89263 63254 175921 81322 148448 0 103719 211564 198989 214004 0 103719 211564 151901 143681 180908 87519 151901 81322 211564 89263 63254 175921 79479 7973 4547 115807 211699 211564 33142 218565 151901 81322 0 148448 211564 201304 154289 211564 181560 107266 161127 211564 79278 84990 17831 175384 223830 8816 211564 17827 0 37388 211564 129923 181560 211564 143681 211564 161946 14728 0 177140 97150 175384 65941 214004 211564 0 68258 154289 211564 205516 175932 211564 89263 63254 175921 17827 177145 28439 6171 214004 6732 140963 15619 136155 175384 212204 106711 75263 0 212566 211564 234772 0 103719 211564 63254 175921 12799 141508 0 11019 214004 161076 104913 15619 136155 175384 154289 6171 140963 155990 142930 106711 74225 82092 230494 82092 151901 107266 106711 0 103719 211564 0 14728 138926 168834 154289 211564 129923 223384 211564 15619 136155 175384 106711 3844 214004 4547 140963 175384 39206 223922 0 157787 191779 234783 177401 193919 211520 175384 39206 26117 2730 155990 124118 211454 5055 154289 211564 21611 15619 77329 0 223830 81322 124118 211454 391 140963 198989 154289 0 221873 214004 142930 211454 2731 140963 20119 0 211564 0 162859 17824 211564 156418 162859 214004 126209 103719 211564 129923 181560 17827 211564 0 38675 211564 181560 0 211564 75359 0 229026 0 38953 81322 211564 221982 129923 181560 178090 94900 229078 115718 103719 216675 25670 12976 211564 181560 103719 2261 148448 0 28439 211564 129923 181560 14728 0 53764 211564 154882 73683 154289 34115 131180 103719 211564 232891 7973 3843 234783 154868 229078 80147 20119 14397 14710 121016 117085 19128 0 200362 211564 221982 160927 154289 211564 129923 181560 230243 77879 190178 37388 73316 103719 2228 211564 181560 229078 147145 79479 211564 88549 154289 149657 198989 228448 0 129923 103719 2228 0 85064 73528 233215 103719 97782 110432 218062 3934 152302 2228 94564 20119 123719 176792 211564 180908 197529 144135 0 214004 63539 10196 228483 7973 139324 230717 92143 0 214004 211564 151901 79479 89263 63007 0 0 81322 160800 0 214004 26117 181560 155990 121947 120863 7973 2729 139324 154303 212741 7090 58381 2228 94564 38675 211564 130919 202886 129923 181560 103719 2238 110079 0 79274 211564 0 14728 129923 181585 103719 2259 43873 0 171652 211520 129923 181560 70414 103719 133557 94900 62562 211564 0 181560 211564 129923 181560 17827 106711 0 229254 131825 17827 14728 103929 170677 106655 19128 230072 19128 191779 172247 106655 0 211564 129923 181560 94173 97888 154289 78658 10196 131069 78665 229254 39206 78817 161173 211564 129923 133557 14728 105890 211564 0 181560 206730 0 154289 0 177427 8881 17824 168604 12974 211564 123719 154289 211564 181560 160871 103719 211564 49798 107266 161127 37388
0 121552 217974 201394 0 121552 217974 201394 106711 201394 20119 0 121552 155337 211564 0 125542 154289 211564 127034 220635 28439 132360 99710 14728 232608 89315 201403 14728 103719 216268 237304
132360 99710 217974 201394 132360 99710 217974 201394 106711 201394 155337 211564 0 125542 154289 211564 127034 220635 155337 211564 33142 28439 216268 237304 14728 237304 107266 0 211564 32497 28439 211564 127034 32665 154289 0 14728 0 211564 168994 9091 14728 212475 154289 211564 0 26870 103719 211564 79776 14728 155389 71122 103719 211564 122308
0 0 106711 211564 77539 225971 103719 65041 23657 70444 211564 191406 214004 34765 79958 65041 23657 0 94900 16807 103719 211564 218841 14728 77539 143826 154289 211564 191406 0 201320 157515 19128 225177 121947 37164 0 183176 0 230711 0 0 0 89272 94900 0 214004 196938 212131 235012 75509 142930 169367 79730 204931 0 94900 94173 172818 18414 14728 177506 196141 232108 207659 0 229078 156422 14397 0 79479 115967 0 232862 20119 129782 211520 52784 34765 22689 211564 58075 230711 211564 129782 0 211564 0 218540 105890 0 135979 211564 0 35272 12554 211564 58075 0 22689 214004 125014 155337 67320 220575 81170 49603 0 87519 214004 58113 232108 211564 0 230753 0 14728 0 87301 214004 58113 232108 0 230959 94173 216193 115967 0 105138 97782 159016 0 0 14728 0 26726 211640 77301 103719 211564 220745 0 106711 7906 214004 58113 232108 0 10196 198218 0 14728 211564 142307 0 105890 204931 0 204931 0 0 169353 124353 12799 97401 214004 67382 58113 232108 204931 0 0 0 14728 0 230959 92143 26631 86509 97782 31473 210352 214004 95750 77301 0 73592 0 14728 0 0 37164 198250 87519 233204 14728 212000 26486 225177 75830 14728 229618 82148 147145 0 115967 0 0 211564 0 221873 82148 155337 0 26439 94900 61448 152082 202990 97782 104124 77608 157515 0 0 97443 21857 81322 204931 0 79479 211564 149841 3843 140071 37388 0 103719 212397 3843 140071 0 14728 0 77301 180173 97928 212000 26726 67382 58120 232108 97401 14728 211564 148277 73592 26274 97401 19128 204931 0 232108 204931 0 85757 20531 111067 10196 0 106711 63844 87949 109942 0 154303 211564 0 230753 81170 0 0 14728 0 94900 156158 97782 137055 214004 20531 211564 52962 37164 0 67382 85463 212564 211670 14728 0 81170 232108 0 30582 14728 172570 214004 211564 91310 20119 211564 186152 213307 212204 131156 12554 211564 178724 0 179923 22689 103719 211564 220745 0 14728 0 0 14728 217615 0 10253 212204 213307 107266 106711 204029 14728 204931 0 229078 32619 204931 0 130085 174278 232840 154289 204931 0 14728 220066 60446 97401 0 130085 151115 157248 16799 10196 58165 156418 0 201320 157515 19128 121947 234862 0 142307 14728 106711 13123 225177 75830 204931 0 204931 0 106711 75509 196938 14728 212131 211699 97782 156418 79730 94900 106711 152375 177506 232108 172818 0 172818 94335 125207 153625 155337 97782 94901 14728 142930 94900 94173 234862 74584 125134 0 175361 14397 20531 211520 77824 193790 26180 154289 70598 222419 103719 211564 15356 14728 39206 26117 222419 103719 65041 23657 0 30582 204931 74308 39478 14397 20531 103719 230742 204931 0 77824 169367 26180 81322 97782 143777 106711 222419 155337 0 103719 211564 15356 103719 0 14728 39206 26117 222419 103719 65041 23657 0 30582 105226 216072 204931 0 39206 13123 222417 105226 216072 222419 103719 211564 15356 14728 39206 26117 222419 155337 65041 23657 0 30582 61920 168770 204931 0 39206 13123 53703 61920 0 230742 12790 97401 214004 143805 81322 166386 214004 166386 19128 193952 103719 211564 15356 14728 65041 23657 0 30582 61920 206256 0 204931 0 0 97782 208850 179140 232108 97782 61920 206256 26694 0 103719 81351 154289 97401 14728 77849 204931 74308 39478 141612 200049 204931 0 39206 200049 97782 141613 131180 97401 190173 214004 0 0 0 103719 65041 23657 0 30582 139844 0 39206 53703 139844 154289 97443 214004 20531 0 131156 97782 155471 16797 103719 65041 23657 143826 930 82148 0 0 39485 199415 103719 97782 156418 79730 12554 94900 39206 187916 106711 97782 147143 37164 19128 204931 0 12554 94900 131156 17824 0 14728 0 195181 214004 115465 0
0 0 106711 14397 71048 63100 14728 177506 125097 63100 103719 0 211379 37160 150392 133257 10974 20119 215378 106711 13123 126612 103719 0
0 0 0 0 0 32619 154016 3244 2609 103719 0 0 131372 106711 174806 39982 65413 0 201307 49925 103719 0 103719 2634 103719 2640 94900 143807 214004 34867 79799 79539 94900 143807 214004 34867 79799 178912 103719 2731 14728 214004 34867 79799 212475 103719 2750 94900 143807 214004 211564 0 191406 79479 2760 14728 2764 94900 61448 152082 189270 16352 167572 103719 0 0 174811 103719 211564 0 88865 170703 191406 79479 209622 131372 94900 211699 174811 103719 211564 79799 178912 191406 103719 2767 0 179986 214004 0 103719 2768 65425 79479 211564 204931 152254 209622 103719 211564 0 19469 191406 103719 2772 94900 174811 103719 211564 79799 178912 191406 79479 0 174864 94900 77651 103719 189950 166386 103719 211564 43448 0 0 229078 155389 154289 0 74686 211039 14728 179480 65415 79479 94900 229078 15599 19128 211564 212164 65413 79479 127551 79479 211564 2794 189821 0 65538 103719 211564 77879 80748 169516 191630 20119 211564 0 88865 170703 211564 34867 88865 170703 211564 85222 88865 170703 14728 211564 8131 0 88865 170703 20119 211564 70392 154289 211564 2794 189821 0 123266 127551 174864 94900 110117 178912 19128 211039 65413 79479 211564 2798 189821 0 179986 214004 81807 174864 103719 2798 94900 94173 176781 79479 204931 152254 174864 214004 65407 103719 211564 2798 0 191406 189821 14728 2798 0 19469 191406 189821 209622 0 189821 103719 171025 189821 103719 171025
83780 0 83780 0 106711 219051 154289 0 211564 186267 211520 106711 87591 214004 26117 211050 106711 77879 218540 105890 83780 14728 211699 40720 212564 49388 37388 0 40723 83780 204070 19128 95641 155990 157248 0 83780 204070 19128 150922 19128 211564 186267 106711 40720 212564 211564 49388 107266 106711 191133 105890 107433 104220 50021 214004 8599 212204 211564 49388 106711 99717 105138 14397 157783 230717 211564 210306 106711 51436 214004 12790 211564 104220 50021 214004 74103 211564 49388 20119 61621 213330 103719 0 40723 83780 107266 106711 103563 214004 190510 83780 211520 231473 152082 176797 232108 211564 50021 154289 211564 186267 211564 40723 83780 193890 13123 26117 7906 214004 0 97138 210307 65941 214004 211564 157783 211564 78817 176309 154289 211564 40723 83780 106711 103563 103719 211520 102493 107266 106711 214672 97138 211834 106711 152082 70888 213307 79479 211564 186267 214004 105461 232108 211564 49388 14728 151115 191137 231473 26117 190178 102493 107266 106711 214672 196833 211564 74230 134939 207868 225177 127053 213307 211564 130919 219051 154289 49395 222419 103719 83780 0 106711 0 49388 158585 49395 17824 53704 154289 0 0 155990 0 201575 214004 104005 191137 154289 83780 186267 49395 145387 26117 53704 154289 121947 123719 14728 17824 0 214004 77990 105138 154289 211564 157783 0 49395 17824 191133 105890 218938 41477 228497 0 155678 0 14728 205281 0 155678 0 0 17824 0 217991 232108 212100 122715 154289 0 164275 14728 103719 0 211564 217974 106711 125557 232108 212100 77482 154289 205281 134372 19128 211564 186267 143821 212564 211564 49388 211564 104220 160927 154289 211564 186267 26486 51202 232108 211564 134372 105138 154289 211564 49388 14728 17824 211699 178602 212204 8856 12799 79479 186267 214004 26486 191133 107266 106711 103563 211520 211564 157783 106711 39687 154289 0 51045 210306 195338 143813 154289 211564 186267 212564 211564 49388 0 155337 211564 31706 167572 154289 211564 186267 26870 0 211564 157783 193890 26117 191644 214004 210306 211520 106711 196685 97150 211454 107433 31706 167572 79479 186271 232108 121947 31706 175921 210306 171008 39206 26117 222419 103719 230742 211564 49388 210306 106711 175430 37388 222475 97138 210306 211564 186267 143821 212564 211564 49388 75813 230753 20119 127801 210307 211564 186267 143821 196838 37164 28409 179582 106711 8600 132560 219063 154289 0 17824 222419 103719 83780 0 0 232108 211564 143422 49742 17824 78198 0 211872 0 14728 134087 0 0 103719 78198 0 0 211564 191133 186267 81322 211564 49388 106711 62311 105890 78198 37388 53708 227287 148448 211564 0 213547 14728 211564 0 211564 106276 211520 17824 170882 81322 211564 78198 216266 215448 211564 0 78198 0 17824 152082 39687 154289 0 98088 48270 197529 14728 48270 232108 211872 0 0 211564 186267 81322 211564 49388 106711 161104 105890 14397 17827 211520 106711 0 95087 211564 211872 0 154289 211564 49388 106711 177706 230711 211564 186267 161127 157787 37388 230711 212204 153879 211564 0 0 221873 14728 135997 211564 43564 103719 179557 211564 211872 0 0 106711 39687 154289 0 12554 219063 154289 50051 134087 0 135997 211564 134087 214004 43817 176359 154289 0 106276 154289 186267 211564 157650 154289 49388 39206 26117 76292 62328 105890 211564 0 43345 154289 211564 134087 0 134087 0 0 106711 39687 154289 26870 7906 214004 153774 104587 81322 0 191133 50021 218938 219063 154289 134087 0 0 222419 17824 0 14728 213307 154289 78541 134087 0 103719 0 0 227287 106711 170882 230742 131156 106276 154289 199476 134087 214004 216266 214004 211564 0 103719 213307 154289 78541 134087 0 211564 199553 154289 14397 106250 106711 135994 12798 211564 134087 214004 43817 176359 214004 26117 117085 83780 0 106711 178186 222419 214004 60208 230638 106711 105138 49983 186267 211564 104587 153776 81322 83780 0 106711 166389 105890 89014 154289 0 179655 225119 211564 213307 211564 186267 123012 211564 49388 102493 211564 191132 160927 154289 49983 186267 49502 157515 20119 61621 213330 75509 16505 81322 155389 15713 107266 106711 168985 214004 60530 230638 38953 157515 154289 211564 49388 102493 186267 106711 49866 214004 201081 0 107266 106711 168985 214004 117071 99821 144135 154289 191133 160800 154289 211564 186267 131156 221873 211564 186267 212204 106711 222422 103719 0 173945 154289 170887 204070 19128 136194 0 155990 0
0 0 106711 14397 102279 211520 106711 222419 103719 73652 121660 14728 103719 126817 103719 156171 121660 107266 135976 52293 155990 103719 211564 181060 79730 14397 18015 106711 223308 102493 107266 190177 16962 230072 14728 39206 26117 58741 51354 106711 223308 102493 107266 106711 0 103719 122624 103719 157248 232827 107266 16901 123294 214004 160868 195835 24247 106711 223308 102493 107266 39206 26117 0 14728 222419 79479 172742 14728 0 106711 223308 102493 107266 124201 211564 98450 49502 103719 14728 87301 157515 154289 52932 231473 106711 223308 102493 52302 130085 14728 42829 37388 14397 16962 53054 103719 12554 211949 40999 223308 177835 214004 211564 0 103719 198218 195835 126818 222438 154289 212204 102279 17824 195181 37164 0 144135 142930 73802 107266 106711 152124 214004 63539 232108 156171 102295 154289 217599 217599 167587 0 214004 211564 232891 0 155337 211564 157248 93203 167587 0 214004 211564 0 211564 50310 154289 223308 18015 106711 126818 50925 154289 107433 0 14397 73831 154289 223308 18015 106711 86509 37388 211564 79278 230072 0 14728 107266 106711 152082 217501 211520 197729 229078 89315 211564 170756 232108 211564 18015 106711 211520 107266 106711 152082 198895 103719 156149 79479 0 18015 214004 26117 198895 211564 0 145387 26117 223308 14728 12554 211564 0 217501
115967 66192 115967 66192 229078 211564 115967 154289 189316 103719 231512 192221 166784 129651 94900 229078 190178 19128 150117 115967 94900 229078 81154 232108 129651 94900 229078 144995 37388 129651 197529 211520 129651 39206 26486 115967
214398 0 212263 0 32619 20929 2567 103719 0 211275 106711 14397 13837 170924 233134 230959 155357 232851 79479 233396 94900 106711 170740 28289 117085 79479 97782 207497 209637 211564 0 31446 14728 211564 0 220575 211564 147143 237102 94900 229078 131824 37388 109703 0 14728 204843 97782 35254 106711 35356 0 28409 117085 19128 35254 127722 94900 229078 77789 37388 233396 103719 2804
0 71605 211564 0 71605 106711 14397 71605 81322 173989 136045 161567 0 0 211564 71605 103719 2496 211564 71605 60212 211564 26787 154289 0 69162 14728 207902 199447 178578 105890 8420 211564 71605 193935 211564 74093 154289 0
30969 204740 2480
30969 204740 30969 204740 39206 177812 214004 191779 73589
134866 0
0 89315 0 123833 89315 32619 108565 2729 2592 106711 14397 13837 195421 94900 106711 211564 122855 195421 79479 211564 34079 95140 137943 24053 0 0 185390 7973 211564 195421 211834 229078 213307 230711 211564 102279 154289 0 177399 232141 134866 0 190174 0 37164 211564 0 89315 218540 157515 214004 26117 77591 179186
0 57116 0 106711 206146 133632 206256 163140 37388 170924 57129 154289 216688 154289 0 103719 10083 14728 158988 107266 106711 225177 14710 57116
0 0 106711 211564 156271 50048 232108 211564 44479 79799 0 212204 47565 141117 67447 125896 106711 211564 195257 73831 154289 211564 0 0 39206 26117 140760 232108 229254 107266 106711 14397 103563 198162 154423 214004 47544 212110 103719 211564 120464 49742 222438 154289 0 103719 211564 98682 17824 19128 211564 8871 104728 103719 146915 167795 0 14728 19128 158896 212131 107266 106711 49742 36146 30851 103719 156271 44501
0 0 126046 0 0 103719 54165 154423 177831 214004 19128 0 106711 211564 0 54165 210766 79479 219051 154289 116965 222419 79479 115737 170651 103719 54165 50221 39165 103719 232891 228806 102710 211564 116965 82723 0 103719 211564 79776 0 52931 26439 107266 229078 222419 37388 211564 54165 222546 66466 232891 228806 102710 79479 211564 115737 154289 170651 103719 211564 50221 39165 154289 211564 148259 104109 201354 154289 54164 143422 152089 211564 0 50221 39065 211564 225571 230243 191305 145354 109486 0 14728 182369 103630 155337 72911 90007 103630 155337 211564 90007 211520 212000 230243 0 0 179557 136992 155990 155337 211564 0 154289 207931 160800 103719 15961 8881 211564 221982 160800 154289 211564 116965 229078 130085 154289 122987 19128 198721 154289 0 60294 214004 26117 232941 232108 211564 212651 87591 212564 211564 98463 197529 211520 155471 211564 30424 0 81322 211564 93203 107266 229078 55572 930 48173 127053 116965 232108 211564 67958 155337 107433 0 194518 211564 116965 229078 0 214004 0 157755 51787 166684 230753 211564 166684 229078 0 214004 212025 122987 0 211564 116965 229078 78071 155337 211564 0 166684 103719 156149 214004 170349 104877 14728 214004 170349 207931 40275 154289 191132 116965 103719 156149 214004 103643 211564 232840 199553 204070 219051 154289 230664 0 116965 229078 132527 170618 214004 14728 66466 232891 228806 102710 37388 85222 74910 0 0 81322 0 220575 211564 215696 0 0 0 229078 207888 157787 103719 2573 37388 0 0 103719 211564 0 50221 39065 49929 103719 0 0 230243 156301 37388 211564 222546 211564 231849 154289 155389 204070 49928 0 0 0 211564 0 154289 3844 155990 0 170651
0 149657 235368 0 106711 47071 103719 211564 201354 154289 149657 235368 107266 106711 148448 162681 14728 195815 12974 211564 0 181560 103719 2794 4872 162859 126212 103719 211564 47071 230753 0 162859 126212 103719 211564 138213 17827 103719 211564 161173 0 229078 117085 79479 131180 0 193668 14728 50118 101962 201307 103719 211564 0 17827 214106 211564 17827 106711 98682 214004 0 221237 0 106711 98682 214004 211564 0 190875 98182 209622 14728 211564 0 0 25235 209622
47413 154289 104135 47024 211564 201447 154289 104135 47024 94173 218938 88542 154289 104132 175977 206745 222419 214004 161742 232853 142930 103719 198218 47024 211834 17824 218938 0 0 47071 0 0 214004 161742 142930 26439 107266 106711 142930 74223 214004 37298 212110 103719 47024 0 106711 63247 105890 41477 14728 99710 179042 0 0 106711 211564 189950 9080 161769 107266 106711 63247 105890 41477 14728 212204 166497 229078 77879 25239 155337 211564 0 154289 211564 77282 161742 49712 154289 104132 2638 47071 0 230243 122199 43566 25239 155337 211564 179765 154289 211564 2747 42444 154289 104132 211564 79278 125993 0 191779 104135 47024 25239 155337 211640 0 14728 0 0
0 0 0 0 32619 3051 76226 2595 103719 0 21205 106711 179879 21208 79419 138961 152375 94900 106711 19818 48275 154289 211564 21208 0 209622 14728 0 79479 211564 161742 218757 90017 196303 94900 201307 97782 40279 103719 211564 235536 209637 154289 0 14728 195956 0 0 97782 170924 40279 201307 232108 195956 0 0 94900 166799 213219 2637 79479 212204 209622 14728 232553 211564 21208 55327 103719 2637 94900 230204 155337 214004 0 205775 103719 211564 85222 36489 230717 94900 166799 213219 2639 103719 97782 189950 189821 79479 0 94900 166799 152082 178186 197529 94900 230204 22689 214004 0 0 211834 94900 176792 211564 21208 43448 218938 213330 14728 166799 212475 189828 103719 211564 219707 43447 122906 10196 211564 105688 83195 94900 230204 214004 0 0 103719 0 0 10196 211564 0 154289 0 214004 0 94900 38953 22689 214004 21205 211834 94900 166799 79479 177506 36292 186043 211564 122153 234783 94900 229078 155337 126513 214004 177506 36292 149657 235368 94900 179879 81322 79419 103719 58381 2767 65941 214004 46062 22689 170762 94900 130085 97782 77879 134331 79479 21205 103719 14397 20929 2636 73314 43448 173941 134331 10255 122322 94900 229078 13123 103719 211564 209622 79479 211564 2639 77272 232891 55327 103719 80413 94900 166799 5345 134340 14728 193860 87318 97782 122153 134331 229078 14397 154016 2760 232891 55327 173941 134331 10255 151938 106471 215203
0 0 0 0 155990 0 106711 79382 62660 230742 77879 38953 81322 230338 10129 37164 106711 70775 37388 132560 162859 8816 211564 232891 107433 209103 198254 179464 211520 154289 0 169130 232108 37222
125014 170802 29682 106711 211564 189121 211520 58124 232108 126257 212110 103719 84653 132560 212110 211520 16796 214004 26117 155389 156285 17824 103719 74885 191779 126257 214176 14397 73831 106711 0 0 106711 0 28439 31042 0 14728 81971 156290 211520 126209 214176 134939 152082 179305 214176 37164 211640 125014 170802 17824 33140 221873 214176 212000 95750 67181 157248 214004 126209 141226 102295 81322 141611 29682 42311 29682 14728 0 86505 222373 142930 229523 154289 60213 29675 170802 12554 125014 170802 155337 67320 222417 211564 44501 154289 40103 50051 103719 160868 12554 125014 222438 127053 141613 204070 19128 171501 14728 0 8651 232108 229254 230742 106711 72582 211564 127053 141613 17824 233083 105138 136998 214004 79730 42335 212204 106711 217501 154289 12554 117085 125014 126257 156290 17824 155678 206745 211564 130919 102279 106711 211520 211564 170802 191536 214004 113978 211670 12488 37388 0 212000 17824 13394 43587 37164 13394 201494 232135 42817 125385 19128 127053 19128 212000 126209 212000 63539 212204 37388 0 134384 14728 104587 232108 211640 71211 212000 220626 137918 130954 0 0 39697 214004 90046 179648 214004 0 14728 179305 12554 154289 212204 0 211564 104220 14728 107433 174806 155990 199473
0 58065 0 0 58065 0 199278 79479 77282 154289 134939 106711 98475 0 138334 96290 0 14728 170425 14728 106711 95534 155337 134939 103719 230742 127528 154289 0 17824 0 37388 0 107266 106711 42267 103719 211564 221179 201367 14728 103719 198218 160927 154289 138343 143430 103719 211564 201354 154289 0 0 58065 0 106711 152082 138343 104105 57919 211564 143422 103563 147865 98475 103719 138343 103719 211564 138334 201354 154289 0 0 58065 0 106711 42267 26439 211564 138334 18445 232553 211564 25670 154289 0 81322 211564 80931 18445 155337 134939 2332 212204 229078 0 225597 211564 18445 229078 220575 211564 122869 154289 84653 0 0 0 103719 211564 221179 201367 0 58065 0 106711 142930 103563 211454 103719 138343 107266 106711 57919 214004 42266 211564 55202 14728 74226 154289 13847 154289 138334 14687 212204 106711 103719 211564 186152 229494 19128 157248 98478 125207 185459 161443 57919 0 14728 211564 45241 149657 234772 17824 222419 214004 42266 212397 154289 106513 85222 14728 45241 14687 0 58065 0 106711 42267 37388 132560 13847 152082 155471 37388 13847 154289 138334 156417 42271 222417 32895 215716 138334 206433 125207 211564 0 58065 0 14728 171147 77334 232108 138334 182671 103719 211564 221179 201367 103931 56264 0 132560 162859 62853 0 58065 0 0 230753 188829 156300 73589 214004 0 172695 7973 138343 199447 73589 14728 42271 0 138334 55202 72448 107433 145265 14728 178092 57137 73833 103922 0 0 14728 0 59499 95534 73650 234772 20119 211564 166850 59036 0 58065 127460 15050 148448 0 202913 37086 0 138334 170897 14728 191559 72448 138334 65392 79391 14728 145265 0 58065 0 106711 178092 98475 125379 143430 214004 211564 201354 154289 0 0 58065 0 106711 13123 42267 157685 138343 14728 211564 221179 201367 79479 73831 196303 48053 148448 223551 39211 98461 0 58065 0 0 73582 103719 211564 0 106965 103719 211564 40334 211834 106711 14397 234779 0 58065 0 11019 90854 49928 19128 75509 21857 19128 211564 106956 154289 131634 103719 211564 136233 189674 0 17824 70354 214004 65385 138334 26639 155337 134939
0 181722 217974 201394 0 181722 106711 201394 155337 211564 127034 220635 107266 106711 155337 211564 0 125542 28439 0 181722 14728 18763 201403 14728 103719 216268 237304 211564 201394 155686 155337 1573 58381 2442
0 181722 217974 201394 0 181722 106711 201394 155337 211564 0 125542 154289 211564 127034 220635 28439 115967 54321 200764 0 14728 0 181722 14728 103719 216268 237304 107266 229078 155686 155337 1573 58381 2442 37388 211564 89263 151938 0 14728 0 175349
0 201354 206482 156101 211564 0 201354 206482 156101 199278 0 0 59036 0 0 155990 0 106711 206482 156101 25239 103719 211564 0 47071 154289 0 151431 156296 107266 229078 80153 103719 2629 37388 211564 0 165077 14728 68135 110392 16250 0 211564 156101 229078 72617 155337 110897 2950 2629 14728 73737 81322 211564 0 201354 235536 206482 156101 80153 103719 2600 19128 160800 154289 211564 206730 154289 235536 156103 154289 224625 0 14728 123146 37388 110392 16250 0 107433 48270 14728 77879 18979 62330 229078 0 0 28439 2634 14728 2638 107433 145265 62330 229078 0 0 230959 74396 211564 156101 0 154289 73314 14728 122246 13837 0 145265 28439 2639 14728 2747 211564 0 229078 123146 37388 0 0 230959 0 131069 171021 154289 49799 0 14728 68126 230742 26434 81930 160800 154289 211564 156101 8881 56264 0 0 94173 26631 211564 156101 145265 62330 195338 108565 2757 103719 211564 2764 189821 211564 156101 160852 103719 132560 154354 73589 154289 211564 0 201354 88542 221237 154289 211564 14793 211564 0 14728 223845 144845 86521 4421 206482 50260 14728 611 209601 14728 43345 50260 103719 2950 144845 103719 211564 201354 154289 0 103719 2640 211564 0 229078 60288 0 55198 59036 0 0 55198 0 154289 211564 201354 154289 0 211564 156101 26706 107433 2943 15581 234772 155337 108565 1573 2798 232108 163135 154289 209551 206482 151115 79479 211564 189950 15619 76926 58065 0 58065 0
0 57919 0 57919 106711 57919 154289 0 103719 211564 221179 201367 107266 93585 155337 191188 709 154289 67181 234772 107266 0 211564 0 115718 103719 211564 191188 709 2747 20537 143422 13847 38657 212204 57919 150673 709 191188 69285 155990 198250 195181 211564 57919 229078 154356 53704 155337 154016 3340 2747 211564 99710 154289 179266 110125 179582 6027 229078 16972 37388 227470 154289 0 211564 179582 19519 211520 211564 170203 233011 0 191188 709 154289 67181 234772 19128 0 57919 170203 85064 37033 194796 211564 179582 105890 122624 155337 58381 2195 2747 19128 172247 122624 595 155337 191188 2750 170203 37033 170816 191188 709 2750 19128 0 57919 155337 212204 57919 211564 13837 78141 106711 214004 26117 78836 20119 92692 20119 104220 13837 98741 20119 211564 230835 99710 14728 155337 12554 88542 36147 98682 14728 8026 211564 170203 13123 19547 13847 214004 153738 141764 154289 194940 26732 20119 4842 67411 57945 213307 212204 106711 211564 213307 211564 77879 166521 203201 211564 151901 215459 154289 211564 232891 215693 42473 155337 191188 709 2747
185459 0 185459 0 155990 0 0 76226 3340 0 155990 0 13123 199612 0 155990 0 229078 14397 70703 140493 214004 211564 0 70118 192713 229078 0 130085 185459 155337 134939 37911 0 37388 168524 9487 102710 0 76192 57919 106711 155337 3340 76226 211564 57919 154289 96131 0 134939 229078 13123 42267 66466 211564 97138 136204 163217 72448 103719 211564 924 42593 220575 0 102710 17581 154289 49206 0 150392 106711 211564 73557 154289 134939 57919 42267 103719 79227 103719 73312 232108 57137 214176 232108 96131 35259 185459 0 14728 185459 0 192713 216274 214004 0 152375 0 14728 0 214004 95750 96131 220445 185459 0 103719 0 14098 211564 85242 192713 229078 68123 37388 211564 0 154289 0 7576 64584 230717 192713 199648 218852 234783 211487 214004 96131 0 215793 192713 229078 122199 7906 214004 233174 200764 0 29661 14728 14397 8420 103719 122246 154289 200764 0 216282 103719 159230 192713 106711 154423 53744 232108 26870 211564 77879 76506 21257 154289 32895 70687 14728 85246 192713 26434 0 14728 126212 103719 211564 64699 141852 154289 0 13449 0 148448 0 230742 229078 80153 37388 96131 35254 0 10196 97782 58165 103719 0 192713 26434 0 0 61505 155337 3340 76226 0 155990 0 14728 229078 36821 20119 0 103719 211564 0 96131 178725 230243 35272 214004 0 20119 0 96131 32099 230243 166389 103719 182037 98463 103719 211564 228497 211564 32099 26706 214004 170881 107266 229078 185390 0 0 154608 212204 130085 162859 49502 214004 96131 194029 211564 67278 165270 154289 0 106711 81322 211564 67289 924 42593 107266 49534 81322 211564 0 0 230742 229078 130085 103719 49206 107266 193961 96131 98456 0 0 154289 88785 211564 88785 39206 26117 190178 19128 14397 73831 154289 230717 45951 185459 0 214683 157787 81322 14397 154879 158760 50229 103719 212204 40977 154289 211564 88785 143469 0 106711 211564 0 154289 0 16286 0 0 0 0 14728 157248 215490 103719 211564 127786 52931
190903 0 211564 190903 0 106711 13123 117085 19128 211564 190903 0 155990 211564 124132 37033 22583 107266 106711 196936 151215 0 230742 126243 103719 216423 212000 169936 65656 232663 178112 14728 0 178112 20119 211564 70392 154289 211564 150392 90017 136992 222417 199447 0 38657 14728 83938 214004 196600 103719 149262 130085 154289 123012 103719 90017 154289 33832 155990 103719 98463 103719 216402 212000 17824 196936 170490 0 14728 6902 88840 232108 0 212025 82007 211520 175932 81322 0 89198 214004 57477 35294 212000 17824 87949 0 37033 22537 94564 22537 162942 0 232108 0 163217 26870 710 57957
0 0 79777 13123 0 155990 0 106711 47071 103719 211564 201354 154289 25812 85246 107266 106711 211564 39768 154289 211564 63100 154289 0 107266 124978 12974 211564 0 181560 20119 1163 162859 126212 103719 211564 215473 103719 2750 200764 0 80153 211564 0 154289 0 155337 211564 195797 154289 14397 154868 182381 201394 103719 0 211564 47071 229078 0 86509 215473 103719 0 107266 229078 88535 37388 170548 221763 2202 107266 26434 160800 154289 25812 103719 2211 107266 106711 98682 214004 211564 0 0 0 211564 155471 41566 221237 103719 85246 0 106711 75359 79479 211564 0 154289 0 202407 14728 111010 125366 155337 211564 0 211564 27927 199490 154289 0 229078 80147
0 0 211564 0 0 0 0 106711 13123 117085 19128 211564 230835 0 107266 106711 0 103719 211564 0 155990 0 75344 107266 106711 155389 154289 211564 28409 0 107266 106711 154423 190178 103719 237358 211564 82007 0 154289 211564 0 0 106711 152082 78071 107266 39206 175921 81322 30308 14728 57477 214004 125097 35294 186550 49314 0 0 17824 0 212000 17824 8871 66466 211564 57919 212000 17824 0 126257 103719 175389 75344 90031 126209 103719 77852 210930 212000 171475 107266 81322 157248 0 37388 211640 38733 103719 211564 231379 0 0 126209 7973 3340 234783
125778 0 211564 125778 0 0 0 106711 14397 154868 232891 142071 107266 126243 103719 211564 230384 0 143689 154289 104132 211564 92485 154289 211564 125778 0 106711 57477 155990 30308 211834 106711 30308 0 20119 211564 70392 154289 211564 207659 195181 214004 125778 207659 232108 94901 123719 154289 4798 214004 5537 48173 14728 229906 154289 214004 389 114828 107266 106711 155389 154289 211564 196938 0 107266 106711 0 15324 8871 66466 211564 57919 107266 126243 103719 211564 175388 0 107266 106711 87949 0 14728 199638 143422 154289 107433 125014 103719 211564 221982 33832 221304 157248 0 107266 0 100381 211564 125778 0 106711 155389 102493 211564 0 170490 132560 237358 207868 160800 103719 34254 171021 214004 95750 212204 199473 205555 0 154289 211949 0 17824 179231 214004 126209 103719 237358
0 81405 0 81405 32619 2428 110897 2580 106711 14397 70703 8890 192713 183969 75781 120417 81405 80931 81405 201289 103719 109142 0 9600 20119 211564 10337 154289 192713 232553 188781 214004 211564 107292 0 8220 37164 10196 14397 67289 67469 62780 192713 84087 221873 8842 20119 1163 192713 20580 0 188807 19128 14397 8890 81405 94173 8834 103719 170227 83327 14728 0 81405 14728 96131 77879 100713 83766 0 201289 214176 103719 211564 2627 77482 211564 0 81405 14728 0 230243 133505 79479 234783 212000 63294 155337 2428 20929 2636 103719 2757 192713 233215 14728 170179 193790 126212 191406 230638 0 61448 149841 79479 0 103719 2760 192713 16801 103719 67469 232108 81405 155337 0 103719 132800 2764 81405 78497 214004 198989 10129 214004 160800 14397 0 79479 211564 98741 154289 99148 171059 192713 137914 0 122624 230711 212000 230243 32895 232862 155337 211564 77482 193765 212000 133505 155337 191188 2638 14728 92143 212475 45105 81405 14728 122624 63294 155337 3671 154016 2754
34506 30724 34506 30724 32619 154016 2519 106711 14397 70703 8887 211564 198311 154289 231512 30724 197654 0 14728 0 228497 30724 229078 32619 20119 211564 0 99511 103719 211564 215473 154289 0 235378 94900 20580 0 155337 0 189955 141226 188807 37164 10196 97782 75861 204192 14397 104297 8341 94900 229078 79521 214004 123001 188807 67289 20119 1365 14728 199648 191779 234783 232862 20119 223834 154289 109957 175937 81322 220722 214004 0 19819 94900 49974 97782 147865 191551 19128 0 103719 211564 183361 11019 79519 94900 26706 97782 8842 215793 20119 211564 34836 154868 0 211583 188807 12976 161443 202011 94900 94173 233190 7973 97782 67289 125014 103719 97782 21296 0 115465 2631 14397 67289 182302 229078 211520 154289 161839 0 197074 103719 211564 26026 167757 65100 40768 81322 2575 214004 2580 103719 2581 30724 16801 103719 103878 20119 0 20119 211564 164602 211583 103719 127034 30724 92143 196936 182307 103719 204070 55178 193961 19128 211564 0 2582 2585 14728 211564 156418 0 14728 0 0 2585 94900 168862 38231 20948 103719 211564 26026 191406 47455 94900 168862 0 103719 211564 26026 139844 138545 29834 211564 0 104776 2602 94900 168862 211564 75861 154289 181848 99043 127357 0 103719 211564 0 2629 94900 94173 16801 103719 152743 154289 0 182307 155337 32895 200905 14728 189422 103931 80175 154289 211564 78054 192221 77507 62311 37388 114337 0 19128 211564 66047 154289 74040 103719 96049 2620 16250 103719 144135 0 7973 152124 2633 211564 85757 154289 93036 75861 103719 93036 2637 14728 211564 65764 182302 154289 66047 80713 14728 66047 190942 103719 19128 235471 125207 107266 2764 94900 13123 171677 211564 227061 154289 31305 103719 211564 15343 191406 0 31305 2768 14728 0 174752 103719 0 165430 94900 13123 99539 211564 2600 63683 155337 211564 125014 154289 110055 189877 22648 38675 211564 211564 110493 154289 22648 103719 230742 94900 13123 168862 22648 103719 61621 0 103719 212204 63683 157248 182307 94564 0 97782 0 7857 152089 170548 0 103719 78267 88149 2604 79479 230742 94900 106711 80971 178779 79479 211564 75359 125542 88149 12488 211564 130032 49556 77329 154289 180767 107516 103719 211564 77879 191406 154289 211564 30308 0 2610 14728 0 103719 211564 26026 9018 154289 145725 75344 14728 157248 15337 2616 94900 13123 166799 211564 182302 154289 84653 0 103719 211564 0 228806 14728 0 2619 30724 110144 94900 12927 201289 103719 0 102710 2614 19128 174133 69426 37164 94900 229155 21499 20119 211564 213307 154289 77497 94900 171677 211564 226969 125683 155337 211564 198480 45951 0 34147 193919 155337 226389 174983 14728 105966 0 79479 156012 141117 164622 20119 45985 2764 94900 170179 0 46737 79479 226389 174983 201290 8888 204070 19128 57825 0 14728 0 149817 103719 152302 2764 30724 130085 205482 16797 155337 211564 0 208059 193919 127277 232548 13123 94900 106711 76212 176834 211564 202561 211564 230835 47071 160800 230742 106711 211564 77539 165298 155337 211564 11886 30724 229078 13123 211564 227051 154289 108981 0 103719 79099 155337 211564 75344 174983 211583 20809 65107 9018 154289 225575 100245 124061 0 30724 94173 13123 201289 103719 14877 126429 0 41629 19128 32895 154868 0 14728 0 110217 66466 211564 156418 230338 70392 211583 170889 103719 2750 220575 211564 62317 154289 183361 192221 49856 62330 9487 151147 30724 156426 211564 182302 154289 24910 0 79479 211564 200905 145268 225105 154289 0 0 24158 24158 66466 58381 2760 214004 108565 2764 30724 0 211564 0 170889 154289 163785 159507 12976 0 210151 170180 0 34643 20119 211564 178036 211583 103719 106384 103719 122184 2767 14728 67289 2768 30724 201289 103719 211564 0 225105 154289 163785 159507 19128 39927 99077 20119 211564 90039 211583 103719 0 94900 166799 211564 186152 182302 10253 103719 163785 159507 103719 122184 2767 67289 2768 14728 10253 20119 45985 2768 20119 211564 0 92813 0 30724 229078 211564 147622 154289 211564 0 191406 53572 211039 0 201290 201986 133547 14728 57091 233149 195338 154016 2768 30724 170186 211564 219891 0 154289 211564 108588 0 0 0 155337 211564 43285 43617 220575 211564 147143 0 34506 94900 13123 90672 99539 71476 154289 94564 88365 149757 79479 235471 103719 134939 2768 14728 17007 2805 103719 2772 30724 166799 211564 232891 232974 74302 195635 25303 43438 43753 25239 221974 30724 77176 105194 211564 127491 232891 170938 0 103719 211564 80217 202561 103719 211564 0 191406 211564 55515 154289 211564 30308 49536 211564 202561 229078 34926 155337 0 103719 2794 103719 152302 2772 30724 201289 103719 191406 154289 155468 225646 155337 211564 26026 49519 229749 103719 230742 94900 166799 96049 225849 211564 50229 154289 211564 225626 191406 106711 211520 211564 218045 115967 106711 12488 230072 14728 126257 103719 203987 190724 232108 97782 127053 195890 231238 41550 0 96049 94173 0 141226 209758 14728 126243 97782 125014 155468 0 211564 115967 154289 80413 155337 74824 0 79479 0 232548 81154 14728 0 211564 168524 155337 218929 103719 122184 2772 30724 201289 19128 211564 147622 103719 211564 103719 211564 231804 170889 154289 163785 14728 211564 232421 20119 211564 149657 225597 211577 149657 235368 10196 204029 39070 155337 197646 0 195797 74824 0 132528 0 177396 34506 30724 227051 19128 14397 155955 79479 212397 222475 107433 0 60759 30724 227051 94173 26631 21499 103719 60759 195338 154016 2794 103719 191188 2794 30724 177396 211564 0 214004 0 155990 211564 170555 211564 165979 14728 211564 0 14397 11886 154289 45105 202517 191644 214004 211564 47402 145265 50034 0 37388 150562 0 14728 13123 76217 211564 227061 154289 182730 0 0 145083 186063 143181 14728 0 0 34506 227055 211564 182302 154289 211564 89263 204548 0 211564 11886 229078 178602 19128 211564 77879 103719 191406 71084 0 0 0 145268 208027 103719 132800 2798 103719 2805 30724 201289 103719 14397 9605 39070 79479 211564 149657 236481 24247 0 166817 0 225105 154289 97443 0 211564 0 168624 214004 26117 171634 154289 211640 8602 230733 29205 155990 196936 30724 94173 20569 214004 47783 143679 73607 212475 213330 85468 214004 3598 76325 103719 2633 14728 3340 76325 103719 2637 37164 149622 176795 211564 204658 94900 94173 176792 211564 204658 154289 0 103719 17937 14728 0 103719 208631 94900 106711 211564 154882 131807 214004 216453 155337 79414 214004 211564 130467 151901 167708 14728 94173 0 14397 74202 58646 105890 211564 0 154289 224625 30724 94173 14397 98996 168939 19128 154354 0 154289 211564 221237 154289 235368 64755 8999 197680 14728 103719 2798 211564 221237 203331 31473 227471 214004 147143 149657 203355 199163 19128 211564 34506 30724 42544 79479 174327 203355 103719 2757 30724 186564 155337 42276 201294 103719 211640 74584 0 0 0 94900 106711 117085 79479 97782 79419 117081 14728 16801 19128 14397 74244 155337 211564 34867 187401 201394 0 0 66466 211564 2764 232891 55327 94900 13123 16801 155337 174226 154289 200176 103719 2764 14728 10253 103719 2798 14728 229078 90672 99534 154289 94564 88365 149757 79479 235471 103719 134939 2768 12976 90677 11660 66192 14728 132879 0 13123 131180 205482 16797 103719 211564 45985 199447 122199 103719 211564 234772 97782 0 132299 174293 130085 211564 193919 0 81322 107433 222562 79757 232108 161567 0 0 63743 16364 178778 99821 212204 193919 222419 214004 26117 125207 103719 211564 186152 142521 94900 16801 19128 90672 155337 211564 161567 0 193919 30724 229078 170203 154289 211564 210151 14728 174983 104313 48053 0 103719 2767 14728 170179 211564 2768 0 21847 20119 211564 0 99710 160580 121552 0 106711 14397 156275 230742 99021 0 103719 211564 77482 14728 174983 104313 94900 94173 98996 58904 81322 211564 221237 154289 33653 21843 103719 110829 2754 14728 192797 0 221237 21843 103719 2757 94900 13123 201294 103719 211564 126257 123311 193919 103719 109339 43617 106965 107266 76214 132560 42276 74844 204070 19128 182180 126429 158577 0 0 114722 0 14728 214668 181853 211564 202561 106711 154289 211564 97888 154289 211564 106956 103719 2772 94900 76212 155337 211564 198357 18445 154289 211564 0 160800 154289 211564 58290 11886 27386 211564 0 0 37388 219891 169353 24053 0 176834 211564 167467 204332 103719 211564 0 37388 194639 0 94900 13123 51415 214004 211564 0 37388 67924 36899 103719 2634 103719 110897 2798 39070 37388 38933 0 179761 103719 30724 26870 151407 79479 211564 168992 154289 43494 154289 211564 221237 154289 38933 103719 76226 2805 165298 154289 0 79479 211564 161839 83155 228806 154289 211564 182856 231473 76211 0 81322 30724 30724 126243 103719 0 205506 94900 133505 8890 0 148814 103719 2600 14728 212000 94564 155389 57780 0 94900 13123 94173 152743 154289 63814 14728 106711 161480 154289 0 15324 186401
0 0 57919 0 0 57919 106711 98475 103719 211564 221179 201367 107266 93585 155337 154016 107266 99010 0 0 211564 151882 74302 230959 35272 211564 77879 73316 117085 214004 26117 103719 151901 13835 13835 152082 62562 37388 49385 37388 0 14785 229078 172270 103719 2358 212204 32268 95751 131133 168604 211564 102279 211520 225886 230243 211564 77879 73316 103719 211564 149657 232891 103719 2489 13837 170203 38829 0 177288 0 0 19128 211564 0 154289 13835 212204 229078 65941 214004 179442 37388 152015 188780 204070 19128 0 0 14728 0 0 103719 2501 232005 26434 211564 77879 201354 214004 154356 9431 0 0 57919 19128 201354 98475 234772 122199 211564 201354 154289 139975 61448 211564 186152 37388 2564 0 0 57919 229078 14397 154354 98475 191764 201367 232005 139975 198989 56825 102978 49289 229121 14728 38615 14728 155389 39216 171690 187329 103719 2576 211564 179264 81322 0 110079 0 105966 29406 214004 153738 0 0 57919 103719 211564 179678 154289 211564 221179 201367 103719 2577 211564 221179 201367 50675 0 14728 179388 211564 170203 214004 53703 211564 0 212564 234779 0 0 110092 14728 67181 170203 195338 94564 64211 197529 170207 94564 222419 211564 0 214004 169597 211564 199926 154289 62570 14728 211564 51419 154289 13847 154289 151732 60193 84677 198218 201367 154356 0 0 0 57919 160871 103719 211564 221982 139036 230717 121947 152748 154289 162859 81322 211564 151732 52931 191707 154016 7090 106711 152082 178562 232108 16352 73582 103719 0 0 125014 211564 57718 229078 45828 26439 211564 193431 0 49570 81322 0 152013 18707 103719 149657 235368 93663 155337 154016 2254 212204 229078 211564 201304 154289 211564 77879 156301 103314 81322 152013 214004 211564 221179 201367 186267 0
0 0 155990 0 106711 211564 147143 154289 97873 52947 212204 26434 65875 121510 183827 37388 66047 155990 65869 154289 211564 98644 182381 70118 103719 211564 127786 52931 211564 65875 229078 147145 10196 211564 215473 154289 0 0 103719 230638 106711 152375 38675 85246 211564 170173 171690 154289 0 70703 13123 0 103719 211564 149316 0 143422 154289 211564 17827 99838 211564 79776 65875 13123 103925 160927 154289 211564 170173 66558 171690 154289 125346 14728 211564 210928 103719 211564 170173 85222 201354 154289 151901 180469 211520 230243 8767 37388 171813 103719 0 211564 65875 92143 80175 199447 160927 230742 92143 211640 158183 42553 14728 229078 191133 81322 211564 127801 174042 0 211564 52947 229078 77879 137301 103719 7973 0 230711 0 102721 154289 0 229078 77879 63685 19128 52842 154289 0 107266 229078 211699 103719 211564 210930 154289 127801 127443 103719 211564 17827 154289 0 14728 0 107433 130919 0 229078 20119 0 36156 0 52842 0 198311 0 102710 103719 0 88365 211564 52947 154289 0 103719 151938 0 37388 133501 103719 211564 1157 14728 1357 42593 0 26434 121956 225177 174293 0 12974 211564 194546 154289 211564 0 180469 14728 0 181585 107266 73569 47230 211564 121510 103719 211564 65875 154289 125346 103719 0 107266 127491 211564 25670 154289 0 10255 27773 14728 33539 0 229078 154423 20119 228806 232108 107433 148808 152082 155471 232108 33539 37164 13123 232108 211564 52947 154289 98498 14728 211564 0 154289 0 107433 210930 61448 152082 155471 90046 26439 154289 107433 204024 103719 228883 107266 13123 61448 225177 230072 103719 213330 154289 161904 231512 102710 52842 154289 32895 98498 14728 0 84087 0 103719 222417 214004 0 103719 179984 154289 126513 99838 94900 229078 152082 7906 214004 0 211564 0 197529 211949 121510 26434 105378 160927 154289 0 103719 0 52842 0 102710 154289 0 26434 66047 19128 156151 37388 98644 182381 70102 127628 107516 154289 0 230711 0 61505 232141 14397 95479 103719 0 231512 154289 0 104779 0 103719 0 0 161104 214004 211564 99710 154289 0 66047 9418 229078 77305 232108 97782 75861 18500 7973 211564 104776 154289 211564 121387 18500 38953 220575 170245 81322 211564 0 66047 43873 211564 31798 230959 172946 97401 103719 170647 103719 0 230711 18500 61505 103719 0 66047 43873 9054 0 214004 97782 0 149316 211564 122153 104109 66047 154289 0 229078 9418 198311 43873 154289 0 1545 94900 104006 211564 195912 154289 211564 65875 0 14728 103925 230638 106711 152375 211564 171690 154289 0 94900 123266 211564 65875 214004 66047 231512 211564 180765 154289 0 103719 97782 231473 99838 94900 229078 152082 7906 214004 98445 155337 214004 107266 14728 70102 43873 154289 92071 198502 143807 103719 0 77548 127491 107433 104105 230711 107266 229078 221179 232108 211564 191770 171691 154289 211564 92071 149316 103719 0 43873 202450 64834 103719 0 94900 58417 211520 211564 210928 154289 211564 0 46871 193890 26117 160800 154289 211564 141839 154289 199229 211564 151938 149316 202450 221873 10255 115967 164439 102710 154289 199229 103719 211564 66558 180190 211564 212475 151938 174042 154289 0 110117 211564 221131 154289 0 14728 26434 160800 154289 211564 221179 171691 230711 211564 0 8830 154289 0 229078 10589 155471 211564 221982 174030 178722 160800 154289 211564 199278 149316 211564 216372 154289 0 70414 211564 228806 154289 211564 199278 204033 103719 0 211564 199278 221982 174030 229078 10253 63247 28439 171814 0 0 0 0 0 211564 221179 171691 0 0 0 21205 0 0 0 14728 211564 65875 154289 0 0 103719 2172 0 229078 50849 14728 103993 37388 211564 80931 77879 179339 107266 229078 63247 28439 211564 0 154289 0 14728 0 211564 48354 154289 18438 154289 211564 178090 43566 66466 211564 10371
101859 0 101859 0 106711 189329 211583 8887 14728 62330 94900 229078 32619 709 20929 2540 94900 94173 13123 130085 198218 16799 155337 143826 14728 210151 232920 94900 106711 143422 75359 79479 97782 182302 19128 70102 0 103719 211564 201206 229035 126209 8856 143826 191406 94900 229078 103719 32895 211564 156418 14728 0 0 0 94173 26631 103719 4872 143835 195338 2598 0 229078 32619 103719 0 103719 0 0 230204 214004 211564 221237 154289 200764 14878 214004 203355 172107 198502 10196 94900 58417 94900 228772 40279 103719 211564 211583 105240 14728 214683 8842 215793 53048 20119 211564 183361 189329 8220 154289 145265 14728 65100 103719 86685 103719 2584 0 88365 87646 136092 79479 97782 8842 232840 0 229078 41135 37388 85064 128032 103719 19128 70102 0 211564 130919 225971 195887 234783 122199 94900 38953 22689 214004 211564 182302 19128 235494 190873 14728 43494 103719 211564 201206 229035 0 143835 94900 185390 107266 95751 214004 26117 144135 235494 211454 97782 43753 211564 77879 213307 94900 166799 211564 160800 211564 0 92143 97401 166784 218938 74844 214004 97782 43753 94900 53704 14397 166869 14728 0 43753 103719 0 172247 74823 0 0 106711 211564 43494 0 0 68433
180767 0 180767 57825 0 41959 1365 108565 2513 2004 76226 2805 229078 14397 70703 8887 231007 40279 94173 51202 211583 210151 77482 14728 174983 0 229078 32619 103719 0 160580 205506 70687 103719 2573 0 88365 211564 122855 131400 182302 103719 133501 125575 103719 211564 2572 107266 229078 103719 211564 149841 58304 230711 94900 166799 214398 87949 103719 211564 26026 195795 211564 87949 125014 211520 94900 130085 99723 147143 103719 211564 2607 94900 201289 103719 73595 0 46874 94900 81322 2731 214004 2750 38953 22689 214004 211564 0 232108 122873 182302 103719 141829 154289 211564 86804 0 229078 211564 77879 147622 14728 227051 8887 79479 211564 193919 0 0 0 180767 0 229078 130085 153480 103719 2620 14728 41959 103719 2754 0 229078 95140 0 221763 94900 174504 103719 2754 94900 229078 61155 232108 0 103719 2768
195226 0 195226 164475 100233 0 41959 32619 1573 110897 2547 106711 14397 70703 8887 233178 14728 211583 62330 0 229078 32619 103719 0 127034 219891 214004 0 133786 0 14728 148814 80456 0 94900 20580 211564 127034 0 188807 0 106711 155389 154289 211564 143422 171147 84136 8888 103719 34841 79479 230753 0 126212 232108 62330 57226 0
0 0 0 106711 154868 41544 47071 14728 183361 0 103719 0 189316 211564 215473 229078 77879 214004 211564 198989 154289 211564 181560 0 155337 211564 97150 89991 7978 211564 78653 166459 0 106711 77879 63685 103719 211564 0 154289 0 103719 0 103719 20929 0 129651 18445 26256 66192 20119 0 0 148448 0 57825 130085 0 183361 0 18574 0 10196 97782 58707 154289 0 154289 0 66466 57825 178335 211564 41262 229078 36156 20119 211564 214756 154289 230638 106711 152375 120714 97329 68156 154289 70687 216274 218863 214004 0 66466 97782 77879 226577 103719 0 94900 229078 103610 37388 230638 94900 187834 103719 211564 2652 42593 211564 154868 136204 215473 154289 0 229078 0 21857 14728 132560 149657 36147 230243 9054 214004 211564 215473 42544
0 125542 211564 0 125542 106711 0 178092 175322 125542 211520 183969 81322 164395 214004 0 103719 44768 52947 162681
0 0 106711 47071 103719 174121 39211 107266 106711 230717 211564 185459 14728 185459 122664 181585 136322 107266 229078 77879 53704 155337 110829 0 107266 229078 211564 189950 163315 191708 103719 149657 80413 10196 174121 47071 103719 0 211564 47071 147143 106711 80931 79479 212475 181585 107266 106711 38675 26439 211564 185459 181560 230742 106711 63247 37388 218938 196936 106965 20119 211564 181560 155694 94173 212475 0 20119 211564 185459 122664 181560 0 106711 218900 232108
0 0 0 0 32619 108565 2616 103719 0 11798 106711 14397 39216 170924 102041 98182 181060 231788 211520 55486 166834 79479 211564 139975 231379 0 13123 166799 189828 103719 211564 0 79479 211564 0 30431 14728 79479 211564 170548 85064 0 0 106711 154289 39216 156434 94900 229078 65013 37388 211564 186339 110335 192550 232108 211564 6724 157794 165184 103719 211564 2760 150025 71163 65012 0 230204 155337 214004 166784 189828 232108 211564 192550 26694 26870 215695 12974 232108 43884 0 14728 77879 183176 165184 103719 211564 2798 150025 71163 65012 214004 211564 139975 231379 79479 0 36907 14728 189950 183176 165184 103719 211564 2804 150025 71163 65012
150165 155337 41979 150160 155337 41979 229078 187511 143107 45105 171019 30851 79479 41979 211520 26706 155337 191188 1795 2731 179190 41979 0 212204 187511 143107 30851 170179 171019 81322 150160 110534 230742 20119 213307 192515 49742 158187 232108 41979 220575 0 230711 211564 30851 77879 171268 11070 107266 229078 99539 37388 74823 81322 150160 110534 155337 191188 1365 2750 150160 110534 155337 41979 229078 176781 19128 150160 155337 41979 14728 11099 32895 150165 14728 150160 110534 193961 211564 150165 193961 230243 178868 103719 2760 103719 76020 79479 179984 214004 14397 73941 110534 30851 211564 30851 0 229078 171677 37388 190242 76217 165916 0 20119 211564 26732 154289 149657 234772 73557 2760 0 200049 105890 218938 61621 49852 232108 41979 52265 26489 107433 158183 0 49856 14728 150165 87591 214004 149657 0 150160 110534 155337 41979 70414 155337 191188 2764 14728 229078 179185 37388 0 189969 0 160934 155337 41979 155337 191188 1795 2764 19128 160800 154289 144571 160919 28439 41979 14728 0 108630 71048 12554 171019 66466 211564 30851 19128 106711 201081 79479 187511 143107 149370 171019 229078 0 19128 136325 179397 19128 0 19128 198218 154289 211564 47233 154289 68127 51258 134939 94564 26631 212204 106711 160800 154289 211564 176960 231016 198218 154289 150165 143422 168604 171021 143422 152089 200107 0 14728 211564 75090 0 61448 152082 16796 155337 211564 30851 73569 66466 211564 142930 155678 150160 155337 41979 71679
107915 51676 107915 51676 191188 1573 2484 134939 2798 229078 14397 13837 8887 210151 62330 14728 170883 94900 201307 232862 19128 45081 8887 94900 61505 103719 28499 97371 99511 10196 204123 102989 94900 229078 32619 103719 127460 15050 103719 2484 19128 110079 51676 110534 19128 45081 94900 16801 103719 211564 157480 83327 210151 191406 19128 0 103719 2507 20119 211564 10337 154289 150673 94900 229078 151407 79479 28289 8887 8220 21842 94900 26434 211564 235496 8887 73595 151407 79479 28289 8887 94900 229078 28289 117085 122199 103719 125014 19128 211564 56743 166525 68037 163461 230835 103719 211564 205104 143835 154289 211564 2591 14728 0
30308 14728 0 211564 30308 14728 0 229078 90017 154289 197979 230959 0 211564 180203 103719 106471 81322 2480 214004 2482 107266 229078 130939 130085 154289 34867 225306 81322 232891 228806 107433 130919 172826 229078 214004 208850 211564 106513 179344 18445 99838 107266 13123 61448 132560 20537 155337 211564 106513 47119 168624
39719 0 39719 0 106711 182037 17827 20119 211564 198989 70392 154289 211564 0 162620 218489 107266 229078 211564 188290 154289 77305 28439 218495 14728 34867 217320 66466 211564 0 39070 2465 107266 106711 152375 211564 195797 137032 79479 212204 39070
0 0 0 0 132800 2599 103719 0 206066 106711 206071 195421 14728 29205 35254 2798 0 154289 191299 14728 89307 156417 26694 71021 211564 29205 35254 99710 155337 76226 2729 2798 192713 229078 188807 209598 0 94173 26631 151407 67181 229817 73879 79479 218938 230711 192713 232553 103352 10196 231857 29205 35254 209070 99838 192713 13123 205556 67181 69363 183176 195338 229817 155389 103719 211564 99710 155337 134939 0 229078 0 81322 211564 29205 35254 99710 0 94173 26486 211564 143422 208061 7973 0 154289 211564 2798 189821 154289 211564 193919 10196 191779 0 14728 13123 96131 0 229523 7973 96131 76472 0 155337 110897 0 178602 96131 77879 145265 195440 38675 131133 235471 155389 154289 139761 66466 0 155337 0 211564 186152 57919 0 180060 211520 145265 225626 92143 26631 130085 14728 211520 192713 231473 178601 96131 58290 145265 11886 122199 103719 2798
0 211564 0 81322 211564 89307 0 106711 219051 154289 55569 0 0 26054 62562 211564 0 14728 0 154289 0 0 26054 26054 77879 147145 107266 0 106711 0 189998 102493 50455 106711 0 37388 166521 230742 106711 160217 214004 155389 154289 211564 205401 154289 211564 50455 211564 179758 106711 0 211564 167572 230717 211564 0 176794 107433 134918 155990 139897 106711 38675 211564 0 20119 212204 167572 211564 0 154289 211564 0 106711 89268 67181 0 94173 0 167572 16352 176597 211520 71042 211564 0 14728 106711 160217 214004 211564 21952 154289 206443 231473 161076 212564 212204 167572 10196 26870 177866 37388 211564 55569 26439 154289 212204 74885 0 17824 103563 103719 60759 204070 19128 187401 62666 155990 0 140235 0 17824 154423 222419 214004 0 0 211520 17824 142930 61641 214004 141197 37388 211696 73650 0 222438 211564 71605 79800 230717 79821 79834 14728 79844 17824 0 14728 79821 106711 152082 71580 214004 79865
89266 100947 144841 52265 211564 89266 100947 144841 52265 7600 214004 0 106711 14397 222122 166571 10356 211520 0 100947 104132 211564 89266 100947 144841 52265 106711 13123 211564 126587 88542 79479 211564 47071 154289 100947
0 154289 100947 0 229078 211564 213769 154289 211564 147910 0 154289 100947 201354 104132 195338 0 212000 27219 214004 211564 0 0 66788 211564 66788 229078 80153 37388 0 0 0 0 154289 211564 0 220575 211564 144304 70104 81322 0 214004 0 10196 0 58165 103719 0 211564 144304 70118 76461 16505 14728 211564 0 103719 100947 185390 94900 229078 104109 81322 2177 100947 229078 155389 154289 211564 170550 201367 154289 34867 104132 37164 107266 114443 126587 51429 191764 0 183827 100947 79479 218938 42589 221763 104135 104105 103719 2544 211564 0 0 183831 222419 141962 214004 205281 144135 126055 18807 17661 55202 109471 14728 180765 79382 211564 0 183827 211564 201354 221763 191188 2545 10196 104105 81322 211564 34867 211564 0 0 66788 26706 148448 0 211564 75344 38953 214004 104132 81322 23058 103719 211564 122184 2192 42593 212000 230243 62307 60185 154289 211564 77879 0 154289 106927 0 0 8131 0 0 0 0 0 0 229078 213769 77879 222419 103719 222164 18574 1797 107266 49534 81322 211564 17173 232812 0 135966 156149 18637 211564 0 229078 13123 38675 0 0 0 0 155990 0 0 211564 77879 0 183827 103719 166386 154289 211564 144304 70104 10196 0 61505 211564 0 123266 211564 0 214004 131133 14397 104109 115973 230711 211564 34867 88365 169353 157787 104132 211564 0 230243 12795 214004 51318 214004 183824 79479 211564 34867 211564 0 114443 169353 103719 100947 201354 221763 2004 191188 2545 100947 211699 26434 160800 154289 211564 149657 104135 221131 211564 0 0 66788 92143 155471 191764 183831 99838 79479 1163 234783 10196 211564 183824 154289 211564 77879 0 212475 154289 97782 198463 0 0 0 0 14728 0 0 183827 212000 230243 152082 154356 177296 19128 211564 183831 123311 7973 211564 77879 0 187959 211520 155337 155389 154289 97782 100585 217054 94900 229078 154334 198218 0 14397 104135 34115 37388 98644 131807 94900 19519 211564 0 214004 67456 19128 132560 19128 94900 52784 211564 0 20193 191764 0 14728 211564 98644 131807 169877 211520 191764 84693 154289 97782 75344 233011 183824 211564 201354 37388 215715 151115 0 94173 73595 123266 104132 73569 102493 211834 229078 87949 176960 100947 61448 152082 110116 211564 77879 228806 154289 104135 104105 154289 2314 10255 211564 34867 211840 107433 183361 75344 92143 199447 154354 201447 154289 75120 12843 232108 34841 211564 0 0 230243 36156 132560 159017 157248 0 125207 211564 0 169534 97138 53054 110608 92751 0 124760 211564 19748 36146 211564 0 18998 49066 14728 211564 0 136179 49066 17824 198218 154289 211640 103563 36147 211564 0 125211 211564 73314 203498 154289 17661 14728 53704 82148 154289 73314 215721 232108 97493 14728 106937 79797 14728 103135 10196 211564 34867 123266 104132 103719 2544 211564 170550 201354 154289 100947 61448 152082 110116 68769 154289 211564 149657 0 154289 104132 155990 158988 37164 122199 94900 58417 214004 0 232108 158988 37164 0 0 156151 211564 104135 214004 20531 100947 211564 104135 18445 71018 100947 81322 80175 194546 115718 100947 0 18445 137055 211564 0 115718 0 154289 145354 212204 229078 84822 0 183824 70414 155337 2004 191188 2545 97782 197979 205500 214004 104135 197979 12554 0 17824 36821 103719 211564 183361 89155 20119 211564 0 0 148448 0 103719 100947 155471 211564 122153 0 0 0 12365 114977 106711 36821 103719 61621 166386 97782 0 106711 103719 211564 0 143391 74878 115967 0 159016 211564 57957 154289 211564 0 0 0 0 14728 0 0 27888 221237 170227
45951 0 45951 0 32619 110897 2611 103719 0 106711 206211 79423 94900 166834 79479 177506 36292 186043 103719 211564 21208 36489 19128 58742 94900 201307 232108 76135 0 103719 211564 206211 43285 122906 3797 63276 14728 230204 155337 214004 0 0 103719 85246 37164 10196 155389 92692 154289 211564 189821 94900 230204 22689 214004 206238 211834 94900 166799 79479 0 235488 33462 27965 103719 2772 94900 194796 232108 76135 177506 36292 186043 230717 94900 166799 178186 19128 181060 58742 94900 106711 117085 79479 97782 127053 212570 221873 214004 4208 138083 211564 134331 225119 205775 0 155337 0 132800 2794 94900 193860 97782 77879 87305 79479 186043 103719 211564 77879 92692 154289 211564 2794 189821 94900 229078 104875 14728 52784 152082 166784 211564 179678 154289 211564 234772 45951 0 94173 235494 35254 230959 106711 13123 170924 79423 166817 79479 0 80522 103719 211564 85222 36489
0 0 0 0 32619 132800 3942 2604 106711 0 131069 122906 25235 166800 94900 166834 79479 211564 46729 0 94900 106711 166162 26694 94900 166799 79479 211564 0 0 166799 79479 211564 149657 235368 234457 94900 88365 2428 231877 103719 211564 234772 154289 2764 14728 2767 14728 26434 211564 77879 19471 214004 26117 211564 231648 43438 99838 10196 97782 104880 103719 2768 94900 201307 214004 166156 0 19128 94900 0 14397 71679 154289 5714 12974 232108 231648 14728 127485 103719 211564 2772 189821 94900 211699 88365 104875 10253 14728 211564 149657 235368 234457 61448 152082 0 97782 51354 10196 94900 26434 80748 10363 103719 2794 211564 229121 0 194796 0 14728 95751 97401 177412 81322 97782 104877 94900 61448 152082 20575 16352 83195 103719 212204 189821 0 0 97782 77879 83155 155337 110829 3671 2798 14728 70414 211564 189821 232108 709 201320 177396 232108 212 71679 155337 132800 1573 2804 0 229078 155357 10253 104875 230711 94900 177414 97782 201315 168939 94173 26631 179185 37388 182919 0 14728 94900 0 19128 178642 166162 14728 198253 0 166162 37164 94900 202124 61448 152082 63539 230072 212204 189821
77108 0 211564 77108 0 106711 39982 170882 37388 77108 107266 179185 211564 77108 0 103719 2639 107266 230243 179185 37388 211564 149657 77108 5056 103719 2767 37164 170889 154289 211564 0 51320 221763 2794
0 0 0 106711 103719 211564 42521 160800 154289 0 169934 107266 106711 28439 0 14728 0 211564 47071 106711 205514 37388 229254 14728 143689 0 25844 106711 155337 155389 194518 14728 0 97371 155337 211564 157248 211564 78294 17831 154289 211564 47071 17824 130939 0 121387 7973 5537 162993 154289 211564 222122 17827 106711 155337 0 121387 14728 4546 162993 155337 97371 162859 126257 103719 211564 215473 17824 54450 105890 147633 17827 152082 144135 121387 106711 87949 79479 0 211564 108588 121660 94173 191779 233186 206745 155389 154289 211670 106711 0 61621 0 134939 94564 211564 186152 171221 198218 0 17824 195181 103719 79730 14728 135966 211834 17824 218938 229523 214004 233174 211564 147143 154289 211564 47071 32895 229523 94564 211564 25291 135966 169110 79479 31706 185924 32895 198895 211564 186152 37164 94564 196685 61621 135972 155389 229494 106711 214004 233174 0 211564 157248 229494 106711 0 211564 77879 229494 214004 233174 211564 47071 147143 106711 154423 222419 204070 19128 155337 211564 168992 154346 215785 201394 132560 33845 147158 14728 155337 194833 211564 189950 229494 49534 81322 211564 97888 14728 14397 103563 121474 103719 211564 47071 0 194029 106711 20119 211564 214756 154289 97329 103719 211564 47071 107266 106711 14397 103563 193405 194029 103719 211564 0 178090 211564 47071 88365 107433 147143 81322 211564 194029 37164 211564 194029 106711 233190 0 211564 77879 43753 106711 14397 154868 43753 79479 185924 107266 94173 26631 179185 103719 211564 125993 154289 0 79479 84653 222417 37388 195256 43753 211564 189950 43753 155990 0 135976 121947 51610 17827 130085 154289 67320 211564 149700 147143 222438 230742 135976 14397 106549 169110
37084 12685 37084 12685 106711 14397 10591 28439 37086 143422 154289 211564 213307 214004 95750 127801 52595 14728 103643 191551 79479 211564 55640 0 17824 154423 50773 37388 14397 10591 232108 192515 181447 14728 155875 79479 12554 37084 106172 212000 17824 222563 131824 37388 171059 209622 14397 73831 154289 212204 106711 48575 192542 103719 11110 0 211834 17824 78054 25291 219063 154289 0
161904 190640 161904 190640 106711 198357 37388 211564 13837 212442 137943 24053 0 81322 211564 2614 11886 161904 190640 37164 230959 37303 233190 37388 57817 0 107266 12974 232108 228337 221873 58075 81322 211564 186152 11886 94173 26631 0 20119 0 50260 0 107266 58124 232108 148702 0 7973 0 12554 154289 230742 0 47233 17824 0 0 94173 175973 161904 190640 20119 709 155337 211640 125993 154289 211564 4546 89268 137943 198390 154289 12554 213307 145265 225626 229078 170882 79479 211564 198357 230742 76214 209841 33417 229657 196566 193525 229242 0 154289 126209 0 163135 14728 228806 79415 155337 97782 126257 182630 210151 191644 211564 33417 75861 201367 230638 106711 212204 83508 235471 229242 228767 214004 229231 211564 149757 14728 43574 211564 210151 43617 214004 149757 201394 222475 211564 178858 51429 97782 198311 0 232108 212204 106711 211564 149757 43574 107266 22689 214004 211564 0 163135 222475 211564 218757 191644 43617 0 212204 160800 154289 211564 225626 229078 0 37388 49511 34506 0 103719 97782 137943 37388 152748 225626 211564 26732 154289 211564 225626 13123 193935 211564 74306 154289 211564 156418 127786 196275 222419 155337 211564 170365 11886 115737 106711 145725 37084 14728 37084 106711 87949
164512 0 155337 211564 0 164512 0 155337 211564 0 106711 14397 2195 42593 154608 158905 37388 110351 233149 154289 60000 211564 158905 193961 209598 208068 7973 211564 204687 14728 166541 214004 97782 47394 233149 122199 53704 97782 195181 14397 74230 155337 29834 103719 211564 11019 172556 147865 82970 127034 103719 0 233149 211564 0 41748 89263 58203 26439 103719 211564 161173 155471 178661 73589 230243 222419 214004 74348 0 233149 222419 189121 214004 63539 197529 233149 126212 103719 211564 0 10337 197529 94900 216361 178661 73589 14728 189129 0 103719 211564 0 59497 211564 192080 53704 37388 211564 121287 0 211564 204687 14728 107266 106711 160800 154289 211564 62853 94900 222419 195440 0 214004 131133 97782 158905 65107 103719 218938 122199 158906 211564 125124 106711 151816 155389 163529 38675 233149 225177 89263 14728 0 84777 103719 0 229494 211564 0 229078 158901 232141 161769 233149 74195 211520 229121 193514 5523 67267 0 14397 13596 20027 231473 37298 211564 158905 26439 193514 92143 97782 158183 0 14728 233149 81148 163785 0 0 229078 201494 232108 97401 77334 17824 50970 214004 26117 168856 154289 0 14728 0 103719 211564 165270 0 106711 207931 152113 14728 0 106711 0 232108 97782 198311 149841 214004 211564 0 0 172743 211564 158905 79479 2951 37164 211564 5956 67267 197964 107266 20119 14397 0 107266 106711 152375 95534 37388 60000 145225 14728 18807 82970 19128 107433 163315 62853 198218 162859 187916 211520 110079 0 229078 211564 141197 79479 211564 209598 99838 157248 162859 187916 211564 77329 106711 195181 214004 158905 154289 106715 149817 37388 0 0
80522 160641 211564 80522 160641 126046 80522 147865 19748 229078 211564 77879 80797 69054 160641 79479 12554 154289 85246 191629 229078 95534 81322 134939 2195 2298 214004 134939 3942 2300 103719 211564 0 20119 80522 13449 130919 107266 229078 69054 66466 211564 132800 180203 103719 211564 201367 154289 211564 85222 50493 211564 19748 170882 211564 197529 0 51091 230742 170816 85222 70118 25239 155337 211564 170579 154289 160644 59429 212204 51091 0 211564 130919 59338 154289 211564 124674 14728 147879 143814 154289 211564 0 14728 171677 80149 154289 100355 181071 211564 160641 13123 171319 51092 141839 94918 37388 96245 70102 0 211564 171814 115967 81135 231442 107516 61448 152082 8314 211564 154346 154289 70102 230711 107266 229078 154334 214004 97401 94900 18006 204070 14397 154333 229078 14397 0 10255 211564 181071 154289 211564 170553 154289 211564 104220 85222 201367 103719 211564 2943 42593 99838 131069 69229 154289 211564 80522 51091 26434 141210 79479 211564 229934 51091 154289 2477 14728 211564 25291 122624 79479 211564 76252 179339 154289 85246 154289 2547
80713 231512 107516 154289 171813 115967 80713 231512 107516 154289 171813 1573 154016 2172 108565 2329 229078 211564 69019 198311 14728 204039 154289 80713 231512 102721 154289 171813 94900 0 19128 115967 154289 171813 81322 2283 214004 2329 80713 231512 229078 68123 37388 170677 0 94900 191538 103719 211564 18445 66466 211564 228806 154289 124691 10255 147437 154289 80413 103719 2231 37164 94900 229078 152082 105555 103719 211564 18445 94900 127729 32895 17661 14728 121514 0 14728 229078 161480 154289 191779 89263 85222 18983 204070 19128 17656 112936 81135 0 14728 211564 50025 76455 137108 94900 133505 69385 0 154289 25812 103719 2251 37164 211564 52962 92143 151115 45105 80713 231512 229078 0 14728 92143 0 79479 211564 138926 10371 211840 94900 229078 50941 13090 20119 14397 67289 10337 94900 229078 10255 32895 0 14728 221053 154289 85246 14728 169945 214004 12790 21205 214004 178719 211564 77879 169353 103719 211564 85222 201367 103719 211564 26732 154289 97782 178335 94900 61448 152082 51318 211564 0 167768 154289 97782 75861 94900 177706 170227 0 14728 171153 51091 37164 94900 61448 152082 228767 168604 123361 19748 37164 169945 214004 232840 232108 211564 0 94900 229078 128715 37164 94900 178602 211564 103630 182381 41566 17581 154289 49206 14728 94900 58417 214004 95750 211564 51125 154289 49206 41544 103719 2293 94900 20580 211564 42271 154289 211564 0 154289 211564 41544 197529 94900 229078 211564 77879 115967 154289 171813 230959 71018 182381 41566 36146 230711 94900 77548 38675 147865 19748 103719 2297 107266 229078 152082 179264 31473 37164 176333 221179 61567 230742 48905 199415 79479 12554 211564 171695 72653 14728 92143 211564 181060 214004 88969 209402 14728 126519 37164 151115 181060 214004 136322 20119 178180 0 230711 180203 35061 157515 103719 171813 103719 132800 2298 19128 160800 154289 211564 73314 0 154289 2298 211564 115967 104837 58417 214004 77301 107266 232108 211564 18445 37164 122199 58417 214004 0 211564 217320 14728 166386 97443 20119 211564 94901 154289 211564 143813 155337 2428 132800 94900 49726 97443 214004 85222 221053 79769 124674 88542 8318 147865 19748 14728 156151 211520 51091 154289 211564 115973 154289 171813 193890 26117 65201 221873 230711 97782 168939 229078 142930 190031 10253 99838 94900 174293 123146 211564 18445 214004 0 27927 14728 62993 211564 19748 103719 58381 37164 94900 229078 202124 103719 76034 154289 221053 79479 198218 213307 197529 211564 80522 160641 154334 97401 211564 54471 154289 85246 155337 17007 2300 94900 61448 152082 8314 107266 37164 94900 216810 214004 72616 221131 154289 85222 201367 0 21205 37164 176333 198502 10196 84087 221873 212204 166497 230711 21205 61448 152082 8314 107266 230711 94900 92143 62753 211564 147865 19748 80713 231512 58417 214004 94564 51091 232108 160641 232108 218938 43355 14397 0 221982 99710 14728 14397 69054 127801 99710 211564 127801 99710 229078 69054 37388 12554 0 37164 103719 206730 211520 229078 25239 155337 211564 14138 154289 209402 158851 197529 211520 211564 180765 92143 142930 104549 211454 211564 168494 211564 51091 13123 179481 79479 211564 115967 211564 169353 214004 0 12554 139927 14728 0 211564 50941 63100 0 14728 171695 0 14728 107266 0 211520 211564 0 14728 211564 139389 178722 0 103719 211564 93304 154289 211564 115967 212204 229078 142930 124674 206730 211454 92143 74092 103719 171813 26694 2298 37164 229078 202124 50941 206730 154289 88542 103719 230742 211564 141829 211564 0 14728 211564 139389 114443 143422 154289 211564 169353 212204 51091 122154 221763 211564 70392 154289 211564 171814 115973 103719 2474 10196 203131 103719 2314 211564 115967 229078 160843 0 14728 121949 0 229618 211840 97782 35254 231512 26434 178036 81322 2316 221763 211564 115967 58165 103719 2329 211699 94900 26434 115967 97443 19128 231512 80713 231512 107516 154289 171813 61497 0 227357 32626 0 182381 0 27927 2638 106771 0
0 0 0 13123 117085 19128 98910 0 106711 219051 154289 0 103719 211564 0 90017 0 0 0 0 90017 230742 103929 0 0 163498 231897 14728 157248 140760 0
0 0 0 0 106711 210326 49983 20119 0 38917 36156 79479 211564 115967 0 102710 103719 211564 67289 1157 42593 19128 97782 201354 210326 14728 39768 47071 107266 106711 211564 232891 121959 178661 36146 0 76461 105890 58486 10196 211564 1569 42593
0 0 0 0 229078 156422 62562 103719 199016 10129 103719 2522 211564 60722 154289 0 147153 103719 0 76214 190174 214004 26117 10974 103719 211564 62317 154289 95140 49983 26439 154289 211564 0 215810 211520 17824 19830 232108 212204 0 125542 154289 0 0 181821 0 0 211564 84918 0 14728 166389 212204 199473 105890 107266
0 0 0 0 106711 0 0 199473 62562 103719 72902 211564 178725 154289 212204 0 17824 27026 214004 26117 100355 14682 199473 14728 163162 211564 14682 154289 211564 100355 84918 98813 211564 80071 230243 80147 103719 2637 103719 211564 0 79760 212204 106711 103719 211564 138926 0 154289 72902 0 59947 198218 170520 192464 202407 214689 0 47951 0 0 209758 230243 62562 232108 211564 0 80071 57729 22689 183153 14728 139506 234783 154868 211564 214704 17824 212409 214004 26117 154879 211454 212397 80147 232108 98813 0 230742 134939 26117 62307 14682 154289 142930 141226 0 79479 127053 213307 0 19866 211520 155471 136992 154289 67289 84918 98813 92143 211564 7859 214004 170881 0 214704 20119 15713 195797 103719 0 72902 183153 1 202407 0 92143 26631 80147 214004 26117 7973 139506 234783 154868 103719 10337 0 0 134939 94564 26631 211564 199473 179661 79479 131180 14728 222475 211949 67278 202407 214704
12191 0 12191 0 32619 134939 3843 2611 103719 0 85246 106711 14397 150025 102041 98182 58734 211520 55486 166834 79479 211564 78746 159876 0 94173 13123 166799 103719 211564 150025 79479 211564 147722 169849 79479 189828 14728 211564 59036 79479 211564 92975 0 14728 0 138185 201294 94900 229078 215695 214004 211564 78746 159876 155337 76226 3340 2798 79479 0 65012 165184 103719 211564 2798 150025 65012
232891 152608 104318 201447 179229 211564 232891 152608 104318 201447 179229 106711 234779 179229 7973 211564 86941 43289 74878 211564 152608 169353 104318 211564 179236 193919 211520 211564 192509 154289 152608 69081 103719 211564 157794 86941 70598 170889 94173 58553 103719 211564 2746 152608 169353 152375 8428 79479 7973 1163 162993 154289 211564 232891 69081 84691 14728 162993 154289 170487 70598 211564 232891 152608 104318 201447 179229 2794 106711 0 37388 0 0 16263 0 14728 201986 212263 14728 172270 37388 211564 229121 0 105264 211564 0 106711 233190 37388 0 0 8412 214004 211564 179229 211564 105688 152608 169353 104318 94173 26631 220279 214004 202463 211564 196833 58486 154289 152608 70598 211564 232891 176814 78440 106711 0 174293 14728 152082 70888 149657 221187 17824 49570 155468 19128 154289 17007 2798 211834 230243 0 152608 0 155736 103719 211564 232891 230742 229078 191764 77021 211454 103719 2750 211564 0 166578 94173 92143 160868 170762 211564 0 0 171059 20119 0 103719 77670 131824 37388 211564 121959 152608 36142 103719 211564 232891 0 0 94173 218540 105890 77557 0 211564 171059 106711 80175 234783 26813 188401 14728 20119 122983 6731 162993 157787 35981 176795 215203 52595 72707 154289 29445 29445 155990 47948 214004 5056 1 162942 0 211564 179229 187959 211520 211564 81763 152608 8347 94564 130085 212110 142930 61641 79479 152608 70598 211834 106711 151115 153789 194776 211520 211564 105688 152608 104318 52784 73592 218527 0 0 0 216514 105890 0 82202 14728 211564 81763 152608 62446 106711 125217 214004 0 211564 58486 232108 127053 122855 213330 154289 389 234783 14728 142930 107266 231473 26117 61641 214004 130954 124165 12973 104005 211564 152743 154289 155736 152608 169353 166611 157787 211564 149841 2729 234783 0 187959 211564 179229 107266 106711 47565 211520 152608 169353 60722 39485 113978 221873 232108 211564 0 154289 178960 70598 0
53236 81322 95647 53236 81322 95647 106711 0 77282 11886 14728 211640 77879 0 177401 11886 107266 229078 177396 20119 211564 56904 198895 120391 103719 106699 211275 14728 178602 155337 110829 3244 2625 212204 229078 211640 77879 49686 204029 11886 0 211564 24053 0 137943 203498 214004 130952 20801
0 0 0 0 32619 2567 103719 49206 106711 85222 70598 0 14728 122855 21257 154289 211564 232891 152608 104318 201447 179236 103719 2638 94900 177141 211564 181060 0 21842 0 0 106711 152608 70598 74244 25239 103719 160548 230959 94173 26631 0 214004 136992 154289 211564 73314 160641 155337 70598 107199 79479 142930 211454 2729 234783 81322 2639 214004 2754 0 0 155337 70598 167770 79479 211564 80931 71211 139919 154346 14728 211564 27003 139919 79479 70598 14728 205638 60722 195338 2731 94900 94173 26631 0 155337 152608 107199 214004 211564 85222 71211 139934 94900 94173 13123 171677 70598 0 79479 211564 105688 20421 70598 10356 0 106711 136990 154289 211564 105688 159650 155337 0 134384 14728 211564 152608 151431 90017 104109 90017 154289 189129 74247 0 230742 106711 25239 20119 92975 221237 195338 2757 94900 94173 0 211564 71211 14728 70598 0 123131 191406 79479 211564 71212 14728 70598 70677 171008 20119 211564 80931 238019 60153 139806 103719 0 103719 2638 12974 232108 0 0 0 177141 211564 181060 0 21842 79479 191572 214004 12152 211564 232891 214004 211564 0 0 154289 0 214004 100355 125014 0 233180 132560 172253 155337 211564 185194 14728 67794 0 154289 211564 152608 104318 94900 106711 48270 154289 211564 2772 32268 105688 0 155337 70598 167770 14728 211564 182302 154289 152608 169353 97782 232891 152608 104318 201447 179229 2772 229078 172270 37388 211564 85222 88542 0 14728 16263 0 233215 211564 206745 79479 43564 179229 79479 211564 95465 0 80149 103719 2794 13123 103719 2794 0 233215 43741 103719 211564 32268 152608 169353 86941 74176 229904 107433 52635 14728 181454 94900 94173 49666 74409 155337 211564 0 154289 211564 2798 81763 152608 62446
20569 107293 0 154289 13835 14397 20569 107293 0 103719 13835 229078 64211 103719 0 37388 211564 88865 66047 154289 218635 0 211564 107293 0 154289 211564 13849 229078 125379 214004 14397 0 20568 37388 211564 88865 66047 154289 218635 214004 53703 49279 103719 198989 13835 103719 211564 67289 0 103719 0 0 211564 77879 154289 218635 156301 14397 74202 220575 39927 181821 212364 103719 156149 214004 74300 151938 34076 14728 211564 13630 181560 14728 170104 79479 211564 72621 154289 191708 103719 151938 48341 198989 13835 230742 233011 191536 19128 25234 214004 74323 34079 232608 214004 178888 107326 0 211564 77879 88865 66047 154289 218635 0 211564 155471 107293 20568 214004 53703 49279 103719 211564 13849 230711 212364 179986 214004 218635 234772 122199 94900 80147 0 58075 14728 97782 204039 0 102710 0 103719 211564 72621 154289 49279 212364 229078 176842 214004 185426 22689 214004 211564 17827 28439 211564 181585 0 14728 13630 103719 211564 204636 154289 0 232108 107293 191711 81322 0 14728 0 37164 211564 171059 229078 0 212364 0 186757 128079 179986 214004 107326 103719 0 232108 166944 154289 104587 10196 74305 211564 17827 28439 216954 106956 14728 211564 59284 154289 211564 13630 181560 198218 104181 147912 154289 211564 13849 14728 77019 217345 0 94900 35272 22689 232108 97401 214004 218635 78054 0 147912 143422 154289 230978 61505 154289 196948 155471 155389 126212 155337 20119 211564 136190 53054 79479 191779 234783 14728 122962 214004 199415 107293 211949 147912 154423 208061 7973 211564 0 14728 76875 154289 211640 147910 121387 199422 154289 52932 180765 103719 195066 14728 87646 212364 97443 0 211949 179236 14728 0 211520 211564 52932 229078 180765 103719 0 231379 204246 0 230835 162895 0 52708 14728 132560 157248 115941 154289 0 230742 233011 79730 14397 8150 49674 79479 211564 0 211564 17827 211520 212364 50970 19128 168985 195797 154289 14397 107293 49279 152375 124978 103719 141226 80931 0 148448 0 230742 233011 26117 0 37388 80413 103719 0 211564 107304 149622 53704 176858 49256 103719 211564 13849 14728 155471 130085 210921 49256 103719 157248 17831 154289 211564 232891 130939 10196 211640 167814 221053 103719 211564 2652 42593 132560 107304 14728 195184 85242 143807 214004 13835 214004 126209 220575 157248 78162 14728 53704 211564 191709 154289 0 198253 38675 38675 49256 212397 191709 230717 130085 37388 90031 154289 107293 0 230959 191707 214176 103719 211564 186152 166386 14728 18574 211564 186152 213307 80158 191708 211520 202124 74102 214106 103719 132560 40999 211520 229078 211564 77879 107293 191708 154289 212204 115916 130085 103719 224625 37388 128311 0 230959 228772 214004 191706 103719 211564 122184 0 107293 0 81322 218635 103719 211564 186152 17827 230717 77019 234783 122199 85222 0 191707 14728 53704 211564 0 0 0 211640 193431 186666 103719 211564 136233 132560 154289 211949 107293 191709 230243 53704 103719 211564 189950 92692 154289 211564 2652 42593 130939 103719 222338 17937 45111 138343 14728 211564 199016 178090 154289 34076 0 186757 0 14728 181333 88880 63539 0 103719 143422 154289 212397 191709 211564 107293 121660 14728 61185 106711 202124 200087 214106 125207 103719 0 0 154289 45111 103719 0 154289 138343 155990 103719 152254 0 154289 186757 0 230717 107266 106711 200087 211564 0 154289 0 151471 154289 211949 191709 17824 178562 214004 211564 107293 49246 70118 154289 211564 2943 42593
0 159016 0 159016 106711 128801 99577 14728 41037 155337 211564 122077 224307 203090 103719 160151 149611 0 159016 106711 158184 14728 155732 37388 0 71048 0 0 106711 155337 211564 230338 194518 154289 211564 203090 28439 211564 0 14728 211564 0 0 94173 0 182637 211834 17824 78054 215463 103719 211564 99577 20948 0 182381 159016 0 14728 80014 211564 80014 215459 76214 90672 0 232108 154289 199163 107266 106711 211564 155471 224742 103719 122077 224307 214004 99534 232891 191406 154289 167637 46879 73582 0 154341 9080 20659 103931
219929 13837 219929 13837 106711 47033 154289 211564 221179 201367 232108 14683 81322 219928 211834 94564 26631 219929 162859 126257 103719 151901 13835 195338 211564 67289 0 211834 17824 7973 155389 139506 219929 13847 14728 132560 126209 103719 211564 151901 67390 14728 211564 230338 154289 211564 221179 201367 103719 201367 125207 149657 235368 162681 38615 149657 109339 102978 14728 229121
98813 0 98813 0 106711 171319 147143 79479 100355 199473 117085 81322 155471 155389 196275 39680 62562 103719 2634 211564 80054 229078 62562 37388 0 0 0 14728 229078 150178 0 131807 10196 148449 215473 103719 211564 171690 154289 0 6670 115804 199004 154289 182460 107326 211564 10337 154289 211564 80054 106711 72708 214004 26117 28439 4209 214004 5056 234783 154868 14397 9281 195797 0 0 229078 57719 214004 0 0 234783 14728 0 72803 11592 204277 211520 0 106711 143422 125217 4799 234783 154868 211564 0 76214 155337 211564 32087 190173 214004 26117 105648 28439 212397 80147 155337 98813 0 14728 212397 154289 122199 199473 204070 19128 98813 0 230742 64053 73312 127053 26694 98813 0 211834 106711 235012 152082 70888 134372 214004 131133 49973 14511 154289 211564 104220
98813 0 98813 0 106711 14397 74432 100355 199473 57729 81322 139506 214004 6386 234783 10531 211520 229078 62562 37388 0 0 110576 128321 0 14728 0 58065 41318 0 106711 155389 154289 211564 67278 117085 100355 223833 103719 73312 211564 28289 80054 106711 0 211520 27219 214004 389 104220 80147 103719 0 199229 20119 211564 195797 230243 152767 73833 154289 55698 230717 211564 78472 92143 26631 0 81322 211564 32099 230742 104150 211520 0 52784 94564 0 0
181060 0 21842 211564 181060 0 21842 231111 117085 19128 211564 13207 151137 170706 106711 131069 105688 21842 214004 99013 212397 232862 155337 169512 14728 0 198151 214004 211564 143422 0 43289 74878 211564 232891 214106 211564 170706 229078 201307 103719 2604 37388 0 227357 0 14728 106711 170179 67181 234772 103719 67289 58381 14397 105688 111051 106151 37388 211564 78054 178180 181060 0 21842 31256 136992 58422 211564 21847 103719 204070 77241 19128 71212 171478 100355 181071 205638 60722 95014 68126 14728 161904 211564 170706 141962 106711 192515 14098 211564 231851 222563 152745 80175 14728 106711 0 2730 211564 170706 94173 26631 21843 214004 63213 90017 154289 162859 14728 156278 103931 0 0 0 0 0 0 28895 0 0 0 14728 0 114164
64569 232007 64569 232007 2463 106711 14397 13837 170924 168465 166800 192713 229078 32619 103719 0 229121 230711 192713 77879 201307 166817 168465 170929 211834 230243 225177 77019 147865 215389 79479 232548 192713 232553 132560 126587 14728 201354 215389 197529 192713 38675 96483 211564 232891 43438 211564 77879 147865 215388 79479 232548 93582 103719 2582 192713 232553 14728 114443 231857 79479 211564 149841 78054 234783 192713 127491 211564 213769 103719 2593 192713 166799 103719 211564 77539 10255 1163 108981 0 192713 26434 136990 154289 211564 0 50675 154289 13835 92751 154289 75314 103719 2608 192713 229078 211564 77879 232528 214004 26117 130085 136990 64569 122962 214004 166784 168465 81322 96131 100713 109723 232007 94900 131824 0 0 230717 162859 166784 168465 103719 191779 47024 18574 211564 230384 221179 201367 94900 229235 64569 231648 211564 77879 147865 43448 103719 2582 37164 61505 122199 211520 234772
110005 0 110005 0 229078 14397 13837 170924 168465 166800 94900 229078 32619 103719 0 162681 94900 229078 18339 191559 43438 103719 2540 28439 2580 14728 2597 0 229078 103719 211564 77549 154289 211564 155678 78054 213330 94900 232553 103719 2584 14728 2595 94900 232553 211564 0 182630 0 19833 215388 103719 2580 14728 211564 232891 12554 43448 103719 110097 47071 102978 103719 2581 94900 106711 136990 154289 211564 0 50675 154289 13835 92751 154289 75314
183687 0 183687 0 108565 2428 2462 108565 1573 2637 229078 14397 13837 170924 168465 166800 94900 149622 232553 232891 43448 97782 77879 150177 229078 35202 75904 14728 211699 149657 235368 75904 0 147145 97443 139975 75904 10196 211564 43753 103719 211564 143826 211564 0 0 229078 211564 99534 154289 147865 210151 193919 42276 29431 66466 211564 2572 94900 106711 136990 154289 211564 0 50675 154289 13835 92751 154289 75314
201986 0 201986 0 154016 930 2540 103719 163596 0 149657 109339 222374 134939 3671 2764 229078 14397 13837 170924 168465 166800 94900 229078 232891 43438 66466 211564 2591 14728 67289 2607 94900 232553 211564 155678 80175 213330 67181 234772 81322 2589 214004 2594 94900 13123 232553 211564 0 232891 155678 213769 103719 2609 14728 2610 103719 2614 94900 229078 103719 211564 143826 211564 49285 154289 141962 94900 106711 136990 154289 211564 0 50675 154289 13835 92751 154289 75314
0 211564 0 155990 0 106711 188807 154289 212917 35954 80153 37388 0 0 0 164512 14728 212917 178661 122864 211564 77879 141852 94900 72617 229078 20119 0 14728 214004 212204 57919 211564 0 0 106711 211564 0 94901 154289 211564 188807 212407 107433 143422 75359 163529 106711 211564 0 0 211834 17824 157251 0 134215 125207 0 0 14728 0 0 0 229078 29205 0 154289 211564 0 0 209602 14728 211564 0 170578 154289 221205 0 19128 211564 81930 199935 156392 94900 49478 212204 232108 203165 70106 155337 211564 0 154289 103719 0 105890 211564 63671 154289 0 19128 209242 37388 211564 104135 134215 0 3797 42593 14728 0 6374 42593 0 185390 211520 211949 218938 19618 154289 211564 199935 161331 0 14728 0 105890 232006 145387 26117 0 103719 29205 232018 79479 124691 65412 37388 0 190997 154289 0 94900 38675 211949 211564 212475 170563 19618 154289 211564 161331 14728 185390 211520 107266 106711 155337 211564 25337 154289 211949 212475 211520 155389 145387 0 155337 211564 0 161331 154289 0 35954 211564 42521 209602 154289 211564 0 188807 17824 211564 200915 154289 211564 161331 0 25239 155337 211564 209602 154289 211564 104135 134191 0 924 42593 14728 211564 0 0 154289 211564 225763 154289 0 212204 106711 49478 232108 211564 0 154289 97151 235216 0 59005 204070 19128 0 0 0 14728 0 230717 211564 114734 79099 106711 211564 62307 74224 154289 211564 221131 154289 0 14728 0
0 145083 0 123833 145083 110897 2729 2487 103719 116022 100575 52947 211275 134939 3598 2592 35505 143681 148448 0 226394 229078 14397 13837 8887 14728 139389 163529 230959 80124 66466 232891 228806 102710 94900 229078 86509 211564 136092 154289 98992 145083 229078 154289 106513 60193 97782 229078 211564 198311 154289 28094 0 145083 14728 0 27053 0 94900 89529 221873 155337 75643 148448 0 14728 0 211275 230711 97782 75861 123266 211564 75344 0 202475 97782 203344 20119 170487 188807 103719 77282 88711 214004 95750 205281 97782 75344 145083 110117 211564 18445 103719 2538 97782 77879 0 229078 26870 191033 214004 143117 19128 179186 103719 211564 4523 0 103719 2539 0 145083 229078 225177 87949 103719 191779 25686 103719 107326 97782 7857 19128 49450 0 67295 97401 0 14728 58536 79479 97782 0 10196 26870 233018 103719 49450 145083 229078 178868 81322 211564 25674 14728 171166 214004 125000 211564 125000 84653 12191 161283 49610 154289 211564 18445 84087 97401 211564 136092 154289 98992 0 145083 13123 177141 4082 136101 79479 97782 52983 14728 0 103719 25670 0 145083 26706 97782 8842 40279 103719 2545 103719 211564 49519 143826 211275 35202 95125 107266 229078 62311 37388 231512 41262 145083 94173 26631 155389 154289 211564 28289 117085 98557 8888 103719 0 143835 94900 166799 211564 182302 211564 123314 29462 211564 115465 103719 211564 115465 81322 211275 2551 62311 37388 119581 0 14728 211699 166817 15713 123311 109366 108345 103719 112589 175308 2551 37388 176597 0 97782 89268 0 230243 0 229078 211564 65944 20119 195066 53764 2555 37388 64144 0 0 2557 14728 65621 8816 211564 181560 2560 62311 37388 147843 0 0 2560 14728 211564 91117 154289 79943 0 2565 62311 37388 85064 133550 150392 161080 2565 232108 108345 202011 211564 0 2571 232108 0 121356 0 20119 0 53764 2576 155389 154289 97782 28289 143835 145083 13123 92143 210151 191406 0 197074 2573 103719 107266 94900 166799 211564 182302 154289 214398 0 197074 79479 3457 71476 154289 211564 218757 230384 15713 154289 97782 89263 232878 79479 211564 143835 230243 228806 143835 204070 19128 214004 95647 14728 22689 2562 37388 109366 0 107266 229078 29661 154289 97782 202561 66466 232891 228806 102710
167212 167212 17824 145268 105308 94594 67181 930 0 211640 114772 155990 0 17824 103719 218938 183328 103719 67181 183289 211564 214572 63007 106711 230964 63007 211564 63007 28439 32895 183328 106711 92692 63007 197529 211834 106711 211564 186152 0 103719 12554 188070 230717 211564 25234 214572 106711 103719 211564 186152 183289 102493 211834 106711 212164 183289 230742 106711 211564 186152 125207 211564 77879 183289 211834 106711 211564 186152 0 103719 12554 930 188070 155337 165079 232108 0 114739
0 0 106711 215473 155337 211564 0 181722 103719 60002 70687 103719 2747 211834 230243 2729 162859 126257 103719 0
0 0 106711 215473 103719 0 70687 103719 2747 211834 230243 0 162859 126257 103719 0
0 0 0 0 106711 215473 103719 0 70687 107266 133257 57957 57718 22689 157787 391 234783
0 0 106711 215473 103719 0 70687 103719 2747 1365 162859 126212 103719 0
0 0 106711 215473 148448 211564 0 143583 103719 0 70687 0 155471 57724 22689 2095 234783
0 0 106711 215473 103719 0 70687 103719 2747 211834 230243 1795 162859 126257 103719 0
0 0 106711 215473 155337 211564 0 181722 103719 0 63100 151778 70687 103719 2747 211834 230243 0 162859 126257 103719 0
0 0 106711 215473 103719 151778 70687 103719 2747 211834 230243 0 162859 126257 103719 0
0 0 106711 215473 103719 211564 67390 180933 154289 235378 70687 103719 2747 211834 230243 4082 162859 126257 103719 0
0 152106 122731 103719 145265 211564 0 152106 122731 94173 211564 186152 9564 157787 211564 215716 114739 122731 19128 211564 167212 211834 106711 211564 186152 0 103719 12554 930 188070 107266 106711 222419 79479 211564 0 65958 0 0 0 0 107266 103719 2406 103719 206238 34506 0 0 166800 0 212204 122731 14728 0 107266 10253 103719 2614 103719 89263 34841
0 0 106711 145268 105296 211520 131156 198924 222475 11019 172906 14728 172477 212564 0 222475 0 211564 77630 172900 37256 20119 32895 70555 154289 211564 105296 211564 15173 0 94173 211564 25376 152113 20119 211564 123266 194518 14728 131156 157248 0 172911 211454 172485 37250 211564 70703 0 131156 211564 186152 214572 172911 14728 172485 37250 211564 65958 0 94564 211564 25376 152113 20119 211564 123266 194518 14728 131133 211564 186152 214572 172911 14728 172485 37250 211564 0 65958 0 94173 211564 186152 0 79479 12554 188070 107266 94173 193121 167212 114739 122731
18445 154289 211564 0 18445 154289 211564 0 106711 97571 0 81322 164395 162681 211564 0 229078 79769 103719 2639 37388 109021 139727 216779 0 0 55486 211564 90017 94173 1573 136992
0 0 106711 14397 13837 49856 107266 106711 117085 79479 131180 0 14728 0 0 106711 170681 95534 49856 107266 106711 25239 103719 160580 47071 222592 107266 229078 80153 103719 2754 37388 180825 0 0 0 170924 20302 103719 0 196115 0 0 0 14728 211564 0 49798 212000 17824 160918 232108 211564 83195 0 0 215356 198989 37388 199052 14728 211564 0 0 215356
14109 0 14109 0 106711 211564 147143 154289 190533 77282 203345 11886 14109 0 106711 117085 19128 155389 154289 211564 29231 122246 11886 154289 12554 213307 26870 42829 37388 211564 180634 79479 193454 139506 51761 211564 11886 92143 80175 152743 195447 155337 211564 29415 99560 122246 215672 43971 211564 155471 199278 11886 37388 76506 214004 63539 197529 11886 196936 211520 180634 94173 122389 107433 0 58065 0 0 188452 79479 212397 11891 211564 5055 154289 211564 51258 154289 230742 17824 103719 199278 104837 211564 21842 79479 0 58065 0 230243 87646 14728 166720 103719 76226 2768 180634 177706 211564 0 79479 0 58065 0 214004 87646 14728 166720 211564 14109 0 215356 229078 211564 77539 50248 215356 79479 13837 195421 190533 211564 215356 0 157787 5537 139506 103719 76226 2636 190533 163140 20119 211564 99765 0 192713 163140 214004 211564 177394 20800 154289 157787 5537 75450 212204 229078 142930 211454 52932 195423 204070 19128 85064 202699 226152 86105 14728 0 0
0 0 106711 225963 14728 47117 160552 103719 22526 204216 70687 103719 2747 211834 230243 573 162859 126257 103719 0 107266 94173 46303 38675 200764 163785
0 0 106711 225963 14728 47117 160552 103719 22526 204216 70687 103719 2747 211834 230243 0 162859 126257 103719 0 107266 13123 103929 0 0 0 0 0 202913 89315 14728 231512 89315
149817 204216 149817 106711 225963 14728 47117 160552 103719 22526 204216 70687 103719 2747 211834 230243 0 162859 126257 103719 149817
127053 0 127053 0 106711 225963 14728 47117 160552 151901 154289 0 103719 22526 204216 70687 103719 2747 211834 230243 0 162859 126257 103719 127053 0
0 0 106711 225963 14728 47117 160552 103719 22526 204216 70687 103719 2747 211834 230243 0 162859 126257 103719 0
0 0 106711 225963 14728 47117 160552 103719 22526 204216 70687 103719 2747 211834 230243 0 162859 126257 103719 0 107266 106711 75359 79479 211564 177506 0 144991 211520 93582 211834 103719 2257 107266 103929 211564 0 154289 139425 202913 0 95090 0 95090 0 99710 0 14728 0 89315 211564 177506 0 144991 229078 144991 115737 211520 93582 103719 0 103719 2257 131807 147145 231512 0 193860 97782 127750 133031 0 211564 177506 0 229078 126587 121474 0 14728 0 230243 87591 214004 136322 20119 211564 0 14728 211699 0 214004 183909 21857 14728 85439 133505 106384 0 175834 21857 214004 127034 14728 133505 15713 232528 94900 191033 0 75344 124221 211520 185390 211520 133031 229078 93595 14728 95023 133031 0 143469 92143 65248 7973 211564 144991 103719 211564 65248 133031 85757 167575 214004 230717 192713 229078 36821 103719 211564 0 155337 17007 2428 2259 133031 31473 229078 80147 103719 0 23014 103719 29503 79479 98456 88785 211564 127034 167757 80147 0 14728 18675 97401 212000 13123 80147 218938 0 211520 94900 92143 33055 211564 57919 154289 211564 144991 211564 216646 201307 155337 20929 2259 107266 229078 95534 20119 193496 92751 103719 37004 200764 0 231512 0 229078 43818 232108 115737 133031 0 37388 193743 14728 0 96131 94900 229078 13123 43818 232108 0 211834 230243 215203 154289 43821 94900 0 152082 90804 211564 111051 0 79479 155471 4208 140071 0 106711 230711 211564 162859 103719 211564 111051 208059 14728 217615 214004 58416 102493 211564 163529 106711 90804 155990 152082 90804 0 229078 80147 90804 94900 229078 191044 214004 58165 37388 93356 211564 110653 156151 211520 10196 94900 229078 58075 97782 31473 229078 214004 26117 0 231512 0 61505 155337 20929 709 2259 111067 26694 151628 94900 229078 93349 20119 211564 0 103719 37004 200764 0 132560 162859 193935 221873 214004 190122 97401 61497 155389 149787 185390 211834 230243 1 162859 230959 193935 221873 15713 149787 185390 211834 230243 2729 10196 94900 229078 58075 211564 31473 229078 207888 22689 214004 211564 0 142930 211454 1 162859 38953 214004 211564 0 214004 190122 0 31473 97782 31473 229078 0 211564 149841 57919 97782 196040 229078 172946 155337 62853 103719 211564 0 145225 20119 211564 183361 49066 154289 0 154289 70687 103719 2757 107266 229078 207888 64834 14728 53796
89263 0 89263 0 106711 225963 14728 47117 160552 103719 22526 204216 70687 103719 2747 211834 230243 0 162859 126257 103719 89263 0
126136 0 126136 0 106711 225963 14728 47117 160552 103719 22526 204216 70687 103719 2747 211834 230243 4209 162859 126257 103719 126136 0
0 0 106711 225963 14728 47117 160552 103719 22526 204216 70687 103719 2747 211834 230243 0 162859 126257 103719 0
0 0 106711 225963 14728 47117 160552 103719 22526 204216 70687 103719 2747 211834 230243 0 162859 126257 103719 0
0 0 106711 225963 14728 47117 160552 103719 22526 204216 70687 103719 2747 211834 230243 0 162859 126257 103719 0
0 0 106711 225963 14728 47117 160552 103719 22526 204216 70687 103719 2747 211834 230243 0 162859 126257 103719 0
0 0 106711 225963 14728 47117 160552 103719 22526 204216 70687 103719 2747 211834 230243 0 162859 126257 103719 0
0 0 106711 225963 14728 47117 160552 155337 211564 0 181722 103719 22526 204216 70687 103719 2747 211834 230243 0 162859 126257 103719 0
0 0 106711 225963 14728 47117 160552 103719 22526 204216 70687 103719 2747 211834 230243 1205 162859 126257 103719 0
0 0 106711 225963 14728 47117 160552 103719 67924 55232 70687 103719 2747 211834 230243 0 162859 126257 103719 0 107266 94173 46303 38675 200764 0 46303
0 0 106711 225963 14728 47117 160552 103719 22526 204216 70687 103719 2747 211834 230243 0 162859 126257 103719 0
0 0 106711 225963 14728 47117 160552 103719 67924 55232 70687 103719 2747 211834 230243 0 162859 126257 103719 0
0 0 106711 225963 14728 47117 160552 103719 22526 204216 70687 103719 2747 211834 230243 0 162859 126257 103719 0
0 0 106711 225963 14728 47117 160552 103719 22526 204216 70687 103719 2760 211834 230243 2730 162859 126257 103719 0 107266 106711 18574 68599 139324 230338 154289 106384
126136 0 126136 0 106711 225963 14728 47117 160552 103719 22526 204216 70687 103719 2747 211834 230243 0 162859 126257 103719 126136 0
0 105264 211564 0 105264 106711 14397 71212 156296 25239 103719 229121 107266 95767 214004 210179 162859 230959 131133 167770 14728 211564 172247 7973 211564 232891 67806 14728 211564 71211 0 105264 172253 103922 211564 201354 154289 211564 232891 179229 230742 106711 7973 0 86941 71212 170762 14728 149657 102295 79479 0 211670
173989 89189 173989 89189 106711 14397 17827 154289 179442 103719 164979 181060 152375 164979 106711 7906 214004 60208 89189 154289 176858 0 153643 222475 84653 178578 164976 39206 13123 60208 211564 221217 155337 138849 188064 232108 173989 136045 211564 87305 154289 173989 89189 106711 214004 60714 211800 230742 51211 32895 84653 178578 14728 173989 136045 99838 49481 211564 211789 154289 211564 29205 14728 211564 196936 106711 225177 61641 103719 169516 164976 17824 232862 155337 152743 154289 229523 214004 233174 64834 211800 154289 173989 89189 155389 16954 106711 214004 189784 79479 221055 77235 211800 164976 13123 217615 214004 60714 211789 20119 14397 73569 142930 81930 124353 125207 203072 211800 127263 173989 89189 155990 157248 138121 214004 77580 157515 231016 157480 55485 211789 154289 89189 14728 173989 136045 39485 26117 49478
0 206320 0 106711 0 107266 106711 0 127053 107266 106711 211564 155471 0 103719 206320 214004 26117 81839 0 201081 107266 201320 81322 0 20119 211564 0 181722 0 105504 14728 70555 20119 84653 98569 65407 148448 206320 11141 211564 203992 0 161127 103922 126235 14728 0 211564 198989 230384 143583 14728 211564 0 0 17824 160800 154289 211564 0 198218 154289 211564 0 17824 0 181722 0 0 0 100410 97197 0 21607 0 181722 96049 0 65407 211564 181560 181722 0 181722 0 0 181722 115967 85067 181722 0 14728 133547 202913 211564 0 67390 0 218315 106711 131069 218315 103719 0
0 0 229078 127053 45105 210151 171008 107266 16801 155337 0 201403 81322 2562 214004 2614 211564 193919 229078 130085 20119 0 103719 149657 235368 47071 0 13123 229078 183909 103719 78054 157248 133268 103719 230742 0 158184 210151 201403 103931 0 103719 229121 0 103719 112589 47071 0 103719 127460 15050 0 103719 46729 14728 0 103719 139967 185459 161567 211564 193919 175834 212475 99704 127053 14728 122199 218938 99704 155337 204740 0 60375 211564 80967 0 154289 99559 212566 211564 2552 0 74225 107433 89268 0 37388 229494 154289 155389 23897 115506 193919 99534 31305 0 230959 179185 0 80246 19128 99534 103719 2582 14728 178722 99534 221763 2599 67181 193919 0 103925 37164 229078 152082 148511 125379 214004 68126 145265 20800 160856 83195 105855 14728 40849 193832 67181 229817 20800 136992 177141 158578 154289 0 85970 232108 198218 107371 103931 0 186564 211564 171008 47960 211681 198357 107266 229078 38675 115506 17824 162859 214672 0 0 0 212204 122199 26434 211564 193919 213769 230711 107266 143807 214004 7610 155337 204740 0 132560 201294 81322 12554 84853 154289 71048 145265 143835 210151 72821 16801 155337 0 103931 26732 103719 2604 63683 193919 79479 45105 14728 99539 37388 209848 175834 155337 204740 0 155337 0 230753 212204 193919 130956 211564 0 213769 211564 193919 107435 229078 152124 125207 211564 115506 76926 211520 107266 155357 229078 212204 99700 0 175834 221763 2610 0 68028 214004 3843 140071 11070 81322 2611 214004 2614 155337 0 155337 187511 0
0 80246 0 80246 32619 0 80246 2489 35202 149657 235368 106711 14397 13837 210151 99534 73989 14728 34930 0 94900 229078 211564 80217 81807 99534 154289 211564 45105 210151 171008 0
0 50434 0 50434 155990 0 26787 155990 0 50434 60212 115916 154289 8856 37388 170924 0 107266 106711 230711 166800 155990 209622 66466 211564 83155 211520 106711 152082 170924 155990 106711 154328 107266 106711 152082 0 155990 34151 211564 183834 0 50434 106711 198250 143422 166801 14728 75450 0 211564 154354 183834 154289 132560 200213 103922 183824 197529 211520 177813 39206 38657 0 50434 155337 209622 155990 166800 211834 134939 26117 77591 155990 162506
211564 49285 154289 141962 143826 211564 49285 154289 141962 106711 2614 13837 200213 65100 143826 7973 168465 166801 107266 229078 178602 103719 2614 211564 143826 201294 161567 149736 214398 54547 14728 133786 69426 0 133651 0 229078 211564 62330 211564 143826 232553 155389 8220 21842 107266 106711 211564 191231 214004 211564 0
127722 231473 209647 222373 16505 127722 231473 209647 222373 16505 106711 198357 37388 211564 34867 168992 24053 110493 63276
221276 0 221276 0 106711 70703 168992 24053 110493 63276 77879 11886 107266 229078 178602 103719 2602 212564 74910 177401 133651 0 170882 211564 177394 20119 0 203349 0 70687
47953 110493 63276 11886 47953 106711 211564 189950 14728 77539 11886 37388 168992 24053 110493 63276 178602 218938 142532 79278 211564 204332 154289 122855 195421 101859 55540
0 0 155990 0 106711 202064 30308 14728 97169 0 125896 155990 190724 50024 12927 71077 154289 163904 107266 106711 170173 103719 143422 54529 0 14728 103719 198218 147963 59927 107266 106711 211564 134372 230742 130085 211564 120370 0 208741 0 107433 130919 222417 106711 103719 181722 51125 140760 232108 0 186406 89134 54604 202407 72821 107266 131156 87949 181722 205399 107266 94173 223845 157248 147158 166156 0 0 0 50334 0 0 222373 12554 135953 183153 211564 186152 212105 0 230742 106711 125896 106711 154423 38675 208741 208741 106711 13123 222419 79479 166578 0 198035 0 106711 154423 38675 166156 13227 30851 154289 0 155990 166156 39206 127236 125207 198035 107266 202124 78838 37164 225177 196843 211834 94564 26631 77019 166156 74240 214004 190122 99821 127053 107266 207902 79479 0 214004 79730 14728 65495 154303 30851 154289 16786 198035 166156
0 0 211564 2794 42444 52850 3144 162859 126257 103719 211564 47071 2760 193935 3244 211564 47071 229078 80153 155337 108565 2562 144135 154289 211564 47071 229078 95135 56974 37388 211564 2798 0 67346 14728 217871 211564 17827 154289 211564 47071 106711 0 116897 14728 211564 168624 59736 106711 390 162859 162942 116897 211564 135016 154289 211564 47071 106711 0 0 19128 154289 2798 0 75637 170882 4546 139506 103719 15619 185739 79479 211564 47071 211834 106711 155389 175340 125542 232108 195875 201403 103719 0 0 229078 179231 214004 94564 26631 0 154303 211564 132613 37388 211564 217871 79278 211564 0 67346 8412 214004 211564 167757 73650 36146 196938 211454 212475 202517 97138 94173 26631 49975 78655 36147 208094 211454 212475 202517 230243 160843 78655 20119 211564 47071 92751 229254 13123 176792 19128 97138 19128 211564 212164 78672 155337 1365 132800 26026 179229 193935 165270 154289 211564 215473 211564 179229 60209 211564 47071 19128 12927 49975 0 0 52784 152082 210179 99821 132560 162859 92143 205556 211564 47071 61448 94564 217871 192896 211564 192896 230243 60294 214004 171475 162859 81322 229438 214004 138083 208073 99838 211564 217871 154289 132800 2798 229078 1163 138083 97138 103719 211564 47071 211564 229438 53193 211564 17831 211520 230243 205291 214004 26117 185176 126587 154359 72707 211520 2729 214004 4546 154289 211564 47024 162859 61505 0 68256 151115 127084 74102 211564 47071 92143 138078 97138 0 37164 107266 229078 152082 70888 142930 211454 6385 154289 1 99745 230243 60446 37388 211564 217871 19128 154289 17007 2798 1 162859 81322 211564 215473 230243 50550 58075 232108 3844 202124 140488 195896 47071 154359 7973 155389 154289 211564 47071 144841 70137 230243 115718 211564 215473 135016 0 0 229078 20119 232840 20119 211564 47071 92751 14728 205556 97782 231238 229078 20119 211640 0 98682 14728 192713 61505 106711 160800 154289 211564 48350 218938 115804 127053 7973 191775 212420 165694 216423 222419 214004 90046 211834 107266 229078 190513 19128 155389 154289 211564 390 121517 154289 108586 0 163217 103719 2492 14728 103719 2532 107266 229078 147145 166386 154289 0 26383 10196 211564 2798 217871 155471 155389 216402 229078 202124 211834 195440 210381 208073 218938 100521 234772 216402 106711 12554 211520 106711 123266 81322 211564 79636 211564 216402 106711 155471 78054 138083 81322 211564 189674 14728 134939 26117 56974 37388 214672 144135 185924 211564 19833 79479 211564 171478 154289 0 12974 232108 211564 47071 14728 0 88547 17824 217624 214004 171475 211564 122153 165694 216402
57226 0 57226 0 32619 110829 2620 103719 163596 230384 21178 106711 14397 21179 174864 65413 94900 232553 211564 34867 79799 212475 43448 103719 2772 94900 55486 174826 103719 211564 79799 178912 191406 94900 106711 13123 211564 211039 65413 79479 32895 211564 177506 36292 174864 14728 211564 0 214970 0 79799 155389 209637 0 201307 0 20119 211564 10337 154289 150673 103719 2760 94900 71018 211564 230384 21179 79799 79539 43448 94900 65538 1573 223525 0 14728 77652 68603 37388 189821 70392 211564 149841 234772 94900 232553 188781 214004 211564 79799 31225 19471 43448 232108 73252 0 66466 97782 77879 189821 0 67295 167708 168939 14728 232553 218863 94900 77652 212164 103719 211564 65415 43448 232108 0 167587 5456 167587 26813 211564 43438 103719 20929 2764 0 71018 155389 174806 103719 211564 79799 31225 219891 191406 94900 77652 68603 103719 211564 189950 174806 14728 214683 212475 43448 167587 20119 211564 70392 154289 211564 234772 94900 71018 211564 79799 31225 232891 77539 0 0 94900 77652 103719 77282 168939 80214 189962 26813 211564 231849 2767 187834 211564 21179 143807 214004 79799 178912 71021 211564 73314 14728 107293 43449 94900 77652 211564 234772 191772 103719 211564 107293 191406 232108 0 167587 14728 189288 195440 0 20119 223236 94900 75033 214004 189270 167572 103719 97782 77019 201320 103719 211564 73314 174826 0 201493 103719 79799 178912 79479 2768 71021 211564 73314 14728 230384 73314 43449 37388 211564 70392 154289 211564 234772 211564 94900 214683 97782 77879 73314 213769 103719 211564 230384 73314 55327 14728 77652 189950 103719 211564 0 66466 211564 138926 154289 211564 2768 189821 0 130085 97782 79799 212475 58290 20119 211564 0 94900 173933 103719 68603 79479 211564 77879 174806 94900 229078 143807 221873 214004 195890 103719 211564 174806 10196 108345 0 14728 45951 0 0 155337 211564 89573 0 143807 214004 211564 34867 79799 212475 43448 79479 2772 65425 79479 0 0 94900 13123 130085 97782 58290 103719 211564 126120 232891 191406 37388 178912 43448 94900 179879 81322 211564 77879 174806 26694 77656 0 103719 211564 189950 230711 94900 179986 214004 79799 212475 94900 74396 97782 43448 122855 0 26434 211564 77879 21179 65413 195338 57825 0 103719 2620 214004 231648 211564 34867 0 213769 94900 232553 211564 43448 37388 6615 167587 0 51319 232108 0 79479 211564 0 88865 170703 232108 211564 209622 94900 77652 195890 103719 211564 173941 174806 94900 179879 155337 211564 77879 121797 154289 211564 130919 174806 10196 97955 211564 228497 155337 3843 154016 2772 0 229078 194796 37388 209710 214004 49915 103719 211564 2794 79799 178912 191406 189821 94900 92143 167708 168944 103719 211564 189821 231877 14728 77652 211564 189821 189950 103719 211564 43448 0 179986 214004 211564 191406 103719 2798 79479 0 174864 0 130085 97782 215658 58290 20119 211564 230679 154289 79799 155389 39982 103719 58381 2772 94900 211050 79479 177506 36292 174864 20119 211564 235488 65415 211039 20119 0 58065 0 155337 211564 77539 57919 154289 211067 0 92143 211564 75814 213307 154289 211564 211039 37388 142930 211454 155389 189950 0 26434 155389 154289 211564 211039 14728 179480 65415 79479 32895 177506 36292 174864 14728 211564 195761 209622 0 214970 0 103719 152302 2794 0 229078 211564 155471 177506 36292 174864 65413 20119 211564 70392 235488 65415 211039 0 64053 211564 73582 97782 75814 121797 229078 189962 75813 211454 189877 0 173941 121797 211564 187511 26694 0 178722 0 103719 79799 155389 211073 94900 94173 20580 155337 3457 152302 2794 0 229078 50550 19128 214970 0 211039 14728 179480 65413 79479 211564 189821 94900 231473 207868 160800 103719 211564 77879 80748 169516 191629 154289 67181 174806 229820 19128 90672 65413 0 229078 0 79479 167587 19128 0 229078 90672 65413 94900 229078 0 79479 167587 189821 103719 171025
0 0 106711 225963 14728 47117 160552 155337 211564 0 181722 103719 22526 204216 70687 103719 2747 211834 230243 0 162859 126257 103719 0
142080 0 142080 0 106711 225963 14728 47117 160552 103719 22526 204216 70687 103719 2747 211834 230243 0 162859 126257 103719 142080 0
0 0 106711 215473 14728 47117 160552 103719 0 70687 103719 2747 211834 230243 930 162859 126257 103719 0
0 0 106711 215473 14728 47117 160552 103719 211564 67390 180933 154289 235378 70687 103719 2747 211834 230243 2004 162859 126257 103719 0
0 0 106711 215473 148448 211564 0 143583 14728 211564 0 143583 103719 0 70687 211564 70444 154289 211564 147143 103719 0 135966 149657 225963 103719 151882 193919 107266 229078 225883 191708
0 133257 0 133257 106711 215473 14728 47117 160552 103719 151778 70687 103719 2747 211834 230243 0 162859 126257 103719 0 133257
181821 30478 8887 181821 30478 32619 138545 108345 0 0 191188 2195 2512 103719 0 149657 109339 106711 14397 13837 8887 181821 30478 26706 97782 8842 40279 19128 45081 103719 64941 193790 77507 19128 110493 189358 2525 39927 0 193919 31287 2525 211564 29205 170031 2532 87949 22852 33462 2532 14728 211564 156855 193790 77482 130919 202913 155337 211564 132800 2535 19128 14397 9535 30478 94900 26706 214004 166784 196936 182307 103719 77507 125207 211564 30308 182784 2551 232108 0 169353 14728 62311 37388 96049 0 211564 0 154289 0 2557 232108 225575 134661 212475 226298 162859 2564 232108 0 0 168696 0 97329 2567 232108 89442 0 94900 13123 92143 182302 103719 211564 89268 202561 73595 214312 2580 166817 211564 182302 154289 195226 211564 0 181821 30478 193860 214004 75314 230711 166817 163461 103719 211564 77482 103719 48905 30926 2582 25239 155337 211564 32268 37388 217532 0 14728 62311 37388 180767 35206 15713 163135 229078 166817 0 167757 154351 0 103719 0 0 103719 31042 2594 79479 212204 77482 30478 229078 151407 79479 87666 86951 181821 30478 94173 92143 127053 14728 204029 40279 103719 210151 97782 89263 232878 103922 0 19128 0 214668 0 181821 30478 166799 79479 6472 71476 34926 28439 2597 14728 2600 30478 232553 0 70061 21842 103719 2597 14728 229078 151407 10253 103719 2599 14728 13123 232553 87666 86951 103719 2597 79479 0 15713 154289 97782 232878 155337 210151 229078 97782 0 154289 108345 0 109723 0 103719 30926 76988 2610 62311 37388 139214 0 79479 230742 94900 229078 151407 79479 14397 70061 14728 87666 86951 103719 2610 155389 154289 97782 122153 210151 16799 229078 103719 110661 57919 211564 110079 125993 202561 2633 62311 37388 31325 0 94900 166834 211564 217501 202561 154289 178661 0 230959 115750 97782 75344 212204 182302 229078 155389 154289 97782 28289 163136 14728 67295 97401 151410 79479 14397 70061 103719 2633
0 0 106711 215473 14728 47117 160552 103719 0 70687 103719 2747 211834 230243 709 162859 126257 103719 0
0 0 106711 215473 14728 47117 160552 103719 114377 70687 103719 2747 211834 230243 0 162859 126257 103719 0
0 0 106711 225963 14728 47117 160552 103719 67924 55232 70687 103719 2747 211834 230243 0 162859 126257 103719 0
0 55232 0 106711 225963 14728 47117 160552 103719 67924 55232 70687 103719 2747 211834 230243 931 162859 126257 103719 0
127053 0 127053 0 106711 225963 14728 47117 160552 103719 67924 55232 70687 103719 2747 211834 230243 0 162859 126257 103719 127053 0
0 0 0 0 106711 225963 14728 47117 160552 103719 67924 55232 70687 103719 2747 211834 230243 0 162859 126257 103719 0 0
0 0 106711 225963 14728 47117 160552 103719 0 63100 72588 70687 103719 2747 211834 230243 0 162859 126257 103719 0
67390 0 67390 0 106711 215473 14728 47117 160552 103719 230338 205632 70687 103719 2747 211834 230243 3144 162859 126257 103719 67390 0 107266 106711 211564 98682 215473 154289 211564 2627 168513 90017 181060 185390 80701 107266 106711 155337 211564 137514 125542
0 0 106711 215473 14728 47117 160552 103719 230338 205632 70687 103719 2747 211834 230243 0 162859 126257 103719 0
0 0 106711 215473 14728 47117 160552 103719 0 70687 103719 2747 211834 230243 3051 162859 126257 103719 0
0 0 106711 215473 14728 47117 160552 103719 151778 70687 103719 2747 211834 230243 0 162859 126257 103719 0
0 0 106711 215473 14728 47117 160552 103719 198240 70687 103719 2747 211834 230243 3244 162859 126257 103719 0
0 146644 0 0 146644 0 106711 211564 147865 15884 154289 45111 221763 2297 107266 229078 233190 37388 0 58065 0 0 14728 50024 37388 132520 0
0 0 106711 215473 148448 211564 0 181722 103719 198240 70687 103719 2747 211834 230243 0 162859 126257 103719 0
0 49983 0 49983 106711 14397 0 44479 50048 230717 42521 20420 222563 137943 94173 14397 69149 192863 230742 0 107266 214004 49477 232108 155389 155990 142930 141613 211949 141613 38675 0 94564 20119 122983 155389 158917 154289 80748 69162 79479 0
0 0 0 0 0 60153 189122 60153 18998 72803 60153 0 229078 84653 70382 172270 103719 80413 28439 0 14728 0 211564 81807 213769 229078 0 0 0 0 60153 189122 60153 18998 72803 60153 0 0 0 0 58065 0 58065 0 0 70214 0 0 0 58065 0 60153 189122 72803 0 58065 0 72803 0 120370 0 0 0 0 58065 0 0 60153 189122 58065 160548 58065 0 58065 0 72803 58065 120370 0 0 58065 0 211564 0 229078 211564 77879 70382 214004 103922 51419 81322 132560 162859 14728 107266 229078 211564 77879 214004 103922 211564 70677 202124 211564 0 106711 75359 7978 12554 79479 179270 211564 212409 154289 211564 70817 8412 214004 59658 0 103719 211564 18923 0 211564 0 10965 229078 214004 43564 211564 229494 162859 212116 211564 0 229078 0 19128 216044 154289 0 43355 0 0 103719 0 211564 216044 229078 86509 37388 211564 0 32268 172271 14947 122843 0 214004 110079 139536 14397 0 126257 103719 80413 103719 134939 0 122843 0 15599 211564 232840 19128 21499 79479 185714 37164 139536 92143 152082 64211 211564 232840 122843 0 26256 139536 232108 39369 139536 0 79479 19715 37164 122843 0 229078 191644 80748 26439 94900 229078 0 79479 97782 149657 68037 122843 0 45826 134420 108981 161567 58065 0 58065 0 103719 20929 0 0 58065 0 229078 77789 79479 26870 168494 122864 122843 0 211699 97684 0 14728 108981 0 19128 211564 149657 68042 0 233011 178719 68037 79479 211564 149841 218852 234783 190154 211564 0 212564 214004 0 132560 154289 211564 143422 152109 77334 154289 211564 80931 70817 51415 214004 211564 0 103931 0 0 14728 24910 0 211564 143422 0 0 233215 2004 18927 155990 7973 68599 162942 57919 28439 0 14728 0 0 195912 154289 211564 0 170590 183909 3341 51761 152106 73569 195440 232878 103719 211564 2424 42593 0 92143 170590 183909 154289 142930 211454 5056 51761
59658 0 59658 0 154016 0 3942 110829 0 229078 80931 164512 18807 54100 14728 233178 94900 229078 117085 77329 66466 211564 70817 94900 106711 28289 117085 79479 191572 19128 48270 44991 68037 14728 0 214004 211564 0 12974 232108 108981 122843 0 0 0 61505 81322 172494 0 103719 160548 10339 5969
0 0 106711 211285 211520 229078 233190 103719 211564 122184 77879 42593 155990 211564 67289 189950 42593 42123 107266 229078 170740 233190 10196 211564 60454 154289 211564 210326 103719 109347 103719 5969 42123 14728 26694 211564 189950 182381 228806 1205 42123 107266 106711 20670 214004 0 27316 0 14728 106711 103925 103719 198218 68036 154289 211564 154868 211043 14728 211564 0 37164 148834 109486 151672 45965 178004 107266 19128 0 211564 206697 156725 46303 103929 107266 103719 211564 28956 211564 211285 94173 6615 190003 14728 106711 13123 117085 19128 0 0 154289 0 14728 124206 154289 0 214004 211564 150673 14728 92692 216688
0 21842 211564 0 21847 17824 170706 86509 67181 234772 79479 211564 28289 167467 81322 189121 77175 75478 155990 99371 143422 21847 79479 233186 17824 147145 79479 211564 53721 154289 211564 21842 211564 203720 154289 211564 21842 155990 14397 103563 163529 211564 0 17824 147145 79479 43753 103719 189121 77175 202561 211564 30772 167480 0 103719 181821 0 193790 202561 211564 89315 97371 154289 67320 218938 21847 17824 86509 28289 127053 167467 79479 167492 154289 5055 155990 142930 125575 14728 28289 193790 167467 79479 232878 154289 4950 155990 77021 125575 211564 136992 154289 211564 189121 77175 167492 19833 0 45741 191779 168985 231851 0 79479 67181 234772 0 21847 67181 136990 134939 147143 155389 232840 211520 193890 231648 103719 67181 41486 12554 154289 211564 0 17824 172270 103719 32268 38675 211564 0 0 136992 154289 211564 19833 211699 227470 155337 211564 77539 231851 195338 2760 211564 21847 94564 26631 170179 103719 110829 20119 42743 20119 0 211564 28289 193790 167467 41486 12799 225177 193790 167469 214004 26117 71018 99838 211564 0 13123 94173 211564 66660 201294 21842 79479 167469 81322 155389 214004 210381 125575
0 0 106711 225963 14728 47117 160552 148448 58113 103719 114377 70687 103719 2747 211834 230243 0 162859 126257 103719 0
0 0 106711 225963 14728 47117 160552 103719 0 60805 70687 103719 2747 211834 230243 931 162859 126257 103719 0
67390 0 67390 0 106711 225963 14728 47117 160552 103719 22526 204216 70687 103719 2747 211834 230243 0 162859 126257 103719 67390 0
230338 0 230338 0 106711 225963 14728 47117 160552 103719 0 63100 72588 70687 103719 2747 211834 230243 0 162859 126257 103719 230338 0
0 0 106711 225963 14728 47117 160552 103719 0 63100 72588 70687 103719 2747 211834 230243 0 162859 126257 103719 0
0 204216 0 106711 225963 14728 47117 160552 103719 22526 204216 70687 103719 2747 211834 230243 0 162859 126257 103719 0
47117 160556 103719 70687 103719 70687 47117 160552 106711 221167 154289 126587 88542 47117 160556 17824 211564 127811 213037 154289 126587 88542 27236 63102 14728 52926 107266 106711 14397 9359 160552 103719 49874 214004 14397 0 46303 160552 211564 160552 52820 39206 58416 214004 38657 107435 215473 225963 0 155990 49799 14728 103719 125379 152743 154289 40999 94173 47071 201447 88971 37388 211564 141829 47117 160556 155471 53187 160800 154289 70687 7973 4208 154289 211564 168624 211834 17824 55486 151115 47117 160556 103719 89266 127034 14728 26694 2768 211640 53711 229078 152082 163347 232135 127034 32662 211564 53711 154289 14710 160556 229078 125674 214004 211564 0 206730 211564 160556 154423 192515 211564 186152 33141 19128 211564 132360 154289 211564 126587 127357 20119 77879 211564 132360 229078 211564 130919 221167 154289 126587 9357 14728 111072 103719 211564 67289 184030 67806 73592 211564 46303 179185 211564 132360 53054 19128 211564 184030 9359 42544 14728 0 126587 209388 155337 170881 117085 19128 0 0 212110 204070 19128 178642 154289 211564 168494 161104 81322 211564 127357 154289 211564 132360 214004 211564 46303 37164 103719 169516 107266 229078 9349 37388 141849 10196 211564 0 154289 211564 141849 211564 169353 214004 43817 0 176309 214004 81924 178642 154289 211564 168494 229078 86509 214004 211564 160552 21270 37388 211564 0 8830 79479 211564 178642 154289 211564 168494 211564 160552 21270 230243 117085 19128 0 14728 230243 130085 221873 154289 12554 211564 104755 154289 211564 160552 19128 211564 168624 229078 90050 107266 26434 104009 61641 214004 98445 136327 19128 14397 155678 0 103719 198218 143430 36156 221873 17831 211564 190510 0 214683 157787 179659 81322 211564 49799 20119 121947 212204 0 103644 68272 37164 12795 0 37388 190568 69409 211564 9357 154289 211564 160552 206730 0 155337 211564 142233 154289 211564 46303 154289 70687 19128 178661 136993 26434 142930 0 204070 19128 212564 211564 180168 154289 0 211564 0 154289 211564 160552 0 38953 105890 174226 14728 211564 0 0 14728 52378 0 103719 211564 206730 26434 198954 79479 50244 26439 154289 212204 0 66466 67289 211564 2652 42593 211564 160552 0 127491 107433 169392 214004 8948 31270 14728 157248 156278 204070 19128 211564 127480 154289 179659 79479 168494 178642 212564 211564 168494 122624 13813 8830 2273 211564 179186 31270 230243 67181 7906 214004 0 211640 158183 176309 103719 211564 160552 211564 46303 176309 42137 214004 26117 0 103719 132560 17831 14728 229078 7935 13275 103719 2343 211564 14710 160556 200049 105890 218938 63040 221187 66466 211564 2652 42593 211564 168494 122624 13813 8830 2340 58473 211520 12554 17831 211520 0 191132 176309 74450 17831 0 14728 0 26486 47117 160556 19128 230072 211564 160556 79479 46303 222417 51319 0 19128 0 160556 211564 122308 160800 154289 211564 2652 42593 187834 143422 154289 211564 14710 0 104779 37388 211564 47117 206730 0 221873 232108 211564 131082 154289 0 7935 47117 160556 103719 211640 141226 190997 230243 72617 0 103719 2403 37388 211564 126587 88542 8830 2403 211564 8830 7935 0 14728 72617 69054 160552 52829 103719 12554 184030 47117 160556 232108 142930 211454 3844 0 211949 230243 90020 105890 184030 63102 33141 230243 13192 214004 21748 160556 26870 200049 28439 52926 222122 160556 51319 214004 74091 14728 33141 230243 222563 43566 214004 26117 211564 186152 19128 211564 222122 63100 155990 144841 32662 103719 230742 212000 230243 195834 121947 215490 156422 200049 28439 144639 160556 230243 79479 211564 143422 160800 73592 110117 105890 155389 160552 151115 160552 52829 230243 79769 79479 222122 160556 14728 211640 155471 81912 229078 19128 17831 0 0 214004 168494 122624 221141 232108 211564 0 154289 211564 168494 122624 206730 103719 2501 211564 160556 92143 155471 0 74093 103719 2580 47117 160556 103719 127034 230243 79749 7935 230711 89266 127034 229078 53704 19128 211564 123361 80397 79479 89266 127034 61448 152082 131133 0 79479 16352 126587 88542 31473 27236 127034 32662 195338 12554 154289 127034 229078 170366 160800 154289 138213 32662 144841 32662 155990 222122 63100 151115 8894 160552 52829 230243 7935 103719 2595 211564 126587 88542 8830 2593 179808 47117 160556 103719 184030 17831 14728 196936 222122 17831 37164 7935 211670 103719 121956 222122 17831 132560 79776 222122 63102 14728 144841 32665 211520 230243 26870 7935 176333 211454 204017 230243 51319 19128 149657 160556 222122 17831 211520 230243 50970 214672 121947 214004 26117 195440 160556 230243 177977 212204 163342 14728 26434 0 17831 211564 8830 13123 123146 214004 211564 168983 154289 203588 154289 12554 63102 16505 81322 127034 32665 177904 103719 2580 105890 144639 47117 160556 79479 73831 158228 230755 71077 0 103719 2595 152375 94173 80175 47117 160556 53197 160800 154289 107433 17827 211564 53711 154289 215473 14728 160552 52829 106711 70354 103719 0 17831 211564 126587 88542 14728 176356 8830 2638 84087 126587 179524 211564 181060 214004 59335 211520 149657 160552 14728 52820 26117 53704 103719 0 17831 212204 229078 74396 214004 127034 32665 37388 211564 126587 88542 14728 172247 106173 103719 95014 8830 2767 232108 212204 211564 47071 154289 127034 106711 20119 170173 211564 155471 160800 154289 70687 230717 47117 160556 39485 26117 53704 102493 70888 0 103719 14397 17827 154289 171319 149657 160552 175937 81322 5055 103719 14397 17827 232108 124118 211454 5056 0 214004 389 103719 155389 232108 142930 211454 5056 194776 0 0 107433 53711 211699 211564 126587 63100 52820 155990 0 21271 145387 50963 211564 171316 177151 72617 160552 52829 103922 0 2754 0 2757 14728 0 2767 103719 2754 191764 149657 160552 52829 230243 191644 221873 79479 36991 221974 216529 14728 103719 2747 211564 139600 114760 222122 17827 26434 71077 0 232108 210381 149657 160556 26870 53704 103719 2754 211564 225963 154289 89263 0 0 0 160552 201447 160556 39206 13123 26117 7935 230717 211834 106711 73683 211520 212204 103719 179655 214004 0 47565 14728 205640 126587 205281 81322 211564 17827 104755 73833 103922 0 230742 229078 7935 103719 2764 14728 0 7935 103719 2794 73650 47117 160552 94173 160552 136325 50988 154289 12554 211564 0 154289 211564 160552 84677 136325 106711 95534 155357 234772 47117 160552 134939 94564 160552 52820 230742 0 223845 126587 0 86509 37388 0 102493 160552 94173 77021 211454 2730 0 107266 106711 222563 0 214672 196936 214004 94564 160552 52820 14728 105240 231473 155471 94564 160552 136325 14397 73831 154289 62307 59429 0 191779 196936 160556 39206 26117 90020 214176 14728 192509 49742 160552 52820 155990 73569 49742 160552 136325 103719 166408 230717 211834 106711 151115 47117 160552 0 17831 211564 9357 154289 211564 8881 151827 0 37388 211564 160552 26488 211564 179659 154289 211564 63100 155990 32662 52820 211834 17824 7973 5970 160552 14728 215473 52829 103719 70687 14728 7973 5056 160556 232108 155471 160552 136327 195338 2638 18574 390 149657 47117 160556 94564 26631 53704 103719 198218 40999 200057 74101 47117 160556 37164 143430 37388 53708 149657 155420 81322 0 17831 219092 8881 0 37388 160552 155990 215473 52829 103922 211564 182302 166799 37388 160552 52829 223830 196938 160552 52829 94564 155471 125379 179616 14728 84677 166784 155471 140000 182302 230753 198218 121956 160552 52829 94564 182302 195181 214004 211520 154289 196936 151431 63100 160552 52829 177140 81945 37388 0 0 155337 211564 52820 209388 158851 37388 211564 179524 154289 211564 160552 160552 52829 17824 183909 37388 227322 0 230959 17824 69054 214004 191536 79479 80175 234783 14728 17824 152082 158851 198218 52829 94564 45828 214004 161742 211640 69054 136992 196936 0 19128 163347 220575 160800 154289 211564 126587 88542 8830 2731 211564 126587 21270 136992 0 70687 178195 2754 211564 152743 154289 0 223830 183153 103719 171306 214004 211564 168624 154289 211564 160552 143422 160552 0 17824 69054 214004 179257 211564 71076 160552 212407 103719 160556 232108 121956 168625 155990 212397 211520 53187 121947 17831 211564 160552 39206 26117 63247 105890 0 211949 0 211699 179984 42817 152743 154289 0 67181 214004 211564 160552 52820 59868 155337 211640 168624 155471 102493 211834 17824 142930 39323 201104 79479 69057 211454 211834 17824 189840 155337 211564 52820 231473 14397 69057 26117 95534 99838 198253 211834 17824 77021 39323 211454 189840 230711 212204 93585 211564 0 189840 94564 214004 26117 77461 37388 48270 37388 211564 52820 230711 0 0 79479 189830 138908 14397 69057 106711 155471 95534 102493 42817 152743 222563 389 154289 160552 179524 179387 14397 69057 157256 211564 52820 231473 48270 198226 214004 26117 211564 179186 0 73650 160552 52820 103719 70687 145387 9431 48575 154289 50434 14728 160552 0 145387 0 232108 107433 201090 0 37388 211564 201090 31256 79479 70687 160552 39206 94564 47071 201447 37164 155471 102493 211520 106711 88971 37388 211564 54471 103719 70687 211834 17824 55486 68599 160556 232108 47071 201447 12554 166408 232108 127053 15160 41546 0 0 0 0 0 185800 0 14728 230102 211564 52820 154289 14397 0 160552 134939 0 161076 179582 86521 211564 160552 211564 201447 154289 215473 211564 160552 52820 26488 215473 52820 18574 4547 160552 52829 17824 38675 215473 52829 220575 211564 126587 88542 14728 172247 106173 103719 95014 8830 2767 47117 160552 134939 152375 26117 86509 14397 13207 203498 135966 155389 154289 211564 79278 211564 43156 154289 215473 52820 231473 94564 211564 213769 215473 135016 14728 211520 154289 160552 52820 230742 106711 47071 231473 222563 94564 211564 213769 154289 135016 19128 179758 160552 52820 39206 13123 26117 38675 215473 52820 49799 52820 225963 52820 155990 153820 47071 52820 212407 143422 47024 17824 152082 160556 37164 170563 17831 155990 103719 70687 199477 138213 32665 151431 63102 230711 47071 155990 215473 94173 26631 7935 19128 32662 14728 107266 106711 50970 0 214004 130954 0 154289 211564 43977 211564 43977 134939 26117 215978 214004 160552 52820 79479 107433 17827 230717 211834 106711 151115 204070 160552 52820 211564 63100 52820 134939 0 43977 0 214004 230978 211564 43977 14728 211564 18438 154289 211564 79776 32662 231473 27218 211564 43977 0 230959 50982 154289 211564 0 155990 0 79479 211564 17827 154289 211564 79776 32662 130954 215721 204070 19128 0 14397 73831 154289 204070 47071 229078 0 231007 47071 52820 229078 137489 103719 2639 214004 79730 0 0 211564 17827 154289 211564 47071 154289 0 178722 0 221763 2731 230711 160552 52820 229078 53704 79479 211564 47071 211564 43977 0 79479 211564 47071 154289 25544 131133 221873 211564 131082 154289 211564 0 155337 25544 14728 151901 67390 198240 52820 47117 160556 63539 152082 53187 211564 230964 154289 70687 211834 17824 151471 103719 89266 127034 14728 225177 77019 103719 211564 157248 0 47117 160556 223922 89272 103719 195912 132560 53187 213532 0 232108 168625 154289 124118 211454 390 230719 198218 121947 160556 53187 215490 232108 168625 154289 210555 154289 212423 230461 232108 168624 154289 6027 106711 211564 143422 0 47117 160552 103719 132560 40999 191779 196936 225967 17824 103719 195440 160552 121947 222122 17831 17824 143430 0 19128 211564 88542 20119 211564 213307 154289 211564 126587 88542 8830 2593 0 211640 53711 79479 121947 215490 155990 211640 203992 37164 211834 106711 84677 152124 214004 202463 211640 72621 79479 73831 29917 94173 160552 149657 0 230755 158228 94173 80175 14728 0 94173 191764 160556 52784 152082 99838 26117 72617 103719 127034 221763 211564 43587 154289 211564 122624 103719 2767 14728 19128 235012 151471 94564 26631 72617 211834 211564 2747 42444 177396 191779 160556 232108 151115 104755 211949 230243 44768 41262 103719 211564 138926 154289 44768 47071 42544 0 232108 0 0 0 44013 0 0 0 151901 203866 7935 0 0 14728 0 211564 122153 212475 92143 26631 207888 157787 37388 211564 34867 18339 79528 66466 232891 228806 102710 14728 178719 0 14710 160556 154423 92143 0 160927 0 14728 0 230742 230243 152082 110117 214004 211564 179678 154289 211564 160552 103719 198218 40999 211564 0 160800 229078 103719 61621 52947 103719 157248 40999 14397 71076 160552 229078 103719 0 160800 154289 211564 52947 214004 230742 107266 27219 211834 230243 13123 132560 73833 154289 160556 63247 28439 218938 155990 142930 52926 211949 0 230243 143430 78071 103719 211564 2652 42593 26694 47117 160556 230243 105966 211564 52926 0 160927 8830 2293 215978 132560 37164 152082 12554 160556 230742 230243 0 160927 154289 52947 214004 211564 52947 103719 230742 212000 230243 0 126612 211564 178724 0 160556 230243 215978 103719 211564 2394 14728 103719 2507 211564 0 160800 154289 211564 160552 154289 0 0 205514 37388 0 178722 221763 211564 33141 230243 43566 103719 2580 157248 122672 103931 211564 63247 160556 14728 168494 122624 13813 8830 2373 69360 143422 0 154289 47117 160556 27220 214004 218938 155990 142930 52926 14728 37388 2433 0 103719 0 14728 211564 106972 154289 0 229078 211564 197983 178724 73831 0 229078 200049 105890 218938 160556 155389 103719 67181 52947 103719 2440
41842 204216 41842 106711 225963 14728 47117 160552 103719 200764 0 204216 70687 103719 2747 211834 230243 0 162859 126257 103719 41842
0 0 106711 225963 14728 47117 160552 103719 22526 204216 70687 103719 2747 211834 230243 0 162859 126257 103719 0
182784 89315 182784 89315 106711 93036 103719 0 22526 204216 70687 182784 89315 94173 78054 125995 36147
0 175932 211564 0 175932 17824 90017 154289 143689 103719 198989 21178 212000 94564 26631 125995 19128 155389 154289 21178 157703 147865 121517 211564 230243 147145 0 175921 103719 2280 37388 74302 68156 110079 0 230959 229078 189791 79479 14397 0 183242 81322 9121 214004 168759 125459 211564 175932 230243 98682 214004 211564 0 14397 104181 21179 162859 79479 212423 154289 234783 211640 158906 14728 181955 0 39206 26117 80147 212566 211564 17827 121947 17827 106711 171476 37388 211564 0 175932 147865 160580 103563 215490 103719 211564 0 175932 103922 0 0 0 169282 14728 123492 53764
0 0 106711 62609 211520 41751 56973 214004 211564 74558 102493 163529 230959 94173 0 63743 152082 85439 95750 81322 63660 212000 231473 152082 26117 7906 214004 190122 212204 62609 93585 26439 154289 104006 170245 103719 211564 74558 211564 170245 41751 56973 214004 211564 0 149209 212204 39206 41747 127480 154289 226569 14728 134939 13123 26117 158883 198253 107266 106711 93681 79479 163529 214004 117071 211520 212000 94564 0 211564 226569 39206 26117 127491 225177 196843 230711 194737 106711 127491 81322 0 211520 7859 214004 190122 39485 26117 177414 211834 17824 218938 115941 154289 0 211564 115916 211520 93585 225177 75799 14728 211564 115916 211520 93585 196843 157787 127053 213307 0 106711 211564 189950 143422 49742 41747 154289 0 103719 211564 232891 211834 106711 154423 96245 0 214004 0 75344 97888 154289 0 106711 181447 74898 211564 178573 181447 154289 94594 230638 106711 38675 170487 155678 0 0 106711 104006 7973 218938 214004 80175 79479 162859 230959 94564 0 232108 0 0 160871 170487 155678 0 106711 19830 232108 145471 103719 191779 61621 84708 13123 211564 0 154289 107266 93583 106711 61621 103719 61621 168625 0 106711 211564 122873 41747 154289 0 103719 10132 13847 230959 94564 97150 176316 154289 170487 155678 15138 0
209388 179557 209388 179557 106711 230711 162859 63539 152082 161742 209388 26439 212000 17824 15226 20119 99821 211564 88542 222438 211564 141962 198218 162859 17824 209388 0 26439 212000 76309 22852 7973 95757 211564 88542 63539 22852 212110 125207 228806 198218 162859 17824 209388 0 214004 171513 198218 162859 17824 209388 0 214004 217615 214004 41747 88542 214004 75233 125207 0 83307 61448 103719 104132
153730 58457 14397 153730 58457 106711 166386 221873 97138 230717 162859 39206 190122 212110 212000 17824 222563 155337 36147 155990 143689
125993 154289 97151 143689 212204 106711 125993 154289 211564 97151 143689 103719 211564 232891 198253 107266 39206 26117 93681 214004 77329 157515 99821 208073 143681 106711 37164 212204 18923 94173 211564 28289 0 12554 154289 211949 143689 17824 103719 42521 155990 199016 19469 107266 39206 13123 26117 93681 214004 77329 157515 102493 218938 161946 47948 214004 67181 157248 17824 160800 154289 211564 186152 143681 155990 218938 61621 143689
0 211564 0 0 0 106711 0 230742 126243 103719 175361 79649 154289 130036 121947 106956 154303 211564 199004 48339 154289 10129 212204 0 15324 106711 151215 143422 8871 20119 150392 211564 0 199638 143422 154289 107433 213307 103719 216423 66466 211564 57919 107266 0 103719 149262 103719 211564 79714 154289 216402 107266 36150 211564 149262 157515 154289 123012 14728 0 211564 0 94173 0 209864 14728 199447 212100 138926 77608 214004 85439 20119 211564 105092 0 220575 216402 24788 107266 0 211564 186152 67779 0 19128 0 63539 69631 107266 0 155337 216423 214004 77580 0 211699 0 98465 103719 211564 232608 222475 107433 80017 0 0 211699 107266 202062 103719 107433 138926 77608 214004 172474 211564 0 157515 0 17824 170490 14728 197529 17824 178562 214004 142075 16557 14728 162859
0 0 106711 123314 43753 94900 106711 28289 117085 19128 211564 232229 103719 211564 0 123316 94900 229078 115967 18909 90720 0 106711 13394 145989 77329 94900 176163 86516 97782 176968 79479 211564 212110 94900 63743 0 229078 170740 77879 233190 7973 103719 230113 123311 97782 202561 106711 25239 155337 160927 154289 191779 61621 176858 14728 77176 43769 106711 222563 185390 214004 26117 155389 232108 147986 26870 211564 198954 154289 97782 70883 169353 120714 154289 211564 121016 0 97401
163785 0 163785 0 32619 3457 132800 2582 103719 225715 21205 106711 21208 79423 230959 166799 79479 195956 176078 231205 14728 211564 21208 79419 209622 19128 58742 211564 155471 48053 94900 166799 79479 229078 195956 176078 231205 81322 2638 213219 2747 94900 229078 39927 154289 211564 209622 66466 97782 213307 232108 176078 94900 166799 103719 215203 154289 0 134340 14728 189276 80175 87318 79479 212204 176960 94900 106711 96395 79479 12554 176078 205284 94900 229078 227471 79479 211564 176078 209622 154289 211564 42593 94900 166799 79479 176078 103719 211564 2637 219707 55327 231851 55327 77539 10255 160548 200764 0 103719 35529 230742 176078 127491 94900 166799 5673 134340 79479 211564 21208 79419 209622 81322 2619 214004 2750 94900 166799 79479 211670 103719 211564 77272 232891 55327 2625 14728 2639 10196 97782 166800 40279 94900 201307 19128 48275 154289 211564 13596 200504 154289 176078 103719 2754 94900 26434 200213 131826 154289 211564 48053 37164 103719 2767 94900 174504 65941 214004 51322 54108 94900 26434 48275 154289 211564 0 0 79479 155389 234772 211699 131826 154289 211564 77879 225715 76135 195338 2772 94900 94173 26631 48275 154289 188031 0 0 0 103719 211564 21208 36489 103719 2798 94900 230204 19128 149657 48275 214004 97782 79776 48053 195956 176078 231205
0 0 225410 103644 106711 211285 68037 211520 106711 49742 155337 132560 221254 155736 206745 0 106711 170482 222419 37388 0 0 106711 231111 168604 26439 107266 12799 222436 214004 63539 132560 81923 155337 63677 187740 189784 0 72821 37388 170237 19128 77019 114772 19128 168985 99838 211564 0 214004 212204 130085 37388 162859 230959 64144 125207 0 106711 211520 132560 154289 211949 0 17824 0 14728 64144 131133 190997 211834 106711 14397 105707 0 228806 28439 0 211520 169936 0 14728 0 211520 169936 0 15713 49742 211285 68037
0 58065 0 211564 0 58065 0 54655 154289 0 229078 211564 38657 107196 37388 75861 139136 0 0 182381 41566 170441 155337 1795 191188 2223 103719 211564 196936 215473 154289 0 211840 211564 0 58065 0 107266 106711 13123 38675 211564 0 58065 120370 0 155990 211564 54655 154289 104105 10255 211564 215716 199278 88542 230742 92143 26486 0 0 37388 211564 147439 106059 154289 211564 162620 103719 211564 0 218938 234783 0 14728 152743 154289 0 230243 166571 214004 77301 211564 199278 49246 88542 37164 212000 230243 0 26439 94900 229078 10120 214004 85439 18675 0 130085 97782 35254 0 14728 152743 154289 157248 137055 232108 91117 87301 214004 211564 193007 155337 211564 150392 154289 1573 191188 212000 130085 211564 193007 191644 80748 211564 170723 162859 228773 214004 183824 211640 158183 121387 170651 212000 191644 68608 80748 211564 149841 143107 20119 18574 0 13449 0 156151 211564 46303 27176 214004 26117 0 94900 130085 97782 50667 162859 230959 20580 97782 46303 49502 214176 232108 0 0 14728 110576 0 37388 97782 194518 94900 200085 214004 211564 162859 103719 81351 154289 97782 46303 94900 70354 211670 214004 87301 10255 211564 199278 88542 179445 63539 152082 10586 19128 214004 230638 73802 0 185390 20119 211564 213307 211564 25670 154289 0 211564 77879 103563 77301 103719 211564 228806 93582 57957 122199 138343 104105 81322 199229 0 26117 58473 221763 191188 3530 2248 10196 210381 234783 154289 228806 212204 93582 232108 211564 58467 154289 104105 154289 211564 138334 70118 73650 234772 155337 211564 150392 154289 191188 1573 211564 170203 154289 138343 181284 211564 27053 154289 211564 147865 159016 103719 138343 47071 20119 18574 69282 103719 211564 73572 10196 211564 0 154289 211564 27053 94900 0 54655 154289 0 0 0 25239 221974 211564 0 58065 0 94900 38733 157515 211564 147158 154289 211564 103563 96402 154289 211564 138334 228806 154289 104105 14728 70555 232108 211564 0 154289 0 138343 212475 213330 81322 211564 0 154289 211564 159016 10196 211564 0 94900 181284 211564 27053 10253 14728 229466 211564 78141 154289 138343 214004 211564 0 154289 211564 54449 103719 211564 166850 58065 120370 0 212204 106711 79274 37388 211564 166817 14728 134087 195435 154289 211564 0 146644 0 211564 147865 15884 155337 211564 143107 154289 191188 1795 155990 104105 57919 211564 147865 139389 160134 201320 103719 211564 0 15713 147143 79479 211564 166850 58065 120370 0 107266 87519 161173 211564 0 137032 14728 70555 155337 211564 0 58065 120370 0 138343 47071 130919 33101 195181 42270 93585 103719 47024 14728 215490 12554 157787 138343 14728 103719 138334 0 14728 0 232920 155337 211564 1789 155990 211564 1996 211564 135016 155990 88549 0 155990 0 231473 207868 155337 211564 182302 154289 211564 170203 14728 181252 211564 27176 86505 199547 14728 197529 155337 103719 211564 2652 42593 138334 170207 103719 211640 122153 234772 103719 154346 201307 214004 49502 214004 0 0 79479 211564 0 58065 0 170203 0 230204 214004 0 0 19128 160800 154289 211564 0 42271 103719 2794 155337 211564 1996 154289 191188 191188 1795 106711 104105 57919 103719 138343 14728 106711 50970 0 98475 155990 0 0 126046 98475 154289 211564 0 212204 57919 106711 42267 232108 0 0 171021 65583 14728 0 14728 132833 24053 49929 14728 157248 199447 73589
0 162859 211564 0 195467 0 230243 197646 47394 103719 211564 0 206730 154289 211564 157999 49256 72617 37388 199229 103719 211564 1996 42593 72448 103719 122246 13835 211564 147143 229078 222419 79479 162859 154289 172750 155990 143430 199278 30926 37164 230959 230243 32619 103719 211564 49279 211564 0 47394 229078 190178 19128 127801 211454 211564 0 0 230243 211564 162859 230959 126212 103719 211564 49279 37164 230243 32619 103719 199229 0 230243 97150 201447 211454 12554 157248 0 73833 154289 157248 0 17824 162859 154289 140760 60193 0 14728 0 0 211564 210766 0 106711 154423 216040 105890 70703 19128 53824 99838 211564 232812 53824 106711 13123 222419 79479 132560 72911 90031 18574 211564 232891 230959 94564 151115 97871 50778 214004 199229 155990 214004 16352 49246 206730 221763 0 211564 199278 49256 230243 183827 220575 122672 60294 37388 211564 199278 0 212000 84087 211564 13837 171691 89263 104105 211564 195835 43566 232108 211564 33167 177911 66466 211564 178335 154289 43873 102721 199229 148625 214004 85439 142930 141962 81322 107433 49256 79479 211564 73314 14728 86941 229035 107266 229078 77305 197529 107266 52784 130954 211564 199278 70118 211564 54471 130085 211564 0 142930 103563 14728 212000 214683 157787 132560 9359 154353 230742 92143 26631 77461 37388 0 20119 211564 186152 213307 177911 37388 211564 41566 46303 177706 211564 182307 14728 0 154289 211564 127801 175983 154289 211564 47676 230959 230243 143430 0 37388 211564 2652 42593 212204 0 167770 154289 211564 199278 54471 14728 211564 73833 154289 211564 13837 14728 80931 0 123146 211564 0 214004 177027 10255 211564 0 232108 104008 205281 154289 211564 157248 0 212000 201307 214004 77301 199229 103719 79479 104105 2214
0 2950 88058 211564 0 2950 88058 106711 14397 0 11053 230742 135976 107266 39206 121387 14728 207868 154303 155337 229254 107266 229078 60294 19128 14397 68599 0 166521 79479 0 103719 211564 127053 106956 17827 211564 88058 229078 0 77879 0 214004 78978 107266 229078 13123 0 77879 218880 11053 19128 230072 19128 211640 77879 11053 214004 171676 49677 191551 66466 232891 228806 102710 211564 88058 229078 222419 214004 216118 211564 222373 139389 103931 211564 48339 90478 107266 191538 232108 132560 157248 11019 79528 66466 25686 211564 88058 214683 155337 14397 104008 152743 154289 49450 14728 215793 182307 107266 229078 13123 222419 10196 211564 228806 103719 2519 198218 180765 179524 154289 127053 106956 204070 19128 0 0 19519 0 214004 36140 211670 14397 11053 212000 233011 222417 212204 11053 214004 78978 214004 149657 235368 47071 211564 2950 229078 60294 10196 212204 107266 229078 14397 12554 97138 0 169365 37388 218938 0 230925 0 0 110534 150673 11019 0 70679 143698 155337 211564 122873 67958 154289 97138 231804 211564 58646 0 191538 13123 19128 100318 14728 92143 93203 0 121456 84299 77879 78541 154289 211564 171597 214683 166386 155337 134939 3671 2521 211564 0 229078 225177 0 107266 92143 127496 154289 105603 199163 197529 107266 52784 26117 222419 19128 128801 155990 216118 0 211834 230243 166577 214004 133257 211564 2950 19128 14397 0 0
125993 154289 77272 52932 48599 211834 17824 55486 0 77272 136992 67181 155389 232108 61621 52932 48575 211564 79278 48599 177812 214004 52931 155990 59866 17831 211520 17824 55486 152082 0 232108 77272 37164 231007 48599 68769 16796 103719 211564 77272 179765 57701 155990 17824 222419 178186 37388 50493 229751 211564 79278 48599 135953 52931 211520 63539 152082 94564 16368 214004 63539 232108 77272 73569 212407 212000 17824 136992 154289 211640 126587 90031 211949 48599 17824 152082 222563 222419 37388 77272 211564 79278 48599 17824 0 26439 52932 94173 42137 214004 74091 43566 107433 147143 43566 107433 48575 155990 94173 26486 160800 154289 15713 52932 13227 143422 77272 48599 17824 211564 186152 19128 211564 105688 155160 49727 52932 48599 20119 211564 155160 83195 211834 17824 202124 198218 43574 28439 211670
211564 120714 115721 211564 120714 115721 106711 211564 212164 203345 11886 37388 13837 195421 0 0 89315 107266 229078 178602 152302 2794 155337 0 177401 0 0 69222 211564 0 80598 197074 161567 0 14728 107892 0 170882 211564 11886 212204 229078 66466 2772 214004 2794 211564 11886 229078 125995 20119 152743 150673 155337 211564 222373 29415 2730 43971 103719 107433 77879 229817 107266 197964 4624 51761 103719 211564 229817 10196 107433 58290 107433 77879 195440 0 235471 61448 230072 105698 211564 11886 94173 197964 0 51761 103719 211564 221179 201367 107266 94173 26631 42829 166720 103719 211564 221179 115973 221974 107433 178601 211564 120714 115721 177141 168946 180139 81322 143422 145265 54116 212000 169598 107266 79479 107433 170889 0 198850 145265 16954 14728 89315 195435
49874 154289 106210 77272 14728 107022 0 52932 48599 212204 207261 0 106210 77272 14728 107022 0 52932 48599 48599 17824 193952 232108 211640 122153 234772 154289 222417
107022 0 107022 0 106711 201081 130085 37388 211564 105688 156296 79479 0 107022 14728 107266 222438 193790 48599 214004 147143 12554 52931 14728 198218 157248 166408 162859 81322 12554 157787 211564 232891 39206 222417 211564 186152 48599 212204 106711 95754 26439 61621 121661 94564 61621 147158 79479 132560 52931 79479 73831 211564 52932 70703 38657 199229 106711 38675 0 37388 199278 211564 107022 0 94173 212475 48599 79479 199229 0 0 14728 0 151115 157248 52932 94173 16352 154289 211949 48599
0 0 0 0 106711 211564 147143 154289 47071 14728 211564 144846 18574 107266 103719 211564 151901 160800 154289 211564 138334 201354 154289 0 211564 81807 147143 106711 0 0 0 58065 120370 0 146644 230742 106711 199278 79479 0 0 0 154289 147865 104105 107266 106711 20119 20119 7973 0 138083 0 76325 7978 189674 124353 103719 211564 42444 154289 2760 211564 47071 92143 168624 154289 5261 162859 211564 121956 17827 154289 211564 144846 92143 0 104755 211564 47071 106711 62328 103719 211564 138926 154289 211564 144846 230742 106711 0 116897 0 200492 138485 103719 195912 107266 13123 103929 132560 196936 49798 211564 121959 154289 230742 106711 184553 0 26694 138343 26434 104109 211564 47071 229078 196936 215473 117085 195275 19128 0 107266 229078 96237 211520 75861 139136 0 200085 97782 75359 54655 79479 211564 104105 154289 138343 211564 0 58065 0 212204 229078 103719 211564 67289 99704 154289 191188 1795 2223 103719 81351 154289 97782 160552 46303 10196 138343 8600 104105 211564 215473 229078 178894 0 0 103719 97782 98992 211564 42521 200532 154289 211564 215473 103719 81351 154289 75861 0 97871 46303 106711 168604 215375 200258 214106 0 0 106711 117085 170482 79479 107433 0 104318 107266 0 232840 214004 230072 157787 92692 211564 47071 168624 211564 0 14728 134087 42657 170897 17824 197964 212566 122246 13835 14728 211564 221179 201367 75450 154289 0 14728 168604 145265 226577 0 0 79479 211564 214430 154289 110392 0 0 94900 229078 155389 154289 211564 52932 143422 0 195423 14728 0 94900 106711 36821 103719 211564 215473 42384 79423 0 68889 0 0 229078 32619 96237
41842 41842 134939 177812 214004
68070 116178 197074 68070 116178 197074 134939 1795 2253 132800 3598 2401 229078 221179 201367 18445 154351 14728 8211 94900 229078 84653 79479 211564 50491 201367 18445 66466 211564 13837 47117 228806 148448 211564 70392 154289 211564 228806 94900 49606 12554 211564 50491 197979 230338 154289 211564 140505 181560 94900 205500 97782 18445 84087 221873 211564 77301 155337 134939 3457 2337 20119 149657 156500 212204 229078 229829 10196 181821 123182 92143 205500 20119 0 116178 197074 229078 81322 185459 0 78746
84653 154351 84653 154351 106711 14397 154351 230959 106711 20119 97138 139389 175970 222563 103719 211564 18445 14728 103719 198218 166408 211564 11019 79519 84653 106711 222419 103719 132560 52931 18574 211564 232891 14728 230711 52932 222438 61621 232812 211834 106711 15713 213769 211520 106711 154289 71580 175970 9369 106711 211564 52334 175970 103719 148169
50113 209753 211564 210766 0 106711 0 154289 50113 60286 0 14728 50113 132531 0 211564 210766 0 0 51429 106711 71667 103719 198218 104313 143422 0 197819 229078 60716 79479 170887 60722 14728 211564 60286 14728 132531 154289 50021 14728 0 37164 212000 17824 26870 222419 37388 17657 232108 89266 80966 0 197819 222438 0 65198 214704 214004 60208 0 222419 37388 211564 0 168833 154289 211564 171008 214004 58795 0 211520 231473 62307 211564 143498 154289 129782 214689 214004 129782 211564 73795 192463 211520 229078 65201
0 211834 106711 142930 211454 155389 166386 38675 0 103719 70687
211564 115967 154289 182460 211564 115967 154289 182460 229078 174864 0 107266 232553 174806 81322 182460 103719 107326 214004 70687 211564 174806 229078 103719 2462 107266 229078 127053 57817 0 233215 198357 7973 211564 0 211564 198357 229078 177396 37388 110897 0 211564 115967 154289 182460 229078 174864 0 107266 232553 174806 81322 182460 103719 107326 214004 70687 211564 174806 229078 103719 2462 107266 229078 127053 211564 29834 229078 219051 154289 0 38675 31042 0 107266 92143 181252 155337 107433 123278 233190 155337 211564 181252 229078 177817 152743 211564 152743 229078 0 211564 0 229078 158184 37388 43884 100166 94900 13123 34234 211564 0 100166 19128 32619 103719 211564 67289 2352 94900 61505 155337 1163 132800 2566 230711 94900 61505 94900 229078 6529 234783 154868 94900 126212 20119 5345 0 202913 60000 211564 99710 94173 26631 59468 107266 229078 20119 100166 201307 0 174864 103719 2439 230711 211564 174806 93582 94900 229078 170203 14728 0 154289 60000 215473 79001 48053 94900 13123 233215 7973 0 79479 211564 60000 73572 210049 230711 211564 29834 61505 100166 84087 107433 31473 214004 60000 145225 14728 18807 82970 211564 145225 0 107433 196141 211564 145225 74058 106711 117085 19128 0 152743 0 107266 94173 26631 155337 193919 20119 60000 14728 69631 107266 94173 26631 155337 193919 20119 0 145225 107266 94173 13123 26631 155337 193919 20119 0 92751 0 92751 106711 103719 152194 19128 154289 20929 2798 211564 29834 106711 22689 155337 62853 103719 60000 145225 57817 0 233215 198357 7973 211564 115967 154289 182460 211564 198357 106711 13123 7973 43884 100166 107266 187959 211520 155337 211564 57919 154289 211564 29205 174806 202524 0 103719 212420 29856 230243 0 21857 14728 149622 190178 10253 211520 193961 99821 57195 29856 174826 39206 26117 211564 198357 229078 177396 37388 110897 0 192713 95035 0 195400 211564 198357 20119 49928 211564 49928 229078 103719 211564 122184 2607 192713 229078 110653 20119 211564 49928 0 38953 80217 0 13123 177396 211564 198357 192713 177396 107266 79479 14397 11886 38675 0 0 229078 178602 103719 2619 34506 0 229078 15713 0 20119 211564 49928 94900 185390 211564 115967 154289 182460 229078 94901 14728 193894 7978 73650 157248 198357 204789 155337 211564 150392 14728 193890 94564 232553 0 13123 186564 211564 198357 126209 177399 106711 155337 126209 14728 0 211520 106711 177394 0 130085 103719 2731 94900 177396 107266 232108 0 0 211564 24053 92692 131807 92692 0 13123 166799 211564 198357 37164 212000 149622 172946 107266 155337 155389 154289 211640 177401 211564 232827 154289 211564 198357 94564 26631 130085 105890 32268 211564 32268 94173 4015 158793 107266 94173 65199 37388 93475 0
0 0 41550 0 0 0 32619 152302 2566 106711 34867 75781 60296 0 14728 233178 192713 158193 211564 49856 0 0 125379 211564 49856 190640 98682 0 14728 157248 87994 212000 190615 103719 193766 155468 14728 37388 130882 156149 211564 49856 229078 0 20119 6170 0 103719 76226 2794 0 106711 117085 79479 60298 0 161520 192713 94173 233190 191779 32309 0 89529 221873 103719 93111 192713 230204 214004 31264 188807 230711 192713 229078 2195 192713 143807 214004 127034 192713 232851 79479 211564 0 0 0 192713 122199 191644 221873 14397 105603 60286 37084 232108 81148 149841 192713 155686 96131 158183 193753 0 106711 178562 214004 151143 96131 220445 106711 43873 0 211564 5956 24910 0 94900 222419 214004 26117 43156 154289 45973 97782 57781 17824 211564 0 0 0 14728 211564 0 0 0 212000 232840 19128 210151 0 212000 17824 0 53124 32895 154289 96131 160489 61505 154289 39284 0 92143 34172 39284 230711 192713 229078 4322 14728 94173 195338 177414 0 160915 106711 177394 170883 100233 0 212000 137914 230711 192713 232851 19128 97782 0 212000 94564 98682 28229 211564 211435 103719 230338 127034 14728 15713 98682 103719 0 192713 94173 201812 192713 106711 0 0 155686 96131 77879 193753 10196 0 81322 34172 39284 107266 229078 103719 127034 98498 160580 107266 155686 103719 2633 211564 193753 197964 93203 0 14728 34696 0 82061 0 122199 60209 107266 19128 0 0 193753 19128 154289 17007 2798 192713 94173 4624 193766 14728 0 103719 211564 221179 115973 211834 17824 218938 142930 103719 106471 69282 103719 108586 17824 212475 103719 117893 142930 193766 17824 65941 214004 155678 103719 108586 14728 117893 0 229078 155337 26026 174983 60244 106956 62592 171013 192713 185390 96131 193766 230243 125207 0 26439 162859 68769 127722 107266 14728 228767 126136 30117 154289 107266 225177 144135 155990 228767 214004 0 222373 0 0 125379 229078 178120 232108 49852 99710 155337 17007 2633 103719 2772 211564 49856 0 110856 142930 211454 5537 162993 81322 0 214004 0 185739 182784 214004 3942 49866 232108 2428 211564 234772 26694 212204 229078 160914 65941 214004 149657 202493 155695 192713 197964 143422 154289 96131 192523 103719 211564 49856 103719 2794 192713 197964 211670 214004 170677 0 0 38675 0 19831 192713 114443 198218 192523 192713 106711 211564 49856 53717 62330 0 94173 232851 232108 0 214004 60286 0 2760 192713 60294 141117 164622 79479 0 14728 211564 0 0 103719 2764 192713 232851 232108 181829 214004 0 0 81322 2760 155548 103719 2768 192713 232851 232108 0 214004 170881 193765 23115 130085 81322 166657 32963 211564 23115 230243 197964 214004 175429 141962 79479 133074 0 39284 40275 212000 0 12927 5056 211564 23115 187742 7973 195875 139506 166657 32963 81322 26870 222419 19128 0
0 0 106711 229494 154289 0 107266 39206 26117 222419 19128 135976 214004 102317 163529 195338 211564 0 106711 211564 155471 229494 214004 102317 163529 107266 94173 214004 26117 114443 189969 0 39206 26117 201383 212204 135976 107266 231473 178719 211564 186152 221297 211564 222429 43574 107266 155990 107266 176163 43574 155990 0 39206 26117 66771 66771 0 43574 178186 14728 63743 152082 178719 211564 186152 155389 219051 154289 66771 0 106711 155389 0 211520 39206 155471 26117 222419 155357 0 230243 77879 222419 103719 211564 139389 212204 229078 214004 26117 7906 214004 210179 230959 229078 81148 14728 230959 229078 14397 70581 230711 107266 229078 57477 141226 0 17824 130085 154289 43769 124221 14728 152748 198253 0 231473 179394 139897 152743 154289 43769 222563 212204 106711 81322 195875 214004 68599 198218 229751 12790 155471 211564 222417 154289 124221 14728 152748 37164 151115 157248 43769 155337 211564 114739 157248 229751 0 222475 49469 154289 124221 14728 152748 214004 104005 211564 202955 154289 0 229751 13123 0 43587 0 155357 234772 155990 142930 154423 214004 170349 0 163529 134939 26117 7906 214004 90666 0 102493 107266 106711 214672 67447 230753 26870 0 67181 124206 154289 0 106711 193952 19128 155990 157248 229523 154289 0 211564 102320 154289 163529 103922 222475 0 0 14728 74823 0
61289 154289 0 115465 191406 61289 154289 0 115465 106711 14397 155436 191406 154289 55486 210381 32309 233190 37388 109052 0 107266 193890 152082 26117 50615 232108 211564 77879 32268 103719 211564 191406 13123 38675 61289 154289 0 115465 211564 191406 106711 7973 138926 0 147145 89422 0 14728 106711 233190 125207 61289 89422 198253 63743 22852 212110 37164 94900 212127 73658 106711 135953 214004 97401 212475 143835 94564 26631 130085 154289 211564 77879 80175 32309 19128 63755 57957 229078 140757 154289 211564 122153 202855 14728 63755 57957 201290 181821 0 0 14728 0 88149 89422
0 8651 0 8651 13123 117085 19128 226667 226667 26054 155990 0 14728 0 19128 230072 19128 0 8651 0 14728 0 8651 17824 79797 154289 211564 229254 226667 0 0 8651 106711 107435 152082 0 8871 37164 107433 29675 103560 106711 65941 214004 0 14728 157248 0 10196 107433 51509 214004 0 8651 103719 211564 126228
0 0 155990 0 106711 226667 107266 106711 229254 226667 154289 211564 49983 107433 164679 0 207868 160800 103719 132560 42338 170802 0 0 0 106711 0 103719 211564 0 154289 204261 14728 13962 8661 120587 154289 0 41751 0
0 0 0 0 2461 2538 229078 14397 0 49714 154289 32797 14728 96537 228806 53978 179661 79479 211564 134096 154289 0 191305 14728 109486 0 229078 32619 103719 0 155337 110829 2461 10196 0 97138 188807 94900 230204 214004 203355 122624 20119 211564 221237 154289 0 230243 94900 110117 211564 0 143813 198502 10196 94900 229078 74082 81322 0 79479 78054 234783 19128 179758 154289 97782 15961 167814 8881 94900 201493 103719 0 79479 193790 213307 26694 0 214004 107326 103719 132800 2512 94900 214683 211564 0 153439 103719 211564 0 39065 155337 17007 3244 2512 14728 211699 199648 211564 79278 80175 234783 103719 21205 107326 14728 100542 103719 100542 94900 110117 214004 211564 0 210936 90017 39065 20119 0 220575 149657 0 147143 0 10196 211564 19708 154289 12191 154289 235667 94900 229078 0 155337 187108 37388 145384 20119 211564 179387 154289 211564 0 88542 10196 84653 58467 154289 0 103719 211564 115973 154289 235667 0 179986 214004 54164 103719 152302 2521 37164 229078 103292 18675 14728 74082 214004 97782 98760 211564 149841 234772 0 179986 214004 0 0 214004 49973 97782 203355 154289 122624 37164 229078 79521 214004 49973 97782 139389 191551 105240 103719 122184 2532 94900 229078 10253 18675 103719 0 26439 154289 0 210049 214004 0 0 170203 154289 211564 149731 79769 196812 179339 2525 194796 37388 152743 154289 0 147881 94900 229078 10253 74082 214004 97782 147910 0 10196 0 14397 0 0 199547 20119 126587 188807 149657 234772 42270 103719 0 155337 108565 930 2535 94900 72221 214004 85246 214004 21748 15713 18672 0 67295 97782 155471 139389 68126 14728 154351 175970 230753 191572 211564 115973 154289 235667 18445 94900 26434 151431 154351 103719 211564 175970 154289 191367 7973 0 139389 74224 14728 117081 97782 0 205079 0 0 0 233215 94900 61448 152082 94564 25291 139389 117081 151672 139389 68126 151672 61448 94900 94564 16352 208021 79479 25291 139389 156296 10196 72621 154289 211564 104109 201354 154289 54164 103719 17007 2535 94900 14728 157248 389 0 156301 211564 30308 123344 54165 0 0 0 0 26434 211564 122864 154289 211564 30308 123344 14728 67295 211564 175970 154289 49240 103719 211564 0 18445 0 27026 211520 0 32619 0 14728 198311 154289 157480 143688 0 229078 211564 176960 87949 70888 214004 172946 97401 103719 211564 182302 154289 139389 122864 103719 32797 14728 96537 103719 156149 214004 0 211564 0 160934 169353 144135 154289 211564 160934 232840 103719 211564 171690 94900 172946 103719 211564 93304 154289 41566 170450 0 0 214683 51429 157787 211564 126587 9357 37388 0 12554 47117 191534 14728 209599 27220 214004 211564 41486 154289 0 19128 230072 19128 212397 230959 230243 109486 0 0 14728 0 154289 191305 14728 109486 229078 178180 66583 154289 0 0 25239 14728 0 37388 211564 154354 0 167770 230742 59336 215203 0 154289 109486 14728 144991 0 14728 51509 214004 211564 182381 41569 154289 0 168624 103719 32797 14728 96537 0 160852 163543 103719 0 14728 0 154289 171147 191299 14728 109478 122868 0 0 0 14728 156151 211564 145001 154289 198218 154289 211670 94900 73569 218540 97782 158183 0 16509 105890 211564 170647 116429 14728 0 182630 0 79479 211564 0 154289 0 191305 14728 109486 0 80147 103719 211564 171236 154289 211564 109478 49792 0 92143 204017 103719 0 131082 154289 211564 0 156725 168624 103719 67411 32797 105890 0 53978 8892 10255 211564 201354 14728 50307 211520 211564 143422 0 135976 233011 94564 214004 26117 70135 10255 211670 0 0 0 14728 0 16900 10255 191305 14728 109486 73569 0 211564 85222 49603 214004 59335 211520 0 19128 211564 49610 154289 211564 2703 34659 30308 123344 26117 62753 0 0 14728 171166 0 214004 49610 154289 12554 0 77235 79762 103719 211564 169742 213330 7973 1573 109486 126212 103719 32797 14728 96537 7973 1 232548 14728 45105 154289 212204 152743 230243 18675 14728 114443 103719 0 50221 39065 32797 122199 212000 231473 26117 0 214004 0 14728 0 0 50221 39165 9080 1 0 109486 231473 26117 0 62328 214004 0 50221 39065 0 61505 155337 58381 3530 155990 3598 2538 230753 79001 214004 0 155337 58381 3051 97782 166521 229078 0 37388 0 0 148448 211564 225963 154289 0 148448 0 230742 229078 211564 0 17827 32895 94900 14728 97782 165594 230243 103292 39954 37388 0 225963 90504 14728 161977 14728 0 177141 152767 31028 232108 0 191784 233018 94900 229078 207888 214004 0 84653 200888 99511 230717 0 0 20569 214004 187740 97782 125014 103719 156149 214004 73896 97401 79479 104931 154289 222546 39165 14728 0 37164 75033 0 21270 230243 197529 50245 7973 211564 68252 154289 97782 58165 233011 94564 155337 205284 154289 211640 143813 211520 211564 149757 154289 97782 58165 229078 59075 221763 211564 26732 154289 132800 2539 154354 15601 154289 97782 58165 38953 155337 132800 3942 2539 230711 0 58473 68599 57957 154289 154354 143734 137032 0 214004 212204 0 122864 229078 0 103719 0 103719 110897 2731 37388 0 19833 154289 228806 225306 0 0 19128 14397 0 37388 212397 179661 154289 211564 0 14728 72911 0 103719 122184 2757 211564 54165 88542 156151 211564 178865 154289 211564 137032 0 103719 0 103719 108565 2760 103719 211564 0 154289 200049 221276 163563 0 0 137032 214004 0 14728 0 193919 211564 74505 181060 15087 20119 0 0 154289 211564 0 41747 14728 211564 170497 139919 51681 232108 0
177506 0 177506 0 0 0 106711 199473 154289 0 107266 90059 103719 151901 13835 211834 107266 106711 154423 80147 103719 79649 81322 199006 11700 14728 34867 49374 212564 230384 229121 14728 156216 214004 42521 38615 103719 211564 156216 48339 175921 107266 106711 211564 143422 0 177506 0 106711 194056 107266 90059 214004 208073 211564 81461 90057 155337 211564 166578 106711 28094 230742 39206 26117 67461 107266 39206 26117 81322 214004 103719 61222
0 81763 211564 81763 0 152608 169353 166578 229078 36156 103719 0 211564 17827 229078 73472 26439 154289 211564 81763 152608 62446 103719 2798 8412 214004 211564 149657 235368 213330 103719 2805 211564 162859 154289 0 125207 132560 157248 49798 103719 81763 17824 201315 214004 49502 214004 210803 232108 0 0 211640 154868 98741 17824 170740 127491 79661 14728 212000 145387 201304 0 69631 211564 162859 230959 222419 214004 126209 103719 0 17824 38675 152608 177964 211834 17824 212475 215490 155389 225963 155389 47071 14728 155389 63100 149841 214004 0 195761 47071 178570 229078 72617 232108 0 149657 198989 228448 103719 21178
110392 0 110392 0 0 173391 108565 3598 2309 134939 2428 2404 229078 54928 0 80769 77302 14728 167480 13227 94900 149622 126212 214004 190122 54926 80748 94900 106711 50970 211564 147865 96395 110335 0 229078 32619 103719 94558 103719 2309 20119 10337 195887 94900 229078 103630 79479 155881 199278 49246 183824 66466 211564 210381 234783 228806 2343 14728 122199 94900 229078 74082 214004 199229 211834 94900 172270 0 0 211564 0 154289 167814 103632 103719 54926 230742 94900 97443 92143 74225 103719 2365 94900 179986 214004 54926 220575 84653 0 14728 232851 79479 122624 77852 37164 94900 0 10255 211564 199278 21270 14728 10253 229078 0 214004 199229 103719 191188 2366 94900 78426 74081 103719 199229 14728 38953 77879 214004 80413 14728 211699 214004 211564 221179 201367 0 230204 22689 214004 138498 230717 94900 126212 81322 2372 214004 2404
181955 55888 211564 181955 55888 106711 211564 170800 37388 230742 182022 154289 155389 115916 43564 105890 182022 154289 15713 115916 211834 17824 212475 130919 115941 154289 182022 0 181955 0 181955 14728 190083 181955 67181 154289 211949 182022 39206 43564 105890 211564 157248 115941 37388 164968 170802 51647 136960 95086 0 0 0 213110 214176 0 14728 170245 230711 95087 58646 220575 89991 182022 26486 130434 125896 181955 7978 89991 107266 106711 38675 122517 190082 211564 160865 81322 181955 72018 14728 0 106711 211564 25337 79479 190083 181955 154289 211564 82202 0 181955 106711 0 130434 230742 39206 93580 7978 155990 27236 89991 107266 39206 136956 105890 130434 0 105890 190082 155990 26117 170230 213110 214176 214004 26486 0 0 181955 106711 0 155990 190083 181955 211520 94173 26631 95087 14728 0 107266 39206 0 105890 190082 155990 136956 105890 130434 107266 79769 220575 74505 170245 14728 210306 58646 105138 143681 43145 190083 181955 106711 0 190082 230742 39206 49502 81322 16352 154289 211564 157248 182022 167212 178725 154289 126257 212110 107266 39206 0 22689 105890 190082 155990 26117 0 105890 0 181955 211949 170802 39206 153872 103719 61621 156158 14728 211564 55888 87519 155337 79661 67320 94173 191779 170802 79479 43587 182022 231678 14728 229254 39206 53703 190082 81322 182022 14728 143813 154289 155389 0 166684 10255 15713 53706 70883 95086 14728 170245 230742 10009 182022 89272 0 0 12554 115941 105890 130434 230742 73592 0 211564 55888 19128 0 181955
96182 0 96182 0 32619 20929 2562 103719 225715 21205 106711 179879 21208 79419 166800 94900 106711 14098 21205 89268 79419 166801 154289 12554 213307 97782 150177 0 0 61178 79479 0 92485 49534 81322 97782 0 0 103719 97782 235494 234783 94900 232878 19128 0 79479 211564 21208 210151 14728 233180 79479 0 143422 168604 149787 0 229078 32619 105890 232862 47394 75344 97782 75861 229078 232852 14728 97782 143469 0 182637 97782 75861 229078 48275 154289 235536 209622 154289 0 233806 96237 0 201307 97782 40279 20119 211564 10337 154289 211699 94900 166799 79479 211564 140000 122906 48053 188031 0 233806 103719 225715 211699 94900 230204 155337 214004 0 21205 231205 14728 26434 170924 166800 94900 166799 20119 211564 10337 154289 1795 79479 211564 77879 209622 154289 21205 231205 213219 2604 94900 232553 232108 211564 209622 21208 122906 213775 14728 21208 55327 231877 2604 94900 230204 214004 107326 230717 94900 166799 79479 105457 0 14728 122199 79479 19128 182369 103719 107326 94900 232553 211564 43448 232108 105457 14728 211564 55327 232108 182369 81322 2610 214004 2620 94900 166799 10253 79479 0 21205 231205 14728 232553 15713 43449 14728 155389 55327 2620 94900 179879 81322 166817 79419 193828 10223 94900 26434 48275 154289 21205 231205 14397 232553 211564 43448 218863 2633 94900 26434 48275 154289 211564 79419 147865 209622 97782 29231 204024 229078 211564 0 79479 211564 77272 232891 55327 103719 2639 19128 231849 154289 211564 90017 200905 2640 94900 179540 10196 58707 225119 199229 37164 103719 97782 71679 211564 209622 229078 152743 2004 103719 211564 77272 209622 175977 166386 230742 52784 152082 176790 15713 209622 48275 73595 195338 81322 2640 213219 2731 94900 229078 10253 48275 154289 21205 231205 10196 211564 70392 154289 97782 79419 40279 94900 26434 0 79479 21208 210151 0 14728 94900 233215 79479 211564 149787 0 103719 2798 94900 229078 69054 21205 231205 166800 154289 211564 42593 81322 2595 94900 166799 6529 134340 79479 21205 14728 193860 930 87318 232108 155389 154289 97782 87318 94900 78071 2599 225119 218489 211564 0 154289 21205 79479 211564 77272 232891 55327 2600 166800 48275
232553 0 84653 232553 0 0 0 108565 0 110897 2428 0 229078 117894 0 0 84653 167819 232553 0 229078 32619 103719 0 103719 0 0 66788 147143 154289 117893 155337 108565 0 94900 26434 229026 20119 211564 122184 10337 154289 3671 230711 94900 18707 0 171690 19128 211564 148169 49610 154289 230384 160800 154289 0 171690 103719 0 94900 169877 211564 228806 232108 108586 94900 0 211564 148169 213110 14728 130085 211564 218605 193431 230742 92143 20119 122983 78054 61621 219063 154289 39478 14728 92143 81839 53193 58457 232108 106549 0 214004 193109 81322 39478 77761 14728 20568 214004 31256 211564 193431 79479 170099 154289 211564 228806 103719 211564 67289 57957 154289 228806 106711 103719 225597 37164 229078 58708 229029 81322 202781 214004 0 0 99838 232553 0 229078 115718 37388 70581 77761 66466 0 103719 0
0 0 229078 225963 53950 134331 107266 229078 193952 126209 155337 211564 105707 107266 52784 26117 229235 79730 16375 155337 211564 232891 211520 93582 155337 67403 141900 3340 17007 2798 211564 0 61448 211520 214004 193919 211520 225177 75799 0 106711 222422 225177 75799 0 95767 49799 90031 214004 0 51258 214004 211564 229697 211564 0 187959 0 229078 211564 77879 225963 53950 134331 73595 214004 26117 0 155468 0 106711 130085 221873 232812 211564 0 106711 81322 218929 211564 0 106711 81322 53950 211834 230243 179236 7973 0 155337 26026 210151 149757 155337 26026 174983 127034 155337 0 14728 155337 174983 149657 236481 107266 229078 233190 7973 37388 211564 90492 14728 138185 107266 229078 137301 155337 218929 37388 201846 0 211564 26026 182730 0 14728 110202 0 0 106711 211564 26026 53950 0 110079 0 106711 0 94900 58417 214004 193919 0 155468 10196 190154 218938 49669 155337 218929 103719 211564 77879 0 57091 0 185390 94900 228772 214004 190122 149757 7973 97782 126587 225963 53950 209622 155337 218929 211699 45908 0 137301 211520 192713 229078 211067 149657 0 0 105707 50778 0 105707 135976 211520 211564 0 199553 106711 19128 75799 19128 211564 64874 199553 0 126243 103719 225963 38675 0 0 106711 103719 121355 70687 211564 50778 229078 105213 103719 0 37388 121356 221237 0 106711 155389 154289 155471 212475 225967 103719 211564 219891 214004 94564 0 49799 149370 0 214312 0 211520 199447 53950 134331 229078 87591 214004 26117 166799 103719 0 211564 134331 229078 160800 154289 211564 225963 0 76926 211564 0 76926 93585 73650 234772 211564 134331 229078 28439 0 14728 209622 38675 211564 179678 154289 211564 232891 0 185390 0 229614 39206 63539 212204 26439 211564 225963 231028 94173 0 0 199553 107266 30117 154289 81890 37164 107266 94173 191417 172826 214672 211564 191417 194518 106711 214004 0 211520 107266 39206 26117 64211 107266 168985 214004 126209 34926 73589 125207 212204 222475 178574 44272 71647 14728 87949 105707 50778 107266 231473 13123 0 211564 103560 154289 87949 105707 0 103719 184030 17831 14728 211564 148622 79479 75799 50781 102493 229614 17824 214004 0 211564 0 214004 222417 211564 105707 214004 0 142930 162859 214004 170881 211640 158183 51258 211564 134331 229078 2729 0 162942 194518 212204 106711 38675 211564 0 79757 211834 229078 14397 74450 183824 211520 185390 211520 16352 0 230959 189276 2729 183969 92143 214004 179878 0 232553 211564 0 212000 58417 214004 33355 77879 10196 2729 0 211564 179678 154289 211564 232891 92143 189276 5890 183969 14728 127491 0 211520 135977 211520 0 148625 5969 183969 154303 2729 0 0 131824 214004 63539 211520 211640 77539 183969 230243 195875 0 232553 103719 211640 69285 157787 212000 232553 37388 0 10196 211564 53950 134331 211834 229078 0 228806 51273 107266 229078 13123 0 126209 211564 179678 154289 211564 232891 232553 105855 232108 198218 154289 211564 53950 166801 14728 157248 162859 230243 13123 193952 155337 211564 105707 211564 73582 229078 0 155337 229749 38675 0 209725 205281 229078 171677 37388 49856 81322 29917 38675 0 218757 0 222419 218938 198480 0 38984 14728 0 4209 38979 211564 143422 162859 229242 20119 155357 229078 0 191132 198895 49658 229078 34926 155337 37388 174983 0 174983 0 17824 13123 81322 29917 0 162859 0 214004 211564 174983 0 49658 211520 229078 174983 0 29231 20800 73595 26026 151901 230338 210151 149757 53916 13123 230204 214004 211564 134331 212000 130085 193790 77482 107266 229078 34926 211564 186152 73572 211564 0 79479 211564 73582 229078 0 107266 229078 0 155337 218929 111067 26694 211564 70392 154289 211564 134331
0 35294 0 108345 35294 32619 152302 2611 103719 0 149657 235368 106711 14397 150025 102041 98182 181060 231788 211520 166834 79479 211564 127460 15050 115996 230717 94900 106711 211564 55485 209622 39927 94900 229078 165188 37388 211564 115996 232108 211564 1357 157794 165184 103719 211564 2754 150025 71163 65012 94900 13123 166799 103719 211564 0 232108 211564 0 202524 94900 229078 155337 211564 209622 222374 137055 102041 98182 209622 103719 211564 2794 231897 155161 230717 212000 232553 211564 195066 136092
138334 228806 154289 104105 211564 138334 228806 154289 104105 2223 229078 228806 28439 211564 162859 154289 138343 14728 211564 199278 49246 88542 107266 201307 155337 1795 191188 2223 107266 229078 201307 37388 138334 0 0 162859 0 14728 0 230959 228772 104105 81322 199229 211564 102279 154289 138334 104105 87519 22689 214004 211564 234783 10196 211564 199278 50856 154289 211564 22271 70118 0 0 123146 180190 10255 211564 199278 49246 88542 10196 211564 167073 38675 211564 51030 154289 211564 0 229078 152082 204029 103719 2179 211564 228806 154289 104105 176896 201307 232108 211564 0 58065 0 103719 2223 230711 199229 229078 77305 10255 107433 80931 106038 139136 0 0 229078 138334 170441 14728 136990 154289 90017 154289 68123 0 103719 0 212000 137914 103719 0 0 14728 58417 103719 2223 211520 180190 10255 211564 49246 88542 229078 148625 26439 147437 92143 179185 211564 115967 154289 199229 232108 0 0 232851 47951 232108 0 58065 0 151148 232108 139389 215793 211564 166497 229078 79479 25670 103719 58381 2223 212000 230243 0 37388 136990 154289 211564 90017 0 211699 218540 214004 97782 0 103719 211564 215473 154289 0 18574 0 13449 154289 191188 1795 2223 94900 58473 104105 81322 211564 199278 54471 14728 228806 10255 211564 88542 103719 230638 229078 117085 19128 211564 0 58065 0 211564 180206 18445 58417 214004 77301 79479 104105 212000 132811 155337 214004 0 230742 229078 131069 49246 139901 42544 88535 37388 0 14728 0 211834 211564 122868 154289 212204 47038 18445 230742 229078 142930 125207 14397 0 0 126651 211696 103719 211564 0 166386 79479 0 88785 212000 115718 143422 154289 211564 144135 94362 0 14728 0 211520 230243 211834 212204 13123 103925 97138 151150 14728 205284 154289 211564 77301 79479 104105 212204 41748 0 14728 0 214004 77301 232108 67181 157248 10196 211520 0 61448 152082 228767 214004 77301 12976 0 14728 123266 232108 97782 197979 155337 154016 3843 139136 0 18445 80124 211564 199278 179557 20119 211564 25670 154289 142421 58065 122077 0 212000 232553 212204 25670 103719 108565 0 199278 79528 80124 211564 25670 154289 211564 34581 154289 0 14728 211564 0 18445 127491 107266 130085 211564 177037 78434 215448 211564 221179 201367 32497 230717 212000 99149 214004 72220 99838 212000 230243 41718 37388 211564 199278 18445 0 14728 230638 229078 123266 154289 97782 18445 230243 41718 103719 211564 201354 154289 0 20119 211564 230102 154289 0 94900 92143 216646 64211 37388 211564 0 155337 3843 110829 0 94900 229078 73982 10196 211564 58165 154289 75861 0 211564 122869 154289 211564 180206 18445 229078 207888 157787 37388 110392 133841 0 220575 97782 122869 211564 47024 154289 0 14728 0 230243 207888 103719 2228 211564 50675 154289 0 92143 211640 77879 136325 155337 152302 154289 211520 234772 211564 50675 194796 211564 77879 154354 63677 154289 104105 117085 19128 211564 0 8830 154289 211564 58467 154289 104105 154289 151938 13835 107266 229078 79274 37388 127053 228806 20119 211564 194629 154289 0 103719 2233 0 229078 41718 37388 199278 49246 21270 94900 229078 172946 155337 216646 14728 73982 79479 216348 103719 186339 0 0 155337 3051 58381 37388 211564 67289 2246 211564 104105 143813 229078 47948 214004 0 218938 154289 211640 130919 122868 230243 73982 14728 211564 177037 80147 107266 93681 214004 77301 211564 230072 199278 139389 13123 132560 154289 211564 143422 104555 0 61448 152082 40275 16352 142930 211564 226295 154289 0 14728 0 0 18445 0 229078 152082 125211 212000 228772 28409 124118 30969 229494 214004 85439 104105 103719 58381 2246 0 110576 0 58065 0 191033 79519 123146 37388 0 0 154351 49240 0 58065 0 214004 77301 103719 0 0 229078 75359 79479 211564 229494 103719 230742 94900 230204 10196 0 14728 0 177037 66466 211564 67289 104105 203220 211564 77301 20119 0 38953 20119 211564 186152 213307 19128 204029 52950 77301 37388 211564 139389 10255 211564 88542 103719 199229 10255 211564 141839 154289 76655 225847 76655 229078 79521 214004 0 211564 124674 199278 51091 154289 2227 230711 212204 149757 176792 138343 0 187834 107266 19128 14397 155875 79479 211564 0 214004 82719 51429 154289 138343 10196 77879 0 232108 90651 79528 0 206225 194546 94900 106151 211564 177027 122864 214004 136322 14728 62599 149657 104105 203220 230753 103719 211564 215473 154289 0 0 53704 212475 183834 155990 0 79479 138334 104105 81322 199229 94900 130085 97782 217320 8314 211949 183834 212000 17824 117085 19128 211564 166497 154289 0 0 211699 163579 90651 214004 110116 97782 79528 103719 205281 154289 211564 149657 104105 149657 18445 211564 18445 154289 211564 212475 0 229078 211699 166389 220575 0 49603 214004 0 211564 166497 154289 0 211564 166497 229078 197529 34921 211520 107266 0 32895 161462 14728 0 211564 87305 154289 104105 14728 211564 171478 154289 182381 41569 35272 214176 12554 0 0 18445 229078 110117 37388 177027 79528 81322 12554 157787 138343 230711 211564 177037 225597 26434 42817 211564 0 179540 155337 20929 3244 2248 179266 154289 211564 199278 54471 14728 0 194796 211564 216372 154289 0 212204 177296 138334 104105 220575 211564 210803 154289 211564 166497 154289 0 155337 191188 3530 211564 18445 154289 211564 212475 0 71018 138343 47071 211564 149841 57919 0 170816 211564 104105 154289 211564 138334 70118 155337 211564 150392 154289 211564 134939 2195 2250 134087 154289 162859 132811 212564 211564 202926 212000 59336 211520 211640 49610 0 8314 211564 212552 211564 149841 57919 211564 50675 58473 0 70102 154289 138343
110005 0 110351 201989 0 32619 110829 2585 103719 0 34867 49374 106711 39216 179879 102041 98182 42544 0 166799 2729 189828 103719 211564 147865 98182 122906 150025 94900 166799 232108 211564 174121 0 21505 156298 0 229078 7906 214004 231648 211564 201148 55327 103719 2637 14728 2747 94900 179879 81322 166817 170924 102041 98182 155337 110829 2772 211564 49289 21505 179879 97782 109339 152743 2428 232108 214004 179257 97782 0 191551 19128 209622 39927 155337 154016 2772 0 229078 104275 105890 211564 98182 92751 154289 75314 12974 232108 8979 0 0 0 14728 0 0 103719 2804 94900 229078 75363 76039 103719 97782 98760 154289 0 14728 73569 92143 202913 147145 110005 0 229494 103719 97782 99013 103719 34867 49374 94900 106711 0 117085 19128 0 110005
182529 80456 182532 138545 80456 110534 32619 132800 2576 103719 0 0 133074 155521 106711 39216 179879 170924 102041 98182 42544 211520 166799 3244 189828 14728 0 40279 83195 103719 211564 147865 98182 122906 150025 232108 211564 94066 0 166252 162598 40568 100673 14728 214979 132622 122898 156298 94900 232553 201148 55327 103719 2625 14728 103719 2629 232108 211564 162598 97782 109339 152743 389 229078 179879 14728 175430 214004 211564 0 154289 211564 94066 47113 42473 155337 108565 2764 14728 106711 13123 179879 37388 211564 40568 100673 97782 165270 52784 26117 190178 155337 211564 166252 162598 181252 154289 98992 20119 211564 0 17856 26694 211564 209622 0 214004 0 70598 42473 94900 229078 104275 105890 211564 98182 92751 154289 75314 103719 2772
12191 0 12191 0 0 32619 76226 2195 2585 106711 184116 179879 170924 102041 98182 181060 231788 94900 166799 2004 189828 103719 211564 147865 98182 122906 150025 232108 211564 36053 0 149657 109339 60773 214979 132622 122898 14728 223551 39637 156298 94900 232553 87646 136092 20119 211564 2619 231897 155161 232108 211564 199089 221131 98182 209622 94900 232553 201148 55327 103719 2731 232108 211564 60773 94900 229078 147145 136990 154289 211564 36053 0 92751 154289 75314 155337 108565 2798
80504 0 80585 0 154016 2433 58381 930 2599 229078 39216 179879 170924 102041 98182 42544 211520 166799 1365 189828 103719 211564 147865 98182 122906 150025 232108 211564 149657 235368 175931 14728 157336 190875 156298 94900 232553 201148 55327 103719 2496 14728 103719 2512 232108 211564 175931 94900 229078 104275 105890 211564 98182 92751 154289 75314 103719 2566 94900 229078 147145 5596 103719 211564 98182 149757 125993 154289 211564 390 89268 98182 166801
0 0 0 148900 0 0 108565 2452 110829 2950 2611 229078 13837 170924 102041 98182 123266 231788 14728 42544 230959 166799 709 189828 103719 211564 147865 98182 122906 150025 232108 211564 44926 30308 94655 149657 235368 13847 14728 214979 132622 122898 156298 94900 232553 201148 55327 103719 2513 14728 103719 2522 232108 211564 30308 94655 94900 13123 232553 211564 120714 0 217340 103719 2519
0 25047 133651 87305 25047 58381 2439 20929 2729 2585 229078 39216 170924 102041 98182 42544 94900 166799 930 189828 103719 211564 147865 98182 122906 150025 232108 211564 32840 35409 60591 177506 231804 142601 39221 14728 149657 235368 13847 156298 94900 232553 201148 55327 103719 2519 14728 103719 2521 232108 211564 177506 231804 94900 229078 104275 105890 211564 98182 92751 154289 75314 103719 2580 94900 61505 81322 95049 20531 155337 20929 2729 2585
171695 19748 154289 195359 211564 171695 19748 154289 211564 195359 106711 0 99710 154289 69054 179266 154289 162859 154289 195359 72617 220575 18923 573 154289 211564 2594 51091 154289 211564 106937 179339 154289 158988 220575 212204 18923 211564 215203 152743 154289 189840 79479 211564 19748 212564 62307 227470 106711 0 154289 230742 3843 189840 17824 179481 79479 232548 14728 189840 79479 151431
155678 0 12685 211564 155678 0 12685 13123 38675 0 37388 132560 162859 106711 37084 12685 107266 103929 6385 49852 214004 95750 103643 155678 201090 79479 141117 164622 136992 154289 212204 103922 88018 0 198480 0 105401 0 0 211275 105308 0 0 141117 0 14728 231678 181560 206745 211564 0 229078 201307 155337 152302 2767 37388 88018 14728 4158 157248 49852 211564 49852 103925 141117 164615 132529 16897 60720 141117 149370 155746 14728 170807 131154 14915 106711 211564 130919 197819 154289 211564 12685
0 0 0 0 17824 232827 77879 222419 37388 211564 42521 105410 10356 46518 66466 211564 114326 9357 103719 211520 40977 107266 135977 152082 214004 210179 190942 88542 154359 7973 102950 46518 8881 211949 154359 52784 211699 58737 211696 102493 211564 8881 230243 62562 212000 233011 26117 7906 214004 187916 174507 0 14728 163162 0 211520 212000 61448 152082 117071 16368 7973 107266 0 107266 135977 211520 8860 154289 211564 46518 52784 152082 26117 30495 155337 211564 170203 154289 211564 222374 211564 50229 106711 213013 221873 232108 211564 102279 154289 159988 215773 0 110437 77580 73683 154289 156158 155990 0 28439 190942 154359 14728 10365 63844 211564 79507 8892 0 154289 164615 137836 155990 130882 137836 134939 13123 26117 73683 154289 0 37388 154359 102493 211834 106711 151115 58799 73683 154289 0 37388 14397 154354 211699 97782 0 39206 26117 207888 19128 0 211564 0 106711 0 155990 20119 122983 139097 26117 217501 211520 0 155389 154289 211564 130919 87318 154289 172247 178569 79479 154359 20119 122983 152082 214004 26117 41718 177506 63844 198250 102950 211564 68252 154289 154359 26870 41718 177506 39206 26117 74506 191417 190122 0 188109 0 0 177835 214004 211564 0 154289 0 103719 79734 155990 104581 43145 154289 49603 190942 162859 134939 86505 0 14728 0 156158 79479 73831 96049 102710 230959 231473 180880 135912 154289 212204 0 170441 155990 73569 124118 62307 198226 193890 63539 198250 7973 211520 211564 105425 137831 106711 220714 122199 230711 211564 0 106711 64211 211564 97150 131807 39206 187916 149622 105425 211520 214004 93580 0 0 106711 8600 230711 151115 177401 17824 114443 154289 16352 105291 107266 26488 103583 214004 77580 157515 230959 229078 179661 79479 211564 8860 207888 102493 211949 8881 26486 172247 97138 154359 134939 0 16352 117081 154289 204070 8830 155990 16352 50778 214004 211564 162859 222419 214004 40761 157515 204070 8892 107266 222563 135976 211520 107266 94173 26631 166567 103719 9557 191703 221873 211564 50403 214004 21748 179659 79479 82202 8860 155990 117081
0 0 211564 0 0 106711 14397 21373 170882 37388 0 107266 179185 211564 0 0 103719 2747 14728 71018 107433 189950 84691 103719 2768 125207 211564 0 26694 107266 107266 21499 19128 0 155990 14397 72652
181821 186969 181821 186969 32619 110897 2543 106711 79776 21208 79419 166800 94900 166799 19128 58742 79479 0 21205 231205 14728 103719 211564 21208 147865 209622 94900 166799 81322 2580 214004 2611 79479 0 21205 231205 232108 0 134340 94900 106711 211564 166800 230959 94173 166799 143422 134340 103719 211564 122906 195338 79419 229078 166799 103719 21205 66466 97782 127053 40279 94900 232553 213330 211564 21208 43448 14728 213330 211564 21208 55327 94900 13123 166799 103719 211564 2600 55327 231849 55327 77539 230742 0 21205 127491 10255 0 97782 77879 134331 79479 21205 229078 103719 154016 2580 10255 182401 94900 166799 103719 211564 2600 77272 232891 55327 230717 94900 229078 39927 154289 211564 209622 94900 166799 5305 213330 79479 21205 14728 193860 87318 97782 122153 134331 229078 103719 134939 2604 81153 134331 10255 17937
21208 55327 211564 21208 55327 85222 0 106711 14397 79419 197631 49928 95534 37388 211564 21208 79419 19833 211564 0 107266 229078 166799 37388 131400 209637 79479 232548 211834 106711 211564 0 13227 107266 94173 127053 215715 211564 55327 149622 166799 14397 103563 182302 103719 21208 79419 211564 21208 55327 69931 81322 211564 127801 21205 55327 0 55327 95534 2465 211564 77879 55327 229078 166799 2477 14728 229078 95534 195338 211699 67181 234772 155471 81322 2522 214004 2541 107266 229078 205611 26439 21205 229078 160800 154289 0 13123 81322 2551 213219 2566 211834 229078 151115 49928 26439 211564 0 229078 152082 105555 103719 103719 2768 211564 48072 154289 211564 36489 14728 211564 77879 63276 61448 152082 207868 160800 65941 214004 211564 219707 73262 2768 0 0 0 0 2004 61621 209637 92143 232553 20119 122983 155389 213307
15226 14785 83766 201846 15226 14785 13449 32619 20929 2544 106711 14397 21179 181955 195421 210151 170180 14728 8887 94900 106711 28289 117085 19128 211564 226975 232108 211564 93681 181955 24053 182784 0
0 14397 0 106711 14397 18923 130085 154289 197795 202407 0 232608 155990 15713 134372 211520 12799 11019 214004 26117 31024 212564 107266 214004 170881 35785 103719 229254 211564 11019 106711 31024 212564 211564 202407 37388 217974 166389 105138 211564 202407 14728 20524 214004 14397 69073 172556 14397 0 39206 26117 222419 103719 14397 17105 208510 155990 51203 79479 113982 77911 155990 208510 154289 229254 230717 166611 17824 90050 103719 0 206730 0 106711 222419 214004 31014 35785 105890 229254 214004 104005 211564 14138 154289 158284 103719 211564 229254 211564 202407 134939 94564 225177 196936 98465 214004 131133 77591 35785 155990 107266 134939 94564 29228 98465 214004 131133 121956 35785
0 0 0 0 32619 7685 0 17007 2490 1795 108565 2620 229078 14397 104135 8887 94900 8834 130939 103719 143835 130085 103719 211564 0 121660 94900 201307 97782 40279 103719 211564 2552 94900 229078 155389 154289 211564 29231 201294 103719 104135 46748 14728 106711 0 178779 19128 73617 96395 94900 8834 103719 122855 182307 103719 142930 211454 5538 143835 230742 106711 232891 177394 94900 13123 98461 212475 142930 90834 232891 177401 94900 88365 211564 0 0 0 0 14728 114450 201354 77482 21847
0 0 106711 0 139780 211520 106711 65983 157515 154289 211564 89991 103719 45210 198989 10129 184115 14728 34076 230711 107266 106711 65983 81322 211564 89991 107266 106711 93681 181955 0 85463 29228 230711 107266 106711 95087 14728 43574 105890 134372 211520 127246 125207 232934 212204 229078 77879 64211 103719 211564 221179 201367 154289 13835 103719 211564 234772 2253 230711 0 94173 43566 105890 196936 88793 107266 106711 225177 87949 134372 79479 0 14728 106711 222419 214004 202463 211564 72220 154289 95086 103719 212110 125207 0 0 14728 99745 103719 48905 52931 107266 106711 13123 225177 87949 20119 98456 229254 197529 107266 106711 222419 103719 211564 197874 154289 166611 103719 0 14728 95757 214004 90046 190142 26439 211564 0 88793 17824 0 212000 39206 26117 170230 78294 14728 211699 212000 155678 10253 37164 152082 93681 212000 17824 222419 105138 40999 155990 33396 214004 171475 18927 81322 0 230711 212000 17824 26870 216125 0 106711 13123 222419 103719 0 19128 134372 79479 211564 182671 154289 166611 214004 98445 155337 214004 26439 107266 63743 152082 36880 0 106711 222419 232108 157248 134384 103719 0 103719 228575 155990 0 211564 182606 154289 182630 214004 202463 211564 200321 154289 77761 13227 0 106711 152082 79730 154289 0 107266 106711 154423 0 232108 0 16352 0 0 80147 103719 36146 193890 26117 216361 19128 51209 0 221763 50550 157256 37388 120464
79382 167825 79382 167825 106711 210766 222419 214004 177812 214004 211564 167814 19618 154289 211564 170889 14728 63093 154289 79382 201354 39206 13123 0 230638 115941 154289 79382 134939 26117 90057 14728 211520 211564 79382 90057 148638 214004 26117 0 26694 107266 39206 26117 197964 155990 211520 107266 148638 214004 26117 93276 103719 42817 229523 211564 201354 39206 13123 78062 170407 79479 42817 115941 154289 79382 155990 107266 134939 0 42817 90031 154289 162859 81322 0 107266 211520 229494 45105 17824 222563 152082 12795 214004 65385 11953 155990 214004 197101 46638
134783 0 180767 217340 211564 134783 181975 180767 217340 198253 117085 19128 211564 134783 180767 217340 106711 217340 103719 211564 147865 98182 122906 21843 214004 211564 122873 87305 0 67181 234772 107266 229078 77879 21843 103719 2639 211564 217340 106711 147145 10196 98182 123311 134783 181975 180767 211564 55485 98450 154289 211564 217340 106711 12191 0 154289 211564 229121 39786
139214 0 138545 58130 0 32619 108565 3051 2565 103719 142601 174121 106711 39216 179879 170924 102041 98182 181060 231788 94900 166799 389 189828 103719 211564 147865 98182 122906 150025 12554 232108 211564 149657 235368 106960 156296 94900 232553 211564 201148 55327 202677 213330 81322 211564 2602 214004 2609 150025 189828 94900 229078 104275 105890 211564 98182 92751 154289 75314 103719 2629
34422 100318 34422 14877 100318 32619 20929 2577 103719 0 155521 106711 179879 170924 13837 102041 98182 181060 231788 211520 166799 2950 189828 103719 211564 147865 98182 122906 150025 232108 211564 38583 78205 200764 127628 31076 56904 201294 60591 177506 231804 14728 164602 53315 156298 94900 232553 211564 201148 55327 213330 155357 103719 2640 232108 211564 56904 201294 14728 155357 103719 2750 232108 211564 60591 177506 231804 94900 232553 195066 136092 232108 209622 222374 20119 211564 2750 231897 155161 94900 229078 104275 105890 211564 98182 92751 154289 75314 103719 2772 97782 75861 106711 31325 100318 14728 94900 106711 211564 149107 154289 59693 100318 94900 229078 150178 211564 87666 34422 230742 229078 166784 154303 154289 97782 75861 150177 211564 87666 109398 103719 97782 6731 83195 166799 79479 211564 221237 154289 139975 0 94900 178120 6529 87318 14728 5537 19824 79479 0 167587
198407 9578 198407 9578 106711 166706 225626 83155 178602 79479 211564 0 103719 2747 212204 83155 106711 211564 191231 214004 198407 9578 103719 2750 178727 154289 211564 83155 198407 9578 25670 229078 178602 79479 211564 150721 83163 211564 83155 229078 211564 210593 28289 190634 83163 83155 154289 12554 213307 211564 124361 79479 198407 14728 192072 17824 211564 47400 85439 214004 211564 87305 124361 212000 17824 225177 0 14728 39206 222417 0 130085 37388 70579 14728 122199 181284 212000 94564 211564 7859 214004 26486 204931 222475 211564 43675 0 211564 124361 17824 225177 195181 214004 211564 156418 198407 211564 0 83155 73879 154289 53044 107266 106711 212475 61921 211949 218938 17824 13123 85439 214004 211564 87305 124361 61617 81322 198407 14728 192072 124361 17824 211520 212000 17824 0 103719 157248 232827 212000 222417 129789 214004 143805 18574 212000 77761 36321 81322 211640 0 211949 124361 17824 216352 100585 124361 230717 212000 94564 214004 77580 134191 0 0 43675 0 103719 183136 40977 155990 64394 114772
0 0 218277 0 106711 40849 43753 81322 211564 228961 35230 40855 0 106711 0 41348 0 14728 106711 211564 130919 181537 154289 0 29834 94900 77879 16801 103719 125014 232108 76202 155337 132800 3244 2541 94900 229078 53704 37388 0 0 14728 106711 55486 227055 37388 110005 0 0 147143 106711 166784 155337 211564 232812 0 0 230742 106711 189129 147143 79479 211564 231379 41348 199473 13227 0 106711 64030 41348 94900 229078 227471 19128 4082 155337 218757 90720 125993 154289 5055 28289 40849 43769 12974 232108 0 94900 94173 198311 147145 0 110937 230959 77879 16801 103719 168513 0 168513 155337 2547 0 110937 106711 0 190178 232108 0 103719 211564 40855 230711 0 106711 217624 214004 41450 22583 112475 147145 0 0 230959 94900 154423 140533 79479 143741 214004 171651 167572 214004 97782 198311
0 0 0 201846 0 17007 2950 2519 110829 709 2772 229078 39216 170924 102041 98182 181060 231788 211520 166799 1163 189828 103719 211564 147865 98182 122906 150025 232108 211564 142601 39221 44926 30308 94655 32840 35409 149657 235368 175931 164395 78994 14728 36053 0 156298 94900 232553 211564 201148 55327 232108 211564 44926 30308 94655 103719 2571 94900 229078 117085 79479 97782 0 14728 209622 199926 14728 229078 13123 106172 103719 152743 154289 0 103883 230742 84087 97401 179377 18574 211564 122906 19128 215315 55640 14728 14397 105430 0 14728 67295 97401 211564 150177 0 211564 0 94900 61505 155337 110829 709 2772 103719 18276 95410 102978 81322 46062 0 0 230742 130085 97401 211564 77879 98182 166800 214004 26117 211050 79479 211564 62609 107266 92143 155471 26631 130939 19830 232108 33404 14728 13837 79419
0 0 182532 0 0 32619 20929 2004 2525 103719 0 0 133074 155521 20929 3244 2807 229078 39216 179879 170924 102041 98182 181060 231788 94900 166799 40279 215203 154289 1573 189828 103719 211564 147865 98182 122906 150025 94900 166799 12554 154289 97782 150025 40279 232108 211564 44926 30308 94655 94900 232553 211564 201148 55327 232108 211564 44926 30308 94655 103719 2573
0 0 0 0 0 32619 3051 132800 2595 103719 0 77670 106711 77700 179879 170924 102041 98182 58734 94900 166799 189828 103719 211564 147865 98182 122906 150025 232108 211564 44926 30351 14728 166252 162598 156298 94900 13123 166799 103719 211564 0 79479 0 0 14728 0 94900 232553 35169 136092 232108 209622 77670 20119 211564 2639 231897 155161
229514 0 229514 0 32619 20929 3457 2619 103719 0 155521 106711 14397 39216 170924 102041 98182 181060 231788 94900 55486 166834 79479 211564 164395 78994 154289 211564 147865 98182 122906 150025 94900 94173 13123 166799 79479 211564 127460 15050 115996 94900 229078 65013 37388 211564 127460 15050 115996 232108 211564 0 157794 165184 103719 211564 2767 150025 71163 65012 94900 13123 166799 103719 211564 0 232108 211564 158164 198895 20531 14728 0 0 133074 0 94900 106711 10132 13837 14728 106711 155389 154289 196936 152743 154289 30308 98182 166801 103719 211564 122906
110008 228837 110008 228837 32619 58381 2604 103719 151901 235368 155521 106711 39216 170924 102041 98182 181060 231788 211520 55486 166834 79479 211564 229121 39786 154289 211564 147865 98182 122906 150025 94900 94173 13123 166799 79479 211564 139975 231379 79479 155389 189821 14728 211564 147722 169849 79479 212475 189828 26694 194816 80175 51354 232980 930 139506 232108 211564 229121 39786 155337 110829 2798 94900 106711 10132 13837 14728 106711 155389 154289 196936 152743 154289 30308 98182 166801 103719 211564 122906
163785 122843 0 163785 122843 0 2227 2365 229078 0 18972 231752 137420 14728 139390 154351 163785 122843 0 229078 68123 20119 69426 49066 94900 149622 133505 14728 126212 12554 97782 125014 20119 2004 0 200764 163785 168759 232108 97782 218938 195766 13227 117085 214106 19128 14397 18972 122843 0 229078 28409 117085 103719 97782 57919 19128 37088 14728 19128 211564 0 0 154289 211564 18961 178073 103719 211564 0 139390 94900 61448 99838 60286 218938 0 79479 200764 163785 168759 93671 14728 198218 154289 97782 232878 230243 172270 103719 97782 125056 107266 229078 155471 10196 211564 58165 154289 97782 195761 133786 103719 2439 211520 97782 232878 230243 0 172263 97782 232840 94173 82723 103719 168612 195338 211699 103719 110897 2794 31042 0 214004 0 97782 125014 229078 0 20119 2004 0
31042 0 211564 31042 0 106711 188452 79479 0 211564 125683 28439 75359 162859 14728 36147 37388 166418 0 0 155337 211564 228575 211564 188452 229078 201307 37388 211564 183361 197680 154289 18998 103719 127034 14728 211564 225177 77879 0 229078 103719 74885 154289 177506 0 166389 155337 211564 157685 154289 79776 98682 154289 127357 0 195338 59468 211564 197680 0 4265 0 28439 2340 2433 179659 79479 211670 229078 215978 214004 211564 127034 52947 52820 2433 230742 43566 211564 49324 154289 211564 0 214004 211564 55485 31042 14728 122199 211564 89266 127034 52820 2580 14728 143422 177151 70703 96290 195181 0 17824 152375 155732 103719 12554 211564 136990 52931 154289 211564 221179 115973 70703 96290 127246 10196 211564 31042 0 188452 103719 211564 127034 32665 195181 0 74091 157685 127034 183909 37388 67181 126587 21271 211564 206730 94173 26631 9432 157685 211564 221179 115973 214672 79479 73831 103719 110897 2794 31042 0 229078 172946 155337 211564 98682 154289 0 18972 163785 122843 0
0 25844 198989 21178 0 25844 106711 211564 147143 79479 32895 196936 25844 155337 211564 48339 154289 198989 21178 14728 196936 77936 215473 36156 20119 211564 25844 211564 25844 229078 147145 37388 74302 134615 0 155337 76226 2202 0 92143 99149 211520 25844 229078 29228 14728 233011 94564 171677 28409 8323 105890 211564 104913 154289 198989 21178 155389 154289 211564 77879 73314 191711 229078 192770 75627 231512 0 230959 36156 99710 103719 211564 17827 103719 2385 211564 215473 229078 117085 19128 129599 215473 14728 103719 2455 211564 88542 154356 147145 107266 0 103719 2532 107266 229078 147145 0 25844
0 0 171210 0 106711 196936 106956 16982 151985 154289 0 211520 106711 160800 154289 211564 43617 106965 151115 155389 126243 155337 0 14728 107266 106711 29834 186401 197529 121456 211834 106711 24289 81322 1573 132800 214004 3530 110829 211564 106956 231414 103929 49279 154289 0 0 103719 152748 14728 121947 152748 154289 174754 107266 94173 151115 121456 200905 19128 204070 37164 226589 222417 196936 0 103719 183145 229667 107266 134939 26117 103583 214004 121387 211564 0 0 0 38675 107266 211564 143422 0 14728 127047 154289 12554 211564 106965 103719 157480 17648 94900 92143 214004 199634 211564 150392 211834 19128 97782 179984 110441 229078 59075 37388 0 211564 2442 32268 211564 43617 165594 201367 211564 201367 154289 0 136990 110079 0 94173 167814 179659 79479 211564 106956 0 125207 132560 157248 43617 106965 0 0 94173 211564 151829 0 0 135966 196936 106956 81322 211564 154868 151882 0 8412 214004 64978 0 0 177835 214004 0 0 106711 111067 211564 166386 230717 0 233011 166386 0 79479 97782 84299 194833 154289 100355 153862 17824 144135 154879 78564 0 94564 26631 80147 155337 211564 106956 14728 155389 106711 55486 103719 211564 0 145225 103719 2297 0 80147 218938 201104 202437 37164 211949 94564 195338 26631 127491 8412 214004 211564 0 57825 110097 8412 214004 211564 0 182320 154289 211564 1569 42593 0 229078 174752 229011 14728 177962 79479 77927 212204 233011 94564 135977 211520 211834 233011 94564 26631 198218 115916 154289 192893 211834 19128 107266 233011 26117 61641 79479 211564 77927 214004 207868 177962 232141 107266 0 229078 36156 155337 211564 106956 103719 2246 19128 192893 79479 77927 14728 185442 20119 211564 0 154289 84653 122843 0 211564 88549 37164 229078 60446 66466 211564 85222 153862 154289 211564 43617 106965 211564 148277 222419 107266 79479 208850 169516 66466 0 211564 0 229078 179185 103719 2557 232108 25291 0 230742 106711 0 157515 214004 226589 37388 0 93671 154346 20571 94564 26631 130085 214004 175429 192770 211834 103719 2430 80931 52962 126212 211834 79479 234772 211564 197874 106711 212100 14728 0 154423 87519 181060 157787 211564 106956 197529 211564 197874 106711 225177 0 211564 106956 94173 151115 80980 229254 205278 79479 144135 154289 211564 234772 14728 94173 214004 178708 155337 0 155990 79777 208523 211564 106956 15337 17824 130939 29856 13227 174754 17824 127053 72617 96237 211564 106956 94173 132560 0 14728 198218 202524 0 13227 211564 122308 94564 58487 212000 222419 214004 149262 103719 211564 52691 202524 0 0 0 103719 29856 154289 211564 43617 106965 185390 211520 0 92143 26631 0 79479 157787 42593 211564 29856 154289 0 2365 37388 42179 197074 201367 0 211564 0 94564 92143 214004 49915 232108 0 14728 103719 2547 100524 61505 81322 177506 0 0 211564 174752 98465 155337 211564 106956 131133 87949 0 79479 211670 14100 211564 166611 152109 96237 17824 189674 0 79690 0 0 77235 0 0 14728 0 0 52850 2195 199473 154289 166578 96237 103719 2452 37164 37388 211564 122184 218851 42593 80416 122843 0 14728 57825 0 80147 4798 230742 212000 233215 221873 103719 211564 0 154289 120370 0 0
0 198250 211520 0 106711 198250 211520 0 155990 0 211564 186152 161515 132560 212110 103719 147986 143805 22689 155990 221873 64834 230711 172906 155990 203201 103719 213307 147963 0 196833 64834 14728 202463 26439 154289 81084
0 0 106711 196936 0 0 7973 116867 230338 154289 211564 48339 154289 0 148448 214004 211564 0 154289 0 107266 135997 7973 5055 37388 5969 138172 1796 37388 3145 81590 0 212127 211520 211564 181955 147143 135977 121947 181955 20119 211564 67958 81322 211564 151829 121660 155990 67958 0 0 12191 0 185390 211520 211564 80931 222419 214004 38657 107266 211564 67210 149262 0 14728 0 12974 232108 211564 0 17824 160800 154289 211564 186152 186527 180908 161567 0 0 18972 65330 0 14728 211564 65198 16801 103719 0 0 32268 211564 43617 106965 2332 211564 233179 211696 49666 102493 211564 189674 32967 230742 106711 103719 225177 77019 160927 19128 144135 19128 2729 0 58646 230243 69274 931 76325 4322 211564 106956 154289 0 211564 0 14728 0 90017 14728 211564 0 233011 26117 50773 37388 127786 121387 14728 79730 147633 106956 18574 930 139324 2428 116867 127053 211564 2442 32268 211564 43617 165594 201367 28439 0 0 0 14728 0 106956 17824 188244 132560 57195 182022 14728 0 14098 230742 211564 202899 183909 232108 89263 224487 107266 13123 205292 51211 41831 117085 19128 211564 157783 225575 100245 230959 126212 155337 0 14728 230959 233215 144135 7973 211564 43617 106965 187959 103719 97782 152282 211564 0 131807 0 0 0 155337 211564 168759 33322 18568 201104 0 55657 157515 155337 211564 22725 154289 0 208073 0 134087 225136 181060 215459 154289 211564 0 107266 229078 211564 0 181955 211564 0 12554 154289 165298 181437 221873 103719 202677 125542 214004 68608 76325 7978 211564 15226 26274 154289 211564 229466 14397 0 47755 107266 0 107433 0 166524 0 105890 211564 0 0 0 154289 211564 189674 20119 150392 107266 201115 14397 70883 30851 179703 155337 211564 0 154289 100219 30308 192790 103719 213307 154289 202524 107266 0 211564 203131 154289 211564 21917 230742 106711 211564 0 26117 0 155337 211564 0 106711 214004 26117 55657 105890 0 214004 203055 155337 211564 0 106711 214004 26117 54604 105890 169341 155337 202677 0 204070 154289 211520 154289 211564 0 148834 211564 229438 151672 211564 39478 23657 39206 0 102493 211564 229438 40725 211564 225250 155337 211564 181955 192713 34157 155337 107266 14728 106711 127491 135979 103719 15713 232840 211564 0 154289 211564 189674 124061 0 58065 120370 0 94900 137304 211564 0 0 211520 0 229078 104758 37388 185459 0 211564 151829 77927 230959 80967 211564 43617 94564 132560 0 214004 207868 20119 189674 37388 176960 154289 211564 0 232108 230742 187379 0 211670 107266 94173 127053 26631 14397 18923 154289 168604 75119 211520 185459 0 104758 211564 89263 200532 181955 38675 0 103719 211564 189674 28439 0 14728 211564 0 14728 132560 154868 185442 222419 214004 0 211520 212000 92143 154423 190178 97401 211834 0 14728 176834 32268 0 211564 185442 19128 212000 161104 230243 103719 211564 0 154289 0 132560 213330 26694 211564 0 181955 221763 211564 57919 230711 211564 0 229078 60446 14728 211564 217599 214683 107433 166386 79479 107266 94173 26631 62562 14728 106711 152375 230072 72617 211520 211564 127047 0 154289 211564 181955 106711 152082 185459 37164 60763 212204 73696 199926 231007 147143 106711 0 92143 211564 0 214004 161076 97443 154289 79479 132560 42589 19128 185459 0 73569 211564 46303 96483 106711 152082 171226 10255 0 154289 212204 115916 211564 59487 0 0 14728 0 230243 178007 19128 185468 221763 211564 234772 0 230711 168524 0 94594 20119 123719 74333 211670 218540 211670 157515 154289 0 49856 212204 198721 154289 0 154289 211564 0 38559 106711 42818 225177 222422 37164 107266 39206 155471 26117 169517 37388 225177 0 110658 154289 60773 14728 211640 229523 0 106711 152109 79479 107433 121947 0 49279 212204 106711 154289 75090 177149 156417 155337 2428 110897 2532 131069 228502 229078 170109 79479 211564 73475 154289 0 14728 230204 211834 214004 0 211564 0 49279 94900 80147 155471 155389 0 94900 80147 151471 155337 124061 0 154303 0 152375 32895 0 232108 211564 29856 103719 2602 140490 232108 218938 148093 95607 229078 122389 214004 178867 0 14728 0 222419 103719 149286 14728 230742 230243 216193 182468 4624 106711 14397 0 157787 211564 70703 43617 81322 211564 43617 106965 51429 17827 214004 211564 0 51429 17827 211834 106711 179235 167572 147145 0 20119 199016 33142 28439 182468 4624 14728 211564 43617 106965 51429 237304 107433 168939 106711 4950 5456 0 0 230742 106711 7973 3843 139324 151901 154289 0 212204 106711 152082 0 232108 211564 0 147145 0 37164 107433 147143 106711 0 60053 81322 211564 0 132560 201081 105296 16954 14728 59846 0 105890 43617 106965 11142 222417 0 19128 160800 154289 211564 170787 219092 0 79479 14397 0 78541 81322 0 214004 198992 231473 176818 19128 79280 0 1002 235518 0 106711 214004 211564 151938 237304 33142 225411 0 155337 215658 182468 4624
0 147920 211564 0 147920 183176 229078 77879 222419 103719 225750 19128 42521 183176 222419 37388 211564 13837 79528 211564 0 147920 183176 106711 49749 222419 37388 211564 0 181024 211564 183176 106711 202124 222419 214106
0 0 0 0 106711 196936 211583 103719 0 58065 0 39768 154289 211564 0 106965 199229 211520 94173 26631 155686 79479 142930 211454 3340 234783 211564 211583 106711 103719 88384 36146 81322 211564 1569 42589 103719 211564 154868 0 154289 211564 47071 103719 211564 1789 42593 107266 27219 214004 211564 106956 88549 230959 222419 107266 19128 0 122199 107266 229078 222419 19128 0 103719 211564 2943 42593 107266 26434 211564 94961 154289 211564 179344 160934 230717 212000 95534 167814 136327 126049 14728 55198 0 14728 198218 211583 166834 122199 212000 13123 26706 214004 154333 0 14728 208069 103719 2611 211564 211583 49856 217006 0 0 122199 0 236741 0 0 236741 0 211564 211583 19128 166386 79479 0 211564 211583 49856 0 236741 0 211564 154868 211583 14728 212000 17824 152375 179661 183958 152082 155471 211564 211583 37164 13123 211564 65100 188807 14728 211564 0 211564 65100 188807 0 18998 0 154341 65100 124138 214004 45105 14728 9550 14728 107266 106711 155389 154289 211564 130919 176968 154289 211564 168612 154289 211564 211583
160641 154289 158988 211564 160641 154289 158988 154356 117085 19128 0 52820 154289 0 103719 222164 14728 163498 13227 177831 214004 19128 160641 106711 211564 76252 14728 205332 123361 31473 154289 158988 107266 106711 0 76252 123364 154289 158988 211520 50990 154289 211564 190869 221982 99710 14728 211564 147865 19748 127801 99710 8412 214004 18923 5055 154289 211564 2594 51091 154289 158988 211564 52820 13123 103929 211564 170203 154289 158988
190869 154289 158988 211564 190869 154289 158988 106711 211564 221982 99710 154289 211564 0 160641 154289 158988 69059 17824 95534 73650 212475 234783 79479 155389 92692 154289 211564 190869 14728 67181 190873 94173 210766 154289 195875 234783 102493 211564 154346 154289 211564 170203 154289 158988 26488 0 155990 211564 170203 106711 220279 214004 163134 97782 81923 211564 43156 154289 211564 190869 8892 19128 170203 221763 170203 106711 69054
147865 19748 154289 158988 211564 147865 19748 106711 211564 127801 99710 154289 211564 0 160641 154289 158988
199417 154289 211564 147865 19748 154289 158988 211564 199417 106711 211564 97151 154346 154289 211564 147865 19748 154289 158988 211564 199417 0 157787 211564 191629 50024 154289 211564 162859 179266 69054 155337 211564 25337 154289 221205 80439 211564 199417 106711 189950 103719 211564 125542 154289 204033 214004 211564 170203 14728 94900 0 80217 168939 103719 211564 0 154289 0 10196 211564 170203 211564 170497 139919 14728 211564 43156 154289 190869 103719 9079 211564 199417 106711 211564 0 154289 211564 99710 214004 211564 157685 232891 14728 106711 151431 103719 97782 16954 103719 156149 214004 74022 211564 89263 21271 211520 201763 81322 211564 179624 0 14728 0 230742 73650 136990 154289 211564 99710 0 221974 211564 98450 154289 212204 97138 154346 211564 199417 193961 49973 0 103719 211564 62474 154289 97782 81923 230711 211564 147865 19748 106711 62993 94900 51320 103719 97782 154346 213219 149657 199417 106711 69054
170497 139919 154289 158988 211564 170497 139919 154289 158988 0 135966 88865 139919 106711 211564 94901 154289 88542 154289 158988 211564 55485 170497 139919 106711 0 0 0 195338 20929 2810 211564 170497 139919 106711 69054 37388 211564 147865 19748 136992 154289 230742 17824 69054 37388 168604 227470 143422 49749 211564 122864 154289 211564 160934 155990 48314 232108 211564 143422 227474 26488 211564 170497 139919 211564 170497 139919 106711 179661 79479 0 37977 211564 170203 94173 211564 51092 179480 169353 214004 178867 211564 170497 139919 212564 0 154289 211564 147865 19748 0 149657 69059
147865 190039 52820 154289 158988 211564 170497 139919 0 147865 190039 52820 106711 0 31473 211520 106711 0 37388 211564 170203 154289 158988 14728 170497 139919 154289 158988 107266 106711 170563 80014 211520 106711 0 79479 50971 147865 190039 14728 79587 167770 134604 232108 211564 190942 147865 190039 0 14728 37977 154359 211564 147865 190039 52820 229078 53704 37388 211699 14728 79776 44991 154289 18445 200888 158988 84653 0 0 103719 17007 2757 220575 211564 147865 190039 52820 8830 211564 81912 154289 211564 52820 94173 26631 214004 0 14728 19817 211564 170203 14728 170497 139919 155337 147865 190039 14728 79587 167768 211564 52820 191547 19128 80014 79479 0 79479 211564 170203 14728 211564 76252 88542 155337 134604 154289 147865 190039 103931 211564 199082 0 58732 14728 190039 154289 211564 201354 14728 54038 131825 103719 84653 107266 134939 13123 0 0 214004 211564 170203 14728 211564 76252 88542 103719 204070 134604
158989 17661 158989 17661 103929 223845 203210 36156 66466 61621 213307 163230 232108 211564 26732 154289 211564 104295 223381 47129 18574 211564 138926 154289 211564 4523 139453 26054 79479 211564 77879 213307 103719 211564 17827 230742 0 214106 158988 14397 9558 222122 55202 60716 232108 121947 203204 74875 198218 154289 230742 205555 214004 212204 57919 212204 229078 79274 37388 211564 0 203498 154289 35955 17661 211520 32694 69229 81322 211564 17661 154289 14710 89298 211949 178841 17824 226558 103719 211564 0 39768 154289 0
158989 79227 158988 94173 231107 223834 154289 79227 143430 0 0 99838 42817 208027 94564 178562 223813 103719 157248 178112 154289 211564 52932 155990 103719 148805 52931 198218 0 125207 0 14728 0 17824 214312 103719 158988 106429 10083 218489 14728 12927 12554 147905 154289 42521 19469 14728 138926 67390 232108 12554 94594 47230 211564 79227 214004 94564 156426 103719 211640 121387 158989 146023 96237 135976 211564 146029 14728 185009 0 154289 211564 0 14728 0 178562 90017 154289 14710 162863 230959 104758 211564 14710 158988 14728 107433 0
0 210326 0 147865 210326 0 0 0 106711 75359 97493 210326 103719 60971 24197 107266 106711 201354 107266 106711 24197 147865 210326 211564 147143 0 0 0 135976 87416 154289 60971
139214 0 138545 108345 0 32619 108565 2597 103719 60591 138608 106711 179879 102041 98182 181060 231788 14728 123266 231788 211520 166799 79479 211564 32840 221237 0 19128 230072 19128 166817 79479 1573 189828 103719 211564 150025 232108 211564 68066 154612 229121 39786 186339 110335 192550 14728 211564 36053 0 94900 229078 165188 37388 211564 200764 127628 31076 232108 211564 0 157794 165184 103719 211564 2633 150025 71163 65012 94900 106711 10132 13837 14728 106711 155389 154289 196936 152743 154289 30308 98182 166801 103719 211564 122906 94900 106711 13123 211564 77879 10132 13837 150025 166800 211520 229078 32619 14728 215788 103719 211564 221179 201367
0 0 0 0 32619 132800 1573 2597 103719 0 11798 106711 39216 179879 102041 98182 231788 0 166799 1795 189828 103719 211564 147865 98182 122906 150025 94900 166799 232108 211564 142601 39221 208335 25844 125134 214979 132622 122898 14728 49289 21505 94900 229078 65013 0 157794 37388 211564 142601 39221 103719 211564 2633 150025 71163 65012 94900 26434 117085 103719 127053 106956 66466 211564 2750 201148 55327 166829 10196 0 59201 97571 44295 214004 149657 235368 106960 39927 138545 0 66466 83155 78054 154289 211564 77879 183176 211564 97900 0 157515 0 0 14728 0 155337 97782 123266 116932 230742 70414 97782 189821 14728 59075 97782 71163 105890 211564 2750 189821 211834 229078 151115 162506 86509 157515 0 179879 81322 166817 170924 102041 98182 155337 154016 2794
158988 175931 211564 158988 175931 17824 160800 154289 211564 0 79519 49603 103719 158988 107266 50990 154289 136992 154289 211564 158988 18445 220575 211564 62307 51429 154289 211564 139934 154289 211564 105603 154289 211564 158988 88542 211564 170497 0 154289 175931 17824 214004 171676 14728 130954 190039 103719 99560 50568 14728 228806 237304 17831
202913 192550 202913 192550 229078 14397 15343 210151 191406 130085 37388 0 71048 211564 193919 201307 155337 191188 2634 14728 70414 155337 134939 2636 211564 193919 229078 7973 92692 211520 80124 53968 212000 26434 92692 230711 221237 170938 147145 64978 0 211050 97782 84638 209737 155337 0 14728 0 64978 0 230959 229078 76472 170938 92143 20569 214004 60445 0 232840 37164 94900 229078 215989 105890 14397 0 0 37388 211564 73696 189137 26694 94900 52784 72220 0 233011 122199 0 0 80175 198463 110079 230959 26434 0 31325 230959 26434 0 0 230959 26434 29205 0 14728 0 230959 26434 0 14728 233011 215985 211670 105890 192550 19128 198502 19128 211564 33462 215989 212000 20193 0 201077 14728 88365 21857 81322 211564 167757 211520 230243 0 211670 37388 63262 105890 121016 14728 0 211640 229494 105890 211564 47071 37388 67469 211564 62372 211564 35259 230243 87591 214004 39953 0 197529 211520 212000 52784 79519 97401 214004 179984 211670 214004 211640 156418 100355 0 14728 211699 0 0 84719 74240
0 0
0 2767 0 2767 229078 176884 210151 191406 155337 26026 103719 2767 1573 162859 126212 155337 14397 106956 79479 6315 57957 211564 130919 43564 28439 212204 171013 14728 0 2731 229078 211520 211564 0 230243 227471 154303 155389 20119 213307
227233 0 211564 227233 0 106711 175921 154289 0 14728 37030 170882 37388 227233 107266 229078 105966 103719 2597 14728 92143 84693 211564 189950 154289 230742 229078 0 137404 0 14728 179185 211564 156418 103719 2637 107266 229078 179185 37388 211564 227233 0 103719 2764 15713 0 0
183361 48354 154289 18438 103719 189316 211564 183361 48354 154289 18438 154289 211564 221179 115973 106711 211564 154354 48354 154289 18438 154289 211564 34867 141829 55486 174133 69426 102710 211949 18438 17824 222419 37388 211564 174133 103719 96131 154354 39697 19128 141829 154289 211564 221179 115973 14728 17824 154356 117085 19128 96131 18438 154289 0 61621 225109 17824 222419 37388 157248 136992 154289 211564 183361 75344 14728 37388 211564 34867 88542 103719 50778 232108 211564 9357 14728 88542 154289 211564 52932 103719 189316 211564 174133 94173 191132 225105 154289 211564 183361 18438 223811 154289 230742 106711 222419 37388 211564 189316 154346 211564 193109 106711 0 0 103719 211564 77879 14728 80217 174042 211564 212475 0 0 125794 154289 70687 103719 211564 189950 211564 0 125778 14728 64699 0 0 154289 189316 14728 103719 211564 212164 93959 79479 106471 211564 225105 222419 37388 211564 88542 0 152082 94564 211564 95728 155990 125778 211564 225105 222419 37388 211564 88542 103719 189316 63743 152082 94564 211564 125778 155990 103719 0 143607
2798 0 47117 228806 211564 0 47117 228806 229078 47117 228806 103719 124782 66466 211564 234772 2798 107266 26706 103719 211564 138926 154289 76226 2798 132560 0 230243 105198 37388 211564 0 103719 148805 52931 204070 19128 218306 14728 68470 212000 0 171520 10255 211564 88542 49240 0 0 191033 217320 14728 208523 214004 34131 221873 211564 177034 11592 201307 31989 14728 177037 26706 79789 211640 158183 88542 211564 228806 123146 214004 211564 58165 154289 0 103719 154016 14728 154289 212423 154289 157248 162859 211564 50568 26706 232108 191406 154289 59499 14728 181358 211834 230243 132560 196936 171526 154289 7973 3844 162859 212566 108565 131069 171526 61448 152082 26726 221763 1365 76226 2798 211564 59499 230243 0 10255 211564 88542 154289 124782 14728 107433 122864 0 11592 211564 50568 89529 19128 212423 154289 162859 110117 211564 171526 0 0 214004 100575 211670 64834 14728 47544 124782 99710 37388 99710 221763 12554 177037 17824 87879 99838 198218 154289 0 197979 26706 110122 211564 177037 103719 171513 211564 171526 17824 212409 214004 94564 26631 105198 37388 211564 204029 222008 103719 218306 14728 68470 8412 214004 148319 149757 44991 79587 0 180767 0 230959 71018 124782 14728 92143 176792 211564 47071 154289 0 155337 3051 76226 2798 229078 174575 19128 187951 211564 171513 143813 106711 151115 127084 171513 143813 107266 228806 107266 155678 180190 14728 155337 3051 76226 211564 67802 60209 211564 171526 19128 14397 222008 211520 106711 217624 214004 0 124782 81322 211564 232891 127088 0 155337 2950 76226 211564 0 11019 79519 11053 20532 47119 0 103719 0 230742 41748 105688 0 37388 212204 213307 157787 3844 214004 1 230243 58075 14728 157787 1 230243 104875 211834 230243 196936 25686 221763 76226 3244 230711 0 191033 208523 14728 217320 105890 0 14728 20532 211699 155337 132800 122389 52853 10255 177037 212204 122154 221763 930 132800 94900 0 174708 0 14728 0 211564 177037 82723 169353 230711 147920 14728 157248 52931 26706 0 0 79528 232108 20531 11053 211564 177037 122389 52853 155337 132800 3530 211520 122154 221763 17007 211564 177037 0 77019 47024 211564 25670 154289 0 229078 211564 0 25670 103719 211564 47117 228806 211564 0 34659 80124 79479 0 10255 211564 177037 81322 3244 76226 214004 930 132800 211564 0 34659 183909 37388 0 198311 0 0 103719 14728 148458 60446 211564 71076 47071 211564 177037 232553 211564 25670 14728 214683 51429 154289 211564 47071 211564 177037 13123 232553 103719 0 14728 157248 166408 212000 214683 0 103719 20929 103719 154016 211564 77305 0 14728 211564 177037 58473 225597 97782 70579 115718 0 155337 2729 154016 2798
107934 52947 78746 107934 52947 106711 52947 103719 211564 201354 154289 78746 211564 168624 19128 154289 211564 2731 42444 229078 4842 19128 154289 2760 4911 162859 126212 211834 107433 52947 189830 106711 0 78746 107934 52947 229078 53704 37388 211564 78746 210921 52820 103719 2250 37388 200057 81322 0 52947 131180 107266 211564 212164 52947 103719 211564 210930 211564 52947 229078 147145 79479 14877 107934 230959 92143 191538 19128 78746 77879 139389 88549 79479 195875 142532 103719 2248 107934 52947 156422 200321 81322 211564 0 181560 155337 211564 230338 214004 211564 0 181560 155337 211564 67390 211564 52947 92143 26631 0 47948 214004 107433 55485 33141 37388 2283 212564 211564 53711 154289 149657 52926 81322 107433 156418 121387 196936 43574 214004 211564 52947 32497 51319 212564 143422 154289 211564 2652 42593 99838 211834 230243 151115 215490 103719 107934 52947 230711 107266 229078 79769 211564 77879 52947 53054 137914 20119 230638 229078 38675 181853 29205 200343 122199 38675 31042 200362 103719 2250 14728 211699 20119 211564 29205 200343 154289 211564 0 103719 2251 211564 79278 234772 211564 52947 53054 137914 20119 0 191708 230742 106711 13123 117085 19128 0 139425 168302 0 26434 211564 52947 189830 37164 152082 232141 51449 107266 229078 80153 37388 181821 0 147910 154289 189316 103719 191188 2257 211564 77879 215473 72617 103719 107934 52947 229078 0 103719 108565 2257 0 49799 154289 121387 0 229078 126612 151985 154289 170173 57919 0 14728 229078 147145 211564 52947 189830 0 0 221763 2259 230711 0 14728 157248 0 191711 230204 214004 0 14728 0 211564 78746 123364 232108 80748 121387 51125 154289 0 172247 200532 14728 5056 214004 172742 174030 189998 154289 121387 214004 26117 197964 20119 172247 0 19128 229494 214004 77552 211564 149657 88542 102493 211564 52947 189830 229078 143807 214004 0 0 14728 97782 205284 204017 14728 0 26434 211564 52947 189830 154289 211564 52947 111072 14728 47117 21271 73569 212407 107266 229078 149622 154356 147145 211564 52947 189830 0 26706 214004 90046 14728 0 230711 211564 52947 88542 143807 105890 211564 149657 0 103719 2261 0 103563 47038 143807 214004 0 14728 211564 175340 58417 214004 0 211564 215473 81322 2344 107934 52947 229078 211564 42473 154289 127786 0 228806 117085 19128 211564 107934 52947 228806 0 0 0 136992 103931 50491 18445 225306 19705 157787 1574 179344 160934 154359 14728 103563 10132 19128 160800 154289 204029 39070 214004 179807 50941 230835 59433 169353 8412 214004 211564 2731 42444 211564 52947 94173 215203 17827 154289 154289 230742 155990 6902 106711 121387 14728 155990 312 106711 229254 107934 52947 106711 211564 155471 52947 103719 78746 211520 32505 32895 85075 14728 11598 107934 52947 106711 103719 211564 42521 201081 213307 237304 107433 67411 32497 232108 0 52947 79797 211564 33142 103719 212204 17827 28439 211564 42521 201081 14728 67411 201081 213307 237307 19128 154289 211564 42444 154289 2731 211834 230243 4842 162859 1795 99726 14728 709 75338 126257 103719 211564 52947 211564 168624 59736 229078 5132 162859 162942 200532 139318 2729 211834 230243 2428 99752 221187 20119 14397 21611 59736 154289 2950 162942 200532 139318 116897 211564 174857 131159 154289 211564 52947 229078 5969 230835 3457 30308 155990 10132 13837 5831 147910 13837 4265 19471 178 158552 0 6440 81322 157248 174826 14728 4546 81322 218938 155990 142930 174826 6777 154289 211564 168624 230243 97814 155990 0 154289 16352 174806 211834 230243 1795 99726 157515 154289 230742 3843 92143 45105 220575 211564 10337 154289 2195 126257 232108 211670 5132 230243 133505 52966 126257 214176 1365 92143 76506 0 232108 151115 100713 170173 14728 3843 230243 152082 178562 3530 154289 12554 99726 230243 130085 221873 154289 162859 126257 12973 14728 930 92143 198226 126257 12973 230959 229078 5752 234783 154289 10337 155990 154879 211564 21611 99723 195912 229078 4758 14728 211564 21611 75344 195912 229078 6902 103719 211564 52947 211564 168624 229078 200321 157515 232108 3051 220575 211564 10337 154289 2195 5969 81322 2195 214004 3244 3671 81322 3340 214004 4758 3144 81322 4798 214004 5714 14728 1365 230959 230243 5752 234783 154289 10337 155990 154879 211564 136155 10337 229078 4377 234783 79479 73650 390 76508 211834 230243 710 131423 79479 73650 390 76508 10337 2195 14728 157787 211834 230243 743 131423 211564 136155 103946 79479 99723 103719 211564 52947 229078 3671 14728 211564 136155 103946 79479 75344 229078 4265 131423 92143 136155 103946 154289 3530 225119 2950 79479 76508 211564 162942 0 103946 79479 211564 52947 229078 1163 7973 930 154289 75338 14728 2004 154289 211564 168624 230243 27236 211564 169328 125542 103931 3144 154289 212397 220575 10337 2195 14728 2950 154289 212397 10337 5752 155990 157787
109056 52947 78746 109056 52947 106711 52947 103719 211564 201354 154289 78746 19128 154289 2731 211564 168624 106711 930 211564 42444 36717 2760 168624 79479 211564 52947 106711 1365 107433 52947 189830 106711 0 78746 109056 52947 106711 160800 154289 211564 0 78746 138213 201411 17827 109056 52947 229078 53704 103719 2257 107266 229078 147145 79479 212263 109056 212164 170203 154289 211564 221179 201367 154289 13835 230959 191538 81322 2200 214004 2214 0 106711 0 63213 215473 190122 162859 109056 52947 94173 132560 154868 79988 211520 230243 222419 37388 67289 191711 14728 211564 139389 8412 214004 211564 2731 42444 211564 52947 94173 215203 17827 154289 154289 230742 155990 6843 106711 121387 14728 155990 709 106711 229254 109056 52947 106711 211564 155471 52947 103719 78746 230742 32505 32895 211564 201354 154289 85075 14728 211564 90929 154289 138343 19128 154289 211564 42444 154289 2731 211834 230243 930 162859 0 99726 14728 0 75338 126257 103719 211564 52947 211564 168624 59736 229078 3051 162859 162942 200532 139318 116897 211834 230243 0 99752 221187 20119 14397 21611 59736 154289 162942 200532 139318 116897 211564 174857 131159 154289 211564 52947 229078 5456 230835 4377 30308 155990 10132 13837 4421 147910 13837 3843 19471 212 158552 0 5390 81322 157248 174826 14728 0 81322 218938 155990 142930 174826 3340 154289 211564 168624 230243 97814 155990 0 154289 16352 174806 211834 230243 0 99726 157515 154289 230742 3671 92143 45105 220575 211564 10337 154289 2195 126257 232108 211670 5132 230243 133505 52966 126257 214176 1573 92143 76506 0 232108 151115 100713 170173 14728 3671 230243 152082 178562 3340 154289 12554 99726 230243 130085 221873 154289 162859 126257 12973 14728 389 92143 198226 126257 12973 230959 229078 5752 234783 154289 10337 155990 154879 211564 21611 99723 195912 229078 5224 14728 211564 21611 75344 195912 229078 178 103719 211564 52947 211564 168624 229078 200321 157515 232108 3051 220575 211564 10337 154289 2195 2729 81322 2195 214004 3244 3598 81322 3340 214004 4758 3340 81322 4798 214004 5714 14728 1365 230959 230243 5752 234783 154289 10337 155990 154879 211564 136155 10337 229078 4421 234783 79479 73650 390 76508 211834 230243 535 131423 79479 73650 390 76508 10337 2195 14728 157787 211834 230243 535 131423 211564 136155 103946 79479 99723 103719 211564 52947 229078 4015 14728 211564 136155 103946 79479 75344 229078 4546 131423 92143 136155 103946 154289 3457 225119 3340 79479 76508 211564 162942 0 103946 79479 211564 52947 229078 2004 7973 1163 154289 75338 14728 2004 154289 211564 168624 230243 27236 211564 169328 125542 103931 2950 154289 212397 220575 10337 2195 14728 2004 154289 212397 10337 5752 155990 157787 109056 52947 106711 155389 154289 155471 0 154289 52926 103719 211564 78746 0 211520 167816 0 211564 59433 160934 211564 109056 52947 188807 63100 106711 211564 155471 155389 103719 78746 155736 220575 58473 77557 69934 65941 214004 35981 0 155337 17007 3144 2772 211564 78746 59841 154289 68126 214683 157787 77557 0 154289 211564 63100
93475 0 110055 93475 0 32619 1365 76226 2557 106711 21208 79419 166800 230959 166799 79479 195956 176078 231205 14728 211564 21208 147865 209622 94900 106711 178007 19128 155389 154289 211564 28289 21208 0 103719 97888 94900 201307 97782 170924 40279 232108 195956 176078 231205 20119 211564 10337 154289 2004 37164 94900 166799 152082 225177 154423 197529 94900 230204 214004 0 8195 230717 94900 193860 3530 87318 103719 3457 134340 197529 94900 229078 215978 22689 214004 195956 176078 103719 211564 149841 234783 94900 193860 103719 0 134340 79479 211564 48053 1796 87318 103719 211564 2599 189821 94900 193860 4624 87318 14728 88365 211564 73314 87666 193654 19128 0 28289 0 212204 106711 202124 211564 177394 103719 211564 21208 122906 103719 2600 94900 229078 215978 214004 76135 24625 230717 94900 193860 103719 97782 77879 189821 3671 87318 14728 232553 211564 0 211564 217340 79479 211564 28289 199229 0 232108 76135 24625 94900 232553 13123 211564 219707 55327 231851 55327 103719 2602 2608 94900 230204 22689 214004 176078 230717 94900 193860 15713 595 87318 79479 211564 48053 211564 122153 234783 154289 97782 40279 94900 166799 232108 0 0 0 188031 14728 205775 21205 186043 97782 40279 94900 166799 0 134340 14728 189276 0 87318 0 166799 5890 134340 79479 211564 209622 14728 189276 4158 87318 94900 229078 136990 154289 211564 209622 79479 211564 2600 14728 2609 77272 232891 55327 2600 94900 26434 123311 103719 21205 79479 189288 218938 87318 10255 85246 79479 211564 77879 225597 10196 4872 234783 211564 174983 49658 0 0 0 0 0 0 0 0 87305 87305 87305 87305 87305 87305 87591 53669 106711 117085 37388 12927 12554 21208 79419 205284 13227 94900 48277 61621 209637 94900 229078 152082 19128 204029 19128 166800 232108 211564 209637 94900 149622 176792 73314 49928 19128 131826 154289 211564 147865 209622 75033 214004 173939 79479 211564 2764 77272 232891 55327 197529 97782 51354 229078 152082 0 10196 97782 79419 40279 94900 26706 214004 195400 14728 92143 198218 97949 103719 21205
0 52947 78746 0 52947 106711 52947 103719 211564 201354 154289 78746 19128 154289 2731 0 162859 126212 211834 107266 106711 211564 189950 122983 168622 52947 103719 211564 201354 8412 214004 211564 2731 42444 26439 107266 94173 155389 142930 179520 211454 124726 52947 78746 211564 42444 36717 2760 72707 79479 211564 52947 106711 0 107433 52947 189830 106711 0 78746 0 52947 106711 0 52947 135966 11953 106711 102950 211834 0 52947 229078 53704 58381 3144 2313 81322 160800 154289 130149 52947 14728 103925 20119 211564 213307 230638 106711 152375 32895 0 14728 0 52926 0 52947 229078 147145 103719 98992 154289 211564 0 58065 0 211564 80931 47033 230959 0 19818 214004 211564 49256 66466 211564 13837 180206 228806 211564 0 181560 79797 211564 71076 67411 32497 211564 52947 53105 77879 137914 20119 211564 98682 154289 0 110217 148448 0 211564 52947 189830 229078 149657 217449 221763 211564 53054 99710 211834 36885 64834 103719 2397 107266 229078 211699 143807 214004 0 103719 2401 14728 0 106711 55486 0 155471 103993 215473 149657 217449 106711 152375 85757 215473 103719 2482 211564 127801 160800 154289 211564 52947 229078 40882 154303 214004 53703 0 52947 97871 195800 103719 0 52947 103922 8412 214004 211564 2731 42444 211564 52947 94173 215203 17827 154289 154289 230742 155990 7038 106711 121387 14728 155990 6843 106711 229254 160621 103719 211564 52947 103922 0 31042 200362 201354 160580 14728 217449 200362 201354 160580 32895 8329 214004 211564 0 181560 19128 154289 211564 42444 154289 2731 211834 230243 0 162859 0 99726 14728 0 75338 126257 103719 211564 52947 211564 168624 59736 229078 1163 162859 162942 200532 139318 116897 211834 230243 0 99752 221187 20119 14397 21611 59736 154289 162942 200532 139318 116897 211564 174857 131159 154289 211564 52947 229078 6315 230835 1365 30308 155990 10132 13837 6027 147910 13837 1163 19471 97 158552 0 3843 81322 157248 174826 14728 2950 81322 218938 155990 142930 174826 1365 154289 211564 168624 230243 97814 155990 0 154289 16352 174806 211834 230243 0 99726 157515 154289 230742 4158 92143 45105 220575 211564 10337 154289 2195 126257 232108 211670 5456 230243 133505 52966 126257 214176 2729 92143 76506 0 232108 151115 100713 170173 14728 3340 230243 152082 178562 3051 154289 12554 99726 230243 130085 221873 154289 162859 126257 12973 14728 389 92143 198226 126257 12973 230959 229078 5752 234783 154289 10337 155990 154879 211564 21611 99723 195912 229078 5791 14728 211564 21611 75344 195912 229078 0 103719 211564 52947 211564 168624 229078 200321 157515 232108 2950 220575 211564 10337 154289 2195 389 81322 2195 214004 3244 4158 81322 3340 214004 4758 2950 81322 4798 214004 5714 14728 930 230959 230243 5752 234783 154289 10337 155990 154879 211564 136155 10337 229078 4208 234783 79479 73650 390 76508 211834 230243 0 131423 79479 73650 390 76508 10337 2195 14728 157787 211834 230243 0 131423 211564 136155 103946 79479 99723 103719 211564 52947 229078 3843 14728 211564 136155 103946 79479 75344 229078 4208 131423 92143 136155 103946 154289 3340 225119 3051 79479 76508 211564 162942 0 103946 79479 211564 52947 229078 1163 7973 930 154289 75338 14728 2004 154289 211564 168624 230243 27236 211564 169328 125542 103931 3144 154289 212397 220575 10337 2195 14728 2004 154289 212397 10337 5752 155990 157787
25670 154289 0 211564 25670 154289 0 229078 155389 154289 211564 29231 25686 154289 211564 77879 232891 228806 107266 93582 28439 110829 14728 152302 2470 12692 217320 20532 211564 85222 18445 103719 132560 155741 211564 12695 230243 49606 37388 34867 122868 211564 25670 229078 80124 79479 51429 154289 225963 147145 0 0 106711 148448 211564 215473 154289 0 103719 230338 78228 27010 211564 172826 154289 211564 25670 229078 214004 229647 157515 211564 70581 14728 214004 190031 211564 27003 48339 14728 50772 232108 211564 66558 81351 125575 211564 34867 49610 229078 64755 0 94900 166567 211564 25670 103719 212475 160927 211949 230243 39957 0 180908 143844 214004 39953 0 14728 155737 0 103719 155737 0 133152 230243 214004 121387 198255 155337 211564 27003 48339 14728 211834 233011 26117 0 20531 81322 0 14728 211564 0 0 211564 34867 122389 132560 134163 20537 212000 230243 95751 127496 37388 18961 11053 14728 198253 208523 211564 34867 61448 152082 231648 212204 106711 26439 212000 230243 221873 10255 121947 14728 141226 85222 58732 211564 34867 14728 80931 18381 73592 26434 0 28409 14728 38953 47948 214004 231857 122199 103719 211564 234772 211564 25670 229078 130085 221873 154289 30131 14728 98445 20537 212204 39954 89991 211520 52784 26117 222422 107266 13123 232834 64834 211564 85222 18445 232108 20537 14728 52853 37388 211564 85222 18445 214004 202463 211564 12692 20537 14728 207868 22689 89991 107266 122154 221763 211564 39216 52274 39954 0 155337 152302 2470 211564 25670 70414 155337 389 152302 16505 81322 196936 155741 41756 100219 41338 79479 211564 85242 211564 12695 92143 39954 139324 116867 154289 198218 154289 211564 28289 58741 210930 103719 211564 232891 212000 127491 1366 137055 212204 106711 176359 154289 7973 103863 48173 154289 89991 207888 37388 73650 58075 197978 211564 85242 214683 22689 211564 127491 89991 230711 211564 125542 229078 193804 78054 142532 122199 66466 211564 25670 154289 211564 0 127475 107266 79661 155337 3598 191188 2474 0 94173 26486 168604 232108 211564 0 154289 0 0 228883 212204 219051 154289 228883 229078 154423 80124 103719 212025 144180 211564 121387 28439 0 14728 211564 181560 0 229078 54350 37388 202899 14728 0 211520 230243 222419 79479 65074 143422 154289 211949 0 230338 143844 215448 211564 0 39226 230742 230204 151901 211564 121387 229078 78294 14728 0 37164 79479 87949 65074 20929 2470 229078 225177 48905 14728 230501 212204 229078 152082 222562 225177 29205 18961 203064 92143 13123 60446 211564 89991 205399 211834 230243 213330 230717 107266 229078 65656 107266 229078 143422 65656 103719 191188 37164 144180 229078 202124 103719 160927 154289 211564 25674 208523 88365 203315 103719 144180 14728 198218 197979 14728 99407 65546 103719 107266 0 230204 103719 55569 161515 81322 198989 154289 0 67390 211699 151901 214004 0 14728 0 212000 230243 195896 138172 97138 20119 211564 143422 212204 97138 89991 92143 26631 80124 157787 127496 195338 2463 132560 97868 94564 61621 155808 155337 212204 25670 143422 154289 212204 58203 106711 103719 34841 211564 227306 154289 211564 34867 154354 97888 154289 211564 228806 211520 233215 7973 211564 25670 154289 0 229078 211564 122153 73595 172270 198218 162859 187916 211520 107266 229078 233190 214004 131133 77235 133549 64755 0 127236 28409 14728 214004 131133 84653 0 0 211564 49610 154289 211564 77282 18445 127236 232956 211564 132560 58075 14728 104875 137055 211564 34867 18445 92143 155471 214004 39953 225177 196936 14138 154289 121387 94564 130085 132560 97868 79273 211564 73831 154289 57825 126429 85064 211564 34867 170497 139919 20119 211564 213307 14728 222417 107266 19128 14397 73831 154289 0 197979 14728 26870 22852 122864 126429 85064 230959 229078 12927 42818 10000 37388 25303 0 94056 233215 390 158793 154289 0 214004 180134 154289 34867 0 20119 212164 0 211834 106711 13123 0 229494 154289 212124 230742 216817 214004 187916 211520 211564 34867 18445 61448 230072 103719 211564 25670 0 187916 211520 211564 34867 41748 132560 41338 103719 211564 85222 18445 95751 211564 80931 14728 38953 221873 232108 20531 207386 230742 52784 231648 10255 85222 58736 211949 207386 130085 211564 85242 228767 231897 214004 49502 22925 0 187916 211520 211949 212110 230243 103563 103719 231857 211564 228806 103719 2474 58165 14728 104880 14141 79479 211564 25670 17824 202124 152082 58417 155337 198218 162859 187916 211520 211564 12695 204192 144135 95132 127485 211454 211564 85242 157251 187916 61621 212110 99838 151161 187959 211520 100524 154289 212423 154289 197979 155337 32895 194546 230243 152082 115718 155990 100694 211564 122153 205559 154289 211564 25670 230959 229078 13123 211564 122153 205559 154289 211564 230384 81351 103719 211564 221179 115973 170677 94037 161283 61505 155337 3340 110829 2772
133175 52947 78746 133175 52947 106711 52947 103719 211564 201354 154289 78746 211564 42444 36717 2764 168624 79479 211564 52947 106711 0 107433 52947 189830 106711 0 133175 52947 106711 160800 154289 211564 0 138213 201411 17827 133175 52947 229078 53704 103719 2293 81322 168834 154289 0 143395 156012 14728 0 52926 221763 2309 133175 52947 103925 143422 154289 230638 17824 152375 121016 14728 0 52926 211564 52947 106711 147145 10196 84653 80456 133175 154289 198989 40568 0 77302 14728 96395 154289 211564 13837 180206 228806 132560 154289 211564 67289 191711 154289 133175 52947 230243 81322 198989 40568 211564 52947 143607 106711 115973 154289 211564 204687 75643 103719 211564 52947 17824 117085 79479 34254 43438 174806 99407 204070 19128 0 14728 0 8412 214004 211564 2731 42444 211564 52947 94173 215203 17827 154289 154289 230742 155990 6870 106711 121387 14728 155990 0 106711 229254 133175 52947 106711 84677 50024 154289 182346 97371 198218 97138 14728 198218 127786 211564 131082 154289 107433 216423 50982 154289 126209 0 165694 14728 159341 216423 133175 52947 106711 50970 211564 199020 52947 103719 151901 42521 78746 14728 211564 0 52947 103719 42521 78746 107266 106711 7973 218938 99700 65407 81322 132560 154289 78746 131069 47024 156496 106711 6170 140071 214004 211564 199004 230753 0 26126 106711 7973 6731 140071 214004 211564 67390 208335 106711 7973 6170 140071 214004 211564 199052 0 106711 183153 218938 99700 65407 151924 138498 106711 7973 78054 99704 214004 211564 199004 79943 0 106711 7973 80175 65407 81322 133175 52947 133175 52947 13123 94173 212475 121947 121029 20119 107433 155882 32505 156012 121016 106711 103719 211564 75509 151938 160800 154289 133175 52947 148448 211564 32497 232108 0 52947 121016 0 106711 103719 211564 151928 160800 154289 211564 52947 148448 211564 215473 154289 185924 200362 121016 0 211564 121959 154289 211564 212475 106711 103719 211564 75509 199016 178090 148448 211564 32497 232108 121016 52947 160800 154289 121016 85064 106711 13123 103719 133175 52947 133175 52947 106711 104913 42474 28439 211564 20368 153881 214004 211564 67390 14728 211564 90929 154289 138343 214004 211564 230338 26439 154289 212204 133175 52947 106711 152082 10000 19128 144135 37388 100673 49866 214004 211564 142930 48341 52926 214004 107433 67390 14728 230338 99838 214954 17824 131069 212463 214004 212204 178090 154289 211564 201354 13227 133175 52947 106711 152082 148448 68769 154289 78746 48352 107266 106711 195834 196685 214004 211564 230338 197529 107266 207902 126136 124118 211454 14397 99700 214004 85439 214004 211564 90929 154289 138343 230753 107266 207902 7973 92692 14397 99700 127084 214004 85439 214004 211564 20368 153881 19128 154289 211564 42444 154289 2731 211834 230243 0 162859 573 99726 14728 6133 75338 126257 103719 211564 52947 211564 168624 59736 229078 0 162859 162942 200532 139318 5673 211834 230243 0 99752 221187 20119 14397 21611 59736 154289 6279 162942 200532 139318 3843 211564 174857 131159 154289 211564 52947 229078 6529 230835 709 30308 155990 10132 13837 4798 147910 13837 5969 19471 0 158552 0 5890 81322 157248 174826 14728 4758 81322 218938 155990 142930 174826 178 154289 211564 168624 230243 97814 155990 0 154289 16352 174806 8412 214004 211564 2731 42444 211564 121959 73314 14687 90031 103719 133175 52947 230243 70703 2195 85222 1795 14728 106513 1365 211834 230243 573 99726 157515 154289 230742 3244 92143 45105 220575 211564 10337 154289 2195 126257 232108 211670 5305 230243 133505 52966 126257 214176 389 92143 76506 0 232108 151115 100713 170173 14728 3843 230243 152082 178562 3340 154289 12554 99726 230243 130085 221873 154289 162859 126257 12973 14728 1163 92143 198226 126257 12973 230959 229078 5752 234783 154289 10337 155990 154879 211564 21611 99723 195912 229078 4265 14728 211564 21611 75344 195912 229078 6315 103719 211564 52947 211564 168624 229078 200321 157515 232108 2950 220575 211564 10337 154289 2195 4546 81322 2195 214004 3244 3144 81322 3340 214004 4758 3144 81322 4798 214004 5714 14728 3244 230959 230243 5752 234783 154289 10337 155990 154879 211564 136155 10337 229078 4758 234783 79479 73650 390 76508 211834 230243 6843 131423 79479 73650 390 76508 10337 2195 14728 157787 211834 230243 6670 131423 211564 136155 103946 79479 99723 103719 211564 52947 229078 3942 14728 211564 136155 103946 79479 75344 229078 4322 131423 92143 136155 103946 154289 3598 225119 2950 79479 76508 211564 162942 0 103946 79479 211564 52947 229078 2004 7973 2729 154289 75338 14728 1163 154289 211564 168624 230243 27236 211564 169328 125542 103931 2729 154289 212397 220575 10337 2195 14728 4546 154289 212397 10337 5752 155990 157787 211564 78746 59841 154289 0 155733 74875 103719 221096 17831 103719 211564 52947 103931 211564 0 0 105269 14728 211564 0 0 211564 0 99745 78746 76506 58165 183289
0 0 106711 143688 144846 103719 42521 0 155389 154289 211564 0 106965 199229 0 106711 195834 103719 211564 138926 154289 0 106956 0 94173 168624 154289 142930 211454 3845 179524 0 106711 211564 39768 154289 200343 0 0 75053 106711 211564 154882 155337 211564 106956 14728 94173 142930 226589 211454 16352 157248 75053 103719 0 229826 133257 207902 166386 155337 0 107266 106711 174507 14397 73582 107266 106711 211564 155471 126246 133257 154289 0 211564 133257 106711 160800 154289 211564 226577 214004 0 14728 132560 226589 49502 214004 190122 211564 133257
85062 0 85062 0 32619 76226 2629 103719 225715 21205 106711 79423 81322 21205 94900 166834 79479 0 123526 14728 211564 21208 220575 2950 147865 209622 94900 106711 58742 94900 26706 166817 79419 232108 205775 0 14728 211699 230204 214004 0 200764 103719 2772 94900 229078 45828 37388 177506 36292 186043 230717 94900 166799 103719 211564 189950 200504 94900 130085 97782 58290 155337 1365 110829 2772 10255 76135 0 0 13227 211564 209622 229078 178611 37388 211564 0 214004 211564 0 230338 4523 200905 94900 201493 232108 177506 36292 186043 97782 77879 134331 103719 211564 77879 209622 229078 155337 1795 17007 2798 103719 0 10255 195956 0 230717 94900 38953 155337 103719 140065 4842 79479 0 0 103719 212204 134331 94900 84087 211564 19817 79479 11660 87305 13123 103719 97782 189950 134331 10255 205775 0 94900 130085 14397 19817 79479 182381 0 103719 108565 2806 94900 230204 214004 0 123526 94900 166799 1365 134340 79479 211564 21208 220575 2428 14728 220575 2950 209637
80748 183958 80748 183958 106711 200176 211520 135976 63844 110864 232108 61641 143814 103719 211564 11019 14728 54321 215356 232108 0 195338 103719 211564 0 211949 110864 147143 0 155990 143217 110864
0 0 106711 14397 156149 230742 0 162859 103719 211640 143814 107266 106711 225177 154423 14397 156149 230742 0 162859 214004 26117 157515 155337 211564 202926 10196 57477 0 134939 26117 130085 37388 88547 103719 213330 154289 228806 155990 47117 0 212204 106711 205291 214004 202463 226295 0 134939 13123 26117 107196 214004 235488 162859 212000 17824 214312 211520 212000 94564 214004 26117 0 10196 42817 213307 211564 232812 0 49534 81322 211564 80931 164852 0 230742 135976 53187 211564 77761 107266 229078 222419 214004 60208 211564 213307 230711 12554 121319 14728 0 92143 214004 26117 31024 157515
83934 50113 0 103719 50113 0 14728 210021 83934 106711 50019 211520 106711 160800 154289 218938 149374 230742 222417 61621 171551 211564 83934 231473 216039 155389 171549 105890 211564 157248 0 106711 199447 40977 154289 83934 0 13123 38675 171549 0 39206 155731 20119 16352 149370 122715 211564 8881 154289 83934 17824 142930 49983 211454 211520 154289 211564 0 155990 206218 19128 107266 0 222475 142930 211454 155389 171549 32895 211564 50118 154289 105707 222436 14728 211564 50118 211520 191536 158793 214004 222436 17824 99534 151235 211564 151235 211520 50772 211564 149374 103719 28439 17824 0 211949 17824 17824 83934 151235
149657 232891 142071 149657 232891 142075 17824 211564 75338 154289 170490 230742 17824 80147 103719 42521 14728 198989 13835 211564 75338 17824 175973 214176 19128 211564 0 0 211564 155471 126257 0 0 212000 61613 81322 211564 154868 232891 142075 14728 16557 230742 17824 0 7973 4546 139506 234783 10531 211564 0 200049 105890 211564 90031 211564 0 149657 232891 142075 14728 0 16557 14728 154868 232891 142075 211564 114734 174226 106711 99821 61448 211564 67289 142075 85439 214004 211564 13849 211834 106711 20119 170173 151115 73683 79479 68769 154289 211564 218938 168985 183249 183242 155389 106711 8816 211564 211699 124118 231107 20368 183242 218938 106711 8816 19469 8816 211564 0 202699 14728 64834 212564 151901 13835 211834 17824 198218 29205 61619 28439 211564 218938 90031 154289 142075 149657 232891 142075 94564 0 154289 0 192463 232108 0 74878 214004 211564 194518 143422 63539 152082 94564 81807 49324 226569 212000 94564 61621 0 79799 132560 79730 0 158917 32083 232108 0 40275 79479 211564 235488 143430 218880 0 17824 49742 14728 211640 0 17824 152082 0 211564 0 75344 94564 127053 207690 211520 39206 0 212110
0 0 106711 155389 154289 211564 218938 203666 154289 211564 97150 170490 211564 157248 106711 211564 149657 232891 142075 0 103922 211564 154868 232891 142075 14728 211564 16557 16557 17824 82092 63247 105890 211564 124132 16557 155990 0 14728 211564 89263 16557 50988 154289 211564 0 0 0 14728 100381 212000 17824 12554 147910 214004 10129 14728 19469
0 211564 0 0 0 17824 211564 97150 170490 75328 214004 143422 162859 17824 211564 154868 232891 142075 14728 16557 103931 100381 14728 211564 149657 232891 142075 0 210412 214004 26117 121956 211454 211564 127801 170490 155990 0
0 0 106711 0 47071 103719 151924 154289 106429 14728 55198 39768 154289 0 103719 211564 234772 2760 107266 92143 7973 3531 162859 126212 211834
43156 154289 211564 190869 154289 158988 211564 55485 43156 0 154351 154289 211564 190869 154289 158988 106711 0 0 195338 930 132800 2772 211564 77879 43156 154289 211564 190869 229078 111072 114977 0 114977 211564 130919 172826 79479 211564 53711 154289 211564 190869 154289 158988 229078 214004 86505 71580 179261 214004 12554 211564 0 221187 195338 211564 136993 154289 211564 147865 19748 229078 25239 155337 211564 168624 154289 67181 171690 71580 171695 136993 103719 211564 190869 212746 0 211564 171695 0 103719 211564 147865 19748 14728 0 0 14728 0 102493 16352 178008 0 14728 0 211564 182302 154289 211564 190869 106711 214004 171165 147865 0 14728 93926 14728 214004 0 0 154289 211564 196938 171691 178008 0 37388 16352 155389 171690 26439 154289 107433 131082 103719 211564 147865 19748 211564 190869 106711 31473 211520 179272 211564 171691 14728 210928 154289 211564 52932 14728 171169 76313 154289 71589 161904 14728 87949 220707 28439 211670 230742 106711 197529 72582 79479 211564 90060 14728 0 154289 147863 212746 211564 190869 103719 158988 157787 211564 234783 94173 69931 19128 14397 72582 156266 14728 0 74898 154289 211564 76266 170203 14728 160641 220575 18923 5055 154289 211564 51091 211564 0 160641 154289 158988 50990 154289 211564 170203 14728 218938 99745 214004 26117 117085 179633 19128 211564 147865 19748 14728 211564 190869 211564 170203 106711 69054 37388 136992 154289 32895 99745 154289 211564 160641 14728 211564 171695 0 211564 170203 134939 26117 178868 81322 154346 155990 0 212564 179582 161104 37388 152082 124118 211454 218938 154289 211564 215203 136993 154289 211564 160641 103719 110125 195828 154289 211564 218938 99745 0 79479 211564 172826 211564 51091 0 211564 170203 214004 62992 211564 147865 19748 103719 97782 0 102493 195835 94173 0 103719 230742 211564 88542 154289 211564 76266 39485 26117 40720 157515 103719 0 232108 211564 0 154289 211564 51091 14728 14397 16792 214004 211564 0 106711 148513 99838 211564 190869 106711 152082 203720 214004 0 103719 40977 211564 154346 154289 211564 170203 26488 0 79479 16352 176960 211564 43156 155990 102493 94900 106711 220279 214004 163134 211564 81923 154289 211564 154346 154289 211564 170203 211564 199417 8892 19128 170203 213219 204070 213307 211520 170203 106711 69054 186152 106711 211564 40977 230711 211564 170203 37388 176960 154289 8056 81322 158988 155990 16352 157248 41747 106711 220279 214004 163134 97782 81923 178569 28439 211564 99745 221297 32895 211564 99745 161076 29406 14728 107266 177145 170203 0 107266 39485 26486 122624 73879 103719 211564 40977 154289 141962 29406 230742 106711 211564 197983 0 154289 211564 147865 19748 220575 211564 123283 80397 156149 2750 211564 182302 154289 0 49727 0 68599 136992 81322 67181 99710 94173 26631 105966 79479 211564 77879 213307 214004 73736 0 155337 29456 103719 40977 211834 106711 0 28439 211564 218938 99745 37977 211564 51091 171686 211520 211834 192273 26117 37977 94918 37388 211564 170497 139919 230742 106711 0 179661 214004 211564 147865 19748 211564 170497 139919 106711 45828 81322 211564 147865 19748 211564 76252 139927 14728 139927 154289 201354 17824 16914 81322 14100 211564 136992 154289 160641 99838 211564 152743 154289 76252 139927 14728 139927 154289 201354 230959 17824 136992 154289 190869 192273 152082 20119 16352 213307 0 155389 80217 154289 211564 152748 154289 76252 139927
0 158988 211564 0 158988 0 106937 160934 0 0 106711 145351 178661 167814 160934 103719 158988 107266 229078 80153 155337 3457 20929 2535 103719 120927 37388 145351 0 0 0 0 0 0 107266 106711 211564 154882 178661 160934 103719 158988 80153 66466 34867 183824 103719 104132 211564 0 143807 107433 156275 10196 211564 160900 154289 104132 214004 211564 149731 145351 201354 154289 158988 211564 136992 230959 178722 103719 104132 0 214004 79730 14397 104109 156296
0 0 0 0 32619 3457 152302 2612 103719 0 54164 106711 54165 79423 230959 166834 19128 58757 138961 79479 177506 36292 186043 103719 211564 21208 36489 0 201307 214004 166784 79419 232108 0 0 148448 97782 98760 97782 0 230243 13123 0 14728 0 0 103719 0 94900 201307 97782 170924 40279 230742 35272 97401 157787 0 0 19128 141815 214004 177506 36292 186043 103719 211564 21208 36489 212204 209622 94900 166834 152082 178186 103719 211564 2794 189821 94900 166799 68599 134340 0 94173 166799 79479 211564 54165 220575 147865 209622 14728 94173 13123 166799 20119 220575 14728 220575 124361 94900 166799 4421 134340 14728 189276 212475 87318 79479 12554 54165 235536 147865 209637 28439 2747 14728 2764 155337 134939 0 26434 136990 154289 211564 209622 79479 211564 219707 73262 2768 77549 103719 21205 14728 206238 230717 94900 155471 166799 103719 211564 122153 90017 134331 10255 167675 97782 58290 229078 155337 3244 134939 2768 103719 81153 134331 10255 0 103719 0 49570 0 79479 0 0 103719 211564 0 140065 15713 78054 134340 94900 166799 103719 211564 173941 183176 79479 211564 77272 232891 55327 2794
211564 37233 68252 211564 37233 68252 106711 2757 13837 172102 212505 143826 107266 229078 170882 37388 15920 0 45908 0 0 14728 0 14728 229078 62311 37388 71847 0 14728 0 0 211564 37233 68252 229078 178602 155337 108565 3051 2757 103719 151901 13835 211564 143826 177141 148702 180139 232108 4015 176356 155337 183086 214424 14728 3843 157515 154289 390 81322 137936 212204 143826 92143 218938 191233 211564 37233 68252 14728
147986 48339 211564 147986 48339 106711 178090 154289 211564 201354 154289 78746 107266 106711 130085 221873 154289 211564 29205 27362 78746 17827 154289 211564 230384 48339 14728 103929 47063 0 0 109056 52947 0 52947 0 52947 209463 52947 14728 0 52947 52926 212204 17827 154289 78746 106711 199016 0 232108 211564 58646 198989 55202 176795 214004 0 52947 232108 211564 127801 199016 70392 0 0 14728 198253 47063 52947 154423 50970 160800 154289 211564 208335 25844 0 17827 0 52947 106711 198253 50970 160800 154289 211564 204687 48339 211564 97888 154289 211564 147143 211564 147986 48339 87519 22689 214004 2629 19128 160800 154289 133265 39070 214004 20653 0 162859 214004 211564 150673 52947 17827 211564 147143 147986 48339 41718 155337 174293 14728 60212 211564 17827 170366 117085 19128 211564 29205 27362 154289 78746 200764 163800 213330 18923 200764 163800 213330 0 3144 2634 49742 8881 103719 212204 17827 17824 100585 77936 0 29834 229242 147986 0 14728 211564 125207 0 200273 17824 80147 103719 211564 181585 12974 211564 147986 48339 13123 63262 14728 0 215413 0 103719 17831 204070 19128 54733 181560 0 14728 0 200362 211564 0 106711 13123 98682 214004 231414 204070 19128 58666 231379 165471 0 0 0 0 0 197245 89263 31042 0 0 218610 14728 0 157251 103931 20119 122983 2428 70396 199473 211564 0 53201 61621 52926 14728 160840 52947 0 106711 160800 154289 133175 52947 107266 0 211834 17824 13123 5055 87754 53048 126612 232135 211949 52926
61734 0 61734 0 106711 0 189121 230717 74247 127236 20119 50113 60759 214004 95750 198159 53968 107266 39206 13123 103922 141117 164622 211564 74247 230959 63539 61734 0 17824 154423 38675 0 155990 0 230711 14397 74244 106711 19519 214004 127236 20119 50113 107266 106711 38675 14397 106118 61734 0 106118 93585 230711 198226 106711 30495 79479 53968 211520 103929 222475 50113 211564 74244 231473 127236 79479 73683 7973 211564 53968 212000 231473 217615 214004 171651 230733 211564 163529 106711 214004 0 155990 152082 198253 0 17824 222419 103719 62896 28439 49852 14728 162859 117085 19128 47117 122624 211949 134939 152082 106171 53968 105240 211564 74244 106711 19519 214004 77580 157515 104587 7973 163529 155990 49856 37388 127241 20119 211640 50113 211834 106711 199476 232812 222419 214004 60208 212204 219051 154289 106118 107266 106711 0 15713 222417 154289 61734 0 106711 38675 0 0 107266 93585 10196 0 34157 103719 214004 50113 149370 10196 211564 34131 103719 14397 74244 106711 154423 19519 214004 127236 20119 211564 0 50118 214004 217615 14728 77580 157515 99821 107266 93582
0 155389 0 155389 106711 14397 69153 145265 171059 81322 223551 34867 49374 211564 171059 143422 230072 117085 198357 106711 196600 211564 155471 136990 154289 211564 171059 106711 0 0 107266 201307 103719 67289 2638 230711 0 58417 211520 94900 229078 87591 214004 172855 198103 40279 94900 94173 178602 212475 11891 220575 0 155389 195421 186515 53193 196600 155337 96131 195440 211564 229494 13449
0 227627 108744 0 227627 108744 106711 14397 2754 13837 99371 143826 132560 154289 211564 75450 81322 32895 154289 211564 99371 143826 43769 212409 211564 143826 229078 89263 25670 143826 28439 211564 218938 0 107266 229078 54321 28439 108744 87519 214004 95647 211564 143826 106711 7973 0 0 181821 0 14728 108744 0 114251 0 0 0 202913 14728 115737 211564 209844 230959 126209 155990 0 214004 54321 161367 28439 108744 155990 0 107266 229155 221763 211520 0 26734 214004 217615 214004 115700 12554 154289 211564 209848 37164 108744 113984 0 221873 214004 97401 230742 131156 32895 154289 211670 15226 211699 0 39094 142028 0 106711 0 99821 96131 143469 61505 103719 230742 192713 155357 212409 61505 81322 39982 53572 122199 231473 0 108744 0 14728 133240 57857 0 78478 72220 81322 0 99511 14728 216817 214004 187740 0 14728 96131 81154 81322 0 107266 229155 221763 212000 148625 198218 142930 0 214004 113978 211670 0 197529 212000 87301 214004 211564 20102 81322 230717 231473 14728 133240 72221 81322 14728 217615 214004 77580 211564 0 211699 29406 0 119926 0 0 12554 211564 0 103719 211564 195500 230711 94900 229078 0 37388 0 211699 108744 38953 0 105890 211564 20102 14728 211699 229078 172946 214004 196600 37388 29406 37164 229078 0 103719 92692 230711 108744 229078 19557 94900 229078 65240 7973 190154 97782 143469 14728 211699 0 38953 12974 14728 0 97401 103719 211564 94901 211699 0 230204 214004 211564 186152 65228 19128 108744 229078 37164 211699 94900 0 14728 211699 211564 223525 212000 230243 65425 53573 105890 39065 54733 121016 122199 0 231473 0 0 114164 0 14728 43884 0 45908 0 230204 105890 37974 37164 0 229078 103719 0 232108 0 122199 108744 38953 105890 211564 37974 230742 94900 191644 155337 77761 211699 0 172477 0 105890 211564 176858 232891 81322 230243 0 14728 108744 26706 214004 77301 122199 212000 230243 172906 105890 211564 0 81322 211564 121016 14728 211699 108744 26706 214004 0 0 221763 94900 55657 108744 77630 14728 0 88365 211564 0 14728 26706 214004 0 108744 14728 211699 0 97782 74584 232108 97782 0 87053 10196 108744 115718 32895 0 14728 43884 0 14728 231473 126021 211564 0 208510 155337 77761 14728 41748 211564 39065 214004 74283 211520 229078 230711 108744 0 0 18288 154303 14728 230243 31024 105890 211564 121016 211699 231473 14728 0 230243 7973 214004 123001 221763 0 38953 22689 232108 108744 0 14728 229078 7973 214004 115700 211670 221763 108744 0 0 232108 97782 158183 0 0 211699 0 228772 214004 85439 180084 155337 0 230711 192713 62562 94900 92143 115718 96131 143469 192713 0 0 94901 20119 211564 70392 108744 76461 105890 211564 121016 221763 94900 182784 211564 149841 57919 232108 0 94901 14728 122199 0 0
0 0 0 0 32619 2004 154016 2585 106711 198989 10132 170924 0 94900 229078 32619 103719 0 94900 106711 103719 211564 0
175904 110092 0 57825 175904 110092 32619 191188 389 2576 229078 166162 103719 131069 122906 25235 140927 94900 0 79479 211564 142601 0 189841 0 99765 0 18190 0 149657 235368 234457 14728 186339 80460 85867 94900 229078 45828 214004 389 12554 201206 209637 14728 232553 78054 0 235488 21847 94900 26434 136990 154289 211564 25235 92751 154289 75314 103719 2807
0 0 0 0 32619 76226 2629 103719 0 0 106711 14397 21208 79423 94900 166834 232108 177506 36292 186043 19128 138961 103719 211564 21208 36489 94900 201307 103719 0 232108 97782 126587 48053 205775 0 2768 94900 230204 214004 0 0 37164 38953 22689 10196 77019 229829 97782 77879 170924 209622 229078 211564 189950 200504 154289 195956 21205 0 19128 195956 0 88365 151115 124803 79479 211564 2794 189821 94900 194796 51354 232108 177506 36292 186043 26870 14397 0 138961 94900 166799 220575 211564 149657 48279 180742 0 14728 0 0 19128 181060 58742 155337 110829 2943 2805 94900 166799 97782 390 134331 103719 211564 21208 36489 5632 154289 211670 94900 61448 79479 76135 177506 36292 186043 103719 2805 94900 166799 2004 134340 14728 211699 88365 14397 116932 104880
0 106429 0 106711 47071 103719 199054 106429 103719 211564 234772 2764 211834 230243 0 162859 126257 103719 211834
212304 24053 212304 106711 95140 137943 24053 81322 223551 34867 49374 39211
180742 0 180742 0 32619 2004 110897 2577 106711 79776 66558 79423 14728 152375 48275 154289 0 0 94900 166799 79479 0 0 0 0 0 200176 14728 76135 0 81322 2760 213219 2768 0 229078 196119 215791 79479 215265 0 103719 0 170030 122906 2768 94900 229078 196119 215791 79479 0 200176 2794 94900 26434 48275 154289 0 26439 211564 79776 215791 229078 62753 94900 166799 103719 211564 190724 154289 211564 2794 219707 73312 122906 37164 127491 10255 76135 0 195338 211564 26732 154289 211564 2794 189821 94900 106711 48275 79479 177506 36292 186043 94900 26434 196129 14728 208021 48275 14728 229078 179661 79479 211564 235536 59844 154289 76135 177506 36292 186043 21205 0 123526 85246 149657 235368 177506 36362 222374 177506 36292 0 0 14728 177506 36292 8220 0 85593 10196 211564 0 154289 0 201992 94900 26434 94901 48275 154289 211564 209622 232108 76135 177506 36292 186043 94900 176792 211564 183176 154289 4015 103719 211564 219707 73262 122906 2798 195338 20929 2804 94900 106711 48275 154289 211564 100537 209622 0 35930
60019 0 60019 0 110897 3144 2609 134939 1163 2798 229078 39216 170924 102041 98182 123266 231788 94900 166799 79479 189828 103719 211564 147865 98182 122906 150025 79479 211564 139975 231379 14728 149657 235368 175931 94900 229078 117085 79479 26870 14397 0 14728 79479 97782 164968 166784 212204 82723 97401 211564 150179 0 14728 211564 0 94900 229078 80147 58075 103719 97782 139967 16509 155337 134939 1163 2798 94900 229078 155471 3598 234783 154868
0 0 106711 93695 172640 24053 81322 0 50775 0 229078 79769 103719 2634 212000 94564 215366 232108 24133 204070 19128 196566 0 0 14728 0 212000 13123 166799 211564 130919 200905 20119 0 2764 12976 24133 204070 19128 0 0 0 0 0 63121 14728 211564 48270 206730 154289 64834
0 55888 0 55890 17824 196936 196833 37164 178180 43574 103719 211564 67320 156074 183176 211564 204687 14728 211564 0 154289 211564 67320 21952 211564 0 17824 49983 211564 43574 9997 211564 0 204821 75255 155337 160927 154289 211564 67320 212204 122879 214004 55890 154289 47770 155337 67320 20119 7973 2950 4624 234783 390 14728 4547 234783 212204 230964 77235 106711 202124 220575 8871 179442 222475 16900 134422 0 169877 211520 223816 103719 67615 0 0 14728 0 154289 211564 67320 156074 41748 47770 161520 155337 67320 195181 20031 211789 92143 26631 9558 103719 211564 2652 42593 37388 110351 0 108345 0 14728 157251 99838 211834 229078 20119 77879 151115 178629 57719 73683 211564 107195 229078 152082 191707 221763 58646 0 230243 207888 14728 159988 172270 103719 189121 103719 2598 67320 156074 106711 14397 0 211564 67615 106711 135993 154289 211564 59846 154289 212204 0 81322 0 211564 192463 154289 211564 67320 156074 223830 103719 213307 28439 148458 46886 14728 0 0 211564 15138 154289 211564 67320 0 0 223830 232108 179624 214004 211564 166521 154289 211564 67320 156074 230711 211564 0 104007 211564 204647 103719 32895 0 177140 142930 95086 14728 125097 81322 211564 204687 14728 231914 124118 0 230711 211564 0 58554 204647 177140 124118 204874 14728 231914 142930 211949 196833 0 223816 17824 183153 163222 212000 207868 7973 4624 234783 214004 193119 28439 0 154289 3051 14728 3244 14728 22689 10253 0 106711 211564 0 154289 211564 67320 21952 212204 0 143498 106711 65941 214004 211564 212990 79528 0 37388 211564 204687 14728 211564 142706 155337 211564 198035 67320 230742 94173 211564 192463 154289 14397 0 0 176333 211454 199728 211564 204687 14728 142706 0 183153 71598 214004 212204 68252 107433 163217 106711 7973 3457 234783 230711 211564 21952 167587 215447 211564 204687 155389 167682 95867 94173 89266 61617 28439 211564 189828 230753 211564 157248 94173 0 189828 211564 95867 211520 106711 103719 204636 20119 0 177145 144135 154289 211564 52334 104005 103719 197952 174954 37164 211520 186152 95867 103719 231897 20119 0 94173 48908 231897 211564 157248 95867 231473 94564 178574 228942 231897 14728 51638 204636 166541 156080 211564 204687 79273 0 157755 156082 211520 0 88732 157787 213307 0 0 103719 9079 211564 156075 0 107435 0 103719 199163 170482 19128 179758 154289 105465 232108 110991 14728 187515 212204 0 211564 163217 154289 211564 0 154289 211564 0 81322 3340 214004 2950 234783 211564 103912 154289 67320 156074 0 221873 14728 64834 178573 214004 107433 170173 156074 232108 55888 94594 163217 154289 7973 5969 234783 0 61448 152082 203355 212204 212475 143813 212204 143813 106711 117085 19128 0 154289 211564 67759 155990 166532 0 179445 152109 212204 65359 14728 13123 211520 211564 156074 143821 178573 214004 211564 156082 154289 211564 157248 166541 211564 0 166521 211564 166521 211520 179272 211564 15252 141773 154289 211564 197952 206730 106711 16982 211564 156075 166521 154289 110991 211564 103912 154289 211564 67320 156074 94173 390 234772 55888 178573 214004 211564 0 166521 212204 106711 225177 195181 214004 211564 390 234772 67615 163217 212204 390 55888 47951 134340 211564 390 161515 154289 102041 10371 107266 94173 26631 171319 211520 62716 154289 66541 14728 157248 58269 74102 103719 211564 166521 230742 10009 211564 67320 47770 211564 67320 143821 212564 212204 166521 18574 108565 14728 110829 230711 211834 106711 14397 104005 103719 174905 0 14728 0 0 48004 203355 154289 211564 15830 102041 52013 222475 158284 0 103719 11019 35785 216193 103719 211564 102041 50307 211520 211564 0 179655 63685 103719 211564 102041 0 229078 65412 37388 151938 95867 0 19128 171319 37388 211564 0 101429 212204 106711 14397 9080 0 154289 211564 0 101429 37388 178574 149657 138108 107266 106711 152082 50986 232108 211564 103912 211800 154289 211564 390 55888
0 0 0 0 32619 154016 2611 103719 0 77670 106711 170924 77700 102041 98182 42473 211520 55486 166834 103719 211564 0 98182 122906 79479 211564 0 0 0 13123 166799 103719 211564 150025 79479 189821 232108 211564 44926 30351 94900 229078 65013 37388 211564 30351 232108 211564 0 165184 103719 211564 2757 150025 65012
0 200213 65385 0 106711 139780 200213 65385 132527 37388 211564 48431 49856 107266 229078 105966 103719 108586 103719 2610 107266 26434 211564 154354 65385 154289 211564 2631 204636 155161
0 0 17824 168604 66338 81322 0 199229 211564 24053 50990 154289 211564 35259 110392 14728 57825 0 230959 195400 0 198924 0 132560 84853 103931 181955 0 14728 0 211640 77879 11886 0 94173 197964 157787 1 51761 214004 57718 211640 122215 11886 0 58065 0 197964 142930 211454 2730 51761 155337 107433 77879 57919 154289 178601 211640 145265 94173 130085 211670 155389 154289 211564 143422 204029 181955 90031 103719 199278 97888 110392 0 211564 235494 35254 229078 32619 103719 2600 94900 166834 90854 79479 0 57825 0 211564 154879 35254 229078 32619 103719 2598 94900 106711 211564 195421 14728 13123 166834 198218 90854 212000 17824 35259 32619 103719 0 211564 35259 89529 221873 126002 214004 204070 24133 19128 127460 0 127460 0 14728 0 155337 211640 217054 232108 211640 160489 81322 0 214004 0 0 230717 211640 160489 230243 81322 19128 212000 89529 221873 110392 14728 57825 20580 49066 79479 198218 213307 26694 58423 211520 107266 229078 152082 181060 79479 211670 10196 0 211640 203344 212000 232851 79479 74910 132531 39982 160927 79479 211564 49856 189830 107266 229078 103719 211520 74910 230717 212000 26706 50028 211640 67278 198390 14728 212000 26706 214004 166784 103719 126587 25055 10196 166817 198357 79479 211564 0 20119 0 145265 0 0 229078 86509 177394 58113
0 0 106711 225963 14728 47117 160552 103719 0 63100 72588 70687 103719 2747 211834 230243 0 162859 126257 103719 0
0 0 106711 225963 14728 47117 160552 103719 0 72588 70687 103719 2747 211834 230243 0 162859 126257 103719 0
0 34581 0 34581 106711 215473 155337 211564 0 181722 103719 230338 235378 70687
0 0 106711 215473 103719 198989 235378 70687 103719 2747 211834 230243 0 162859 126257 103719 0
0 0 106711 215473 14728 47117 160552 103719 151901 151778 70687 103719 2747 211834 230243 0 162859 126257 103719 0
0 0 106711 215473 14728 47117 160552 103719 151901 151778 70687 103719 2747 0 162859 126212 103719 0
0 0 106711 225963 14728 47117 160552 103719 72588 70687 103719 2747 211834 230243 0 162859 126257 103719 0
0 0 106711 215473 14728 47117 160552 103719 0 70687 103719 2747 211834 230243 389 162859 126257 103719 0
0 0 0 106711 225963 14728 47117 160552 103719 0 63100 0 70687 103719 2747 211834 230243 0 162859 126257 103719 0
0 0 106711 215473 14728 47117 160552 103719 0 70687 103719 2747 211834 230243 2729 162859 126257 103719 0
0 0 106711 215473 14728 47117 160552 103719 0 70687 7973 199052 154289 211564 0 215473 154289 0 103719 2747 211834 230243 709 162859 126257 103719 0
0 0 106711 215473 155337 211564 0 181722 103719 205506 70687 107266 106711 211564 191703 154289 211564 2353 152282 211564 25670 154289 0
0 0 106711 215473 14728 47117 160552 103719 67390 205632 70687 103719 2747 211834 230243 2428 162859 126257 103719 0
0 0 106711 215473 14728 47117 160552 103719 67390 205632 70687 103719 2747 211834 230243 3051 162859 126257 103719 0
0 0 106711 215473 14728 47117 160552 103719 67390 205632 70687 103719 2747 211834 230243 709 162859 126257 103719 0
109070 0 109070 114083 109052 0 32619 152302 3340 2557 103719 166252 162681 106711 14397 13837 79776 37088 14728 79776 170203 154289 0 52265 94900 106711 28289 117085 79479 26870 106172 103719 211564 0 188109 0 229078 220066 51536 154289 144639 76252 0 43821 211520 178562 214004 0 77557 49016 14728 94900 106711 55486 191572 3244 80175 170647 191043 20119 211564 76252 0 105269 103719 0 49289 211564 205332 53054 154289 211564 221179 201367 95035 18018 103719 211564 16792 154289 211564 40977 155337 132800 2794 155337 110897 3244 2794 211564 205332 53054 0 160800 154289 0 0 14728 191033 211564 40977 22689 214004 211564 127801 53054 79479 82092 0 103719 2805 211564 221179 201367 59841 154289 111072 185390 211520 212000 92143 176792 58113 232108 0 211520 179761 103719 389 234783 26870 55657 81322 97782 191043 94900 39206 26117 178602 198252 103719 0
43873 0 43873 110812 0 191188 2286 110897 3843 2373 229078 211564 131807 230959 19705 211564 2943 170203 154289 211564 221179 201367 108345 83589 0 193860 83589 218863 103719 211564 22689 26439 94900 212409 211520 87389 92143 49606 97401 214004 115700 211564 170203 0 193860 83589 10196 26870 15226 232108 97401 7973 152082 177146 53743 79479 83589 225597 103719 2369 10196 94900 233215 199547 7973 83589 37164 149622 130085 211564 199547 0 229078 32619 103719 0 102978 94900 229078 0 233178 14728 122682 94900 229078 80147 90804 103719 53054 154289 122624 94900 229078 73982 37388 93356 103719 229121
0 0 106711 211564 39768 215473 154289 0 201354 103719 104132
0 0 106711 225963 14728 47117 160552 103719 0 70687 103719 2747 211834 230243 0 162859 126257 103719 0 211834 106711 0 215463 148449
0 0 106711 215473 14728 47117 160552 103719 205506 70687 103719 2747 211834 230243 2950 162859 126257 103719 0
0 0 106711 215473 148448 211564 0 181722 103719 0 70687
0 0 106711 215473 14728 47117 160552 103719 198989 235378 70687 103719 2747 211834 230243 2004 162859 126257 103719 0
132406 132406 106711 215473 103719 0 70687 211834 106711 13123 211564 196938 191708 154289 132406 0 214004 211564 151901 211564 215473 106711 205514 37388 167377 154289 201607 97371 232135 211564 0 223381 107266 94173 168624 154289 7973 5831
151901 0 151901 0 106711 215473 103719 151901 151778 70687 103719 2747 211834 230243 709 162859 126257 103719 151901 0
0 0 106711 215473 14728 47117 160552 103719 0 63100 151778 70687 103719 2747 211834 230243 1573 162859 126257 103719 0
0 0 106711 215473 148448 211564 0 181722 103719 0 70687 132953 211524 229078 32619 96237 14728 106715 149817 230204 214004 188807 96237 0 106711 75359 79479 107433 0
0 0 106711 225963 14728 47117 160552 103719 0 70687 211564 160552 51211 211564 93036 154289 0 103719 2747 211834 230243 0 162859 126257 103719 0
0 0 106711 225963 14728 47117 160552 103719 67924 55232 70687 103719 2747 211834 230243 0 162859 126257 103719 0
0 151901 235378 0 106711 225963 14728 47117 160552 103719 151901 235378 70687 103719 2747 211834 230243 0 162859 126257 103719 0
0 0 106711 225963 14728 47117 160552 103719 67924 55232 70687 103719 2747 211834 230243 0 162859 126257 103719 0
0 0 106711 225963 14728 47117 160552 148448 211564 0 143583 103719 55232 70687 103719 2747 211834 230243 0 162859 126257 103719 0
0 0 0 0 106711 225963 14728 47117 160552 103719 67924 55232 70687 103719 2747 211834 230243 0 162859 126257 103719 0 0
200764 0 200764 0 106711 215473 155337 211564 0 181722 103719 52212 70687 107266 106711 148448 14397 17827 154289 88950 0 230717 121947 173982 154289 45210 47512 17824 170882 211564 63100 106711 81807 154289 0 47512 0 14728 121947 0 154289 229190 134372 211564 67924 171059 94173 26631 36156 155337 211564 195797 154289 79776 45210 47512 0
0 0 106711 225963 14728 47117 160552 103719 67924 55232 70687 103719 2747 211834 230243 0 162859 126257 103719 0
0 0 106711 225963 14728 47117 160552 103719 67924 55232 70687 103719 2747 211834 230243 0 162859 126257 103719 0
0 0 106711 225963 14728 47117 160552 103719 0 72588 70687 103719 2747 211834 230243 0 162859 126257 103719 0
0 0 106711 225963 14728 47117 160552 103719 0 72588 70687 103719 2747 211834 230243 4377 162859 126257 103719 0 0 94173 46303 38675 200764 133786 46303 0
0 0 106711 14397 17827 154289 175384 230717 12554 211564 48004 14728 169803 17824 202992 157515 103719 127053 125542 155990 24053 0 39206 26117 0 155990 0 212000 17824 41748 37388 61619 103719 210306 230711 190178 155337 229667 174905 211564 127053 147633 192463 106711 38675 0 203208 0 103719 217345 55922 17824 55572 14728 134939 73569 199910 18574 211564 42473 154289 211564 55922 217345 55922 0 103922 175361 0 14728 212704 230711 212204 103929 14397 0 14728 211564 74558 212000 131133 100672 155990 217345 202524 211564 195912 154289 0 18574 217345 55922 95767 214004 135993 211564 55922 105441 0 211520 79730 148448 14728 10727 154289 48905 0 39206 26117 0 125575 230742 39206 170881 214954 211564 192463 154289 0 125674 232108 48905 0 39206 26117 43566 37388 143689 211564 143689 30851 211564 231727 230742 39206 211699 79730 127786 25017 109398 24133 154289 212704 39206 79730 230711 189674 0 14728 121387 0 136322 102493 70888 141514 106711 170173 198253 189674 0 0 230742 17824 10727 154289 48905 81351 39206 97028 211564 126616 154289 211564 48905 81351 107435 0 103719 14397 74492 55922 39206 41747 121947 14141 154289 175361 155990 197429 26813 74492 55923 0 39206 79730 0 154289 121947 228942 31446 154289 229254 204070 19128 211564 89263 121029 102493 211564 11019 106711 48905 70888 211949 0 39206 41747 95140 0 0 10727 154289 228935 0 0 14728 228935 0 94564 126136 0 143498 212000 210412 214004 26117 231107 14728 0 103719 147986 103719 14397 20403 232108 180765 127786 124353 141514 14728 225136 231678 192719 147633 0 0 79730 211949 17824 117085 19128 0 125575 14728 17824 222563 103719 211564 55922 228935 190004 10727 154289 203165 48905 0 19830 232108 74492 55923 231122 175361 24133 39206 79730 26813 48905 0 230742 222563 94564 142930 0 14728 124118 0 169803 103719 48908 55923 196936 24133 154289 95140 197429 39206 153872 232108 231151 154289 214004 211949 24133 17824 125674 232108 17831 154289 0 155990 237307 154289 202958 210306 51397 211564 55572 11019 78817 81322 74492 55923 34770 48905 11019 8816 211564 178574 228935 89263 121029 39206 122855 214004 147633 121016 68252 197429 24133 211949 39206 34765 95140 0 0 0 74091 155337 211564 67973 154289 217345 55923 14728 167572 215448 211564 55922 42473 154289 127786 170245 0 232135 217345 55923 148622 141514 14728 127786 124353 168465 154289 51638 11019 24133 126612 214004 81322 55922 42473 143805 0 212000 39206 41747 95140 175409 14728 0 154289 231678 19128 230072 19128 214954 198218 0 143805 47953 214004 211564 42473 79789 189955 155990 157561 0 232135 105430 100673 199910 0 17824 204070 25291 160800 154289 217345 55922 211520 103719 143422 217345 55922 0 222417 154289 211564 187401 0 209736 106711 211564 130919 138108 222419 214004 60530 217345 55922 134918 205640 231727 222475 212204 138108 211564 17827 154289 199910 0 14728 61617 103719 210306 28439 211564 74558 14728 0 106711 222419 214004 72707 211564 134918 205640 231678 14728 42521 170245 0 0 39206 79730 160217 143689 155337 211640 0 194518 212204 106711 65941 214004 123182 229466 0 37388 97371 111067 0 154289 211564 47990 79760 211640 0 106711 151827 214004 16505 230711 0 148448 0 237307 85439 47948 214004 201607 143689 127786 25017 109398 202886 79797 160217 214004 14728 111067 26694 211564 143681 180908 212204 0 64834 211564 0 0 111067 26694 211564 143681 25017 102493 70888 141514 106711 170173 189674 0 14728 121387 0 0 39206 79730 0 0 189674 0 81351 0 125575 39206 26486 203165 70888 214004 97028 211564 126616 154289 14397 16959 48905 81351 37388 73572 211564 67958 154289 153881 55487 39206 41747 0 24133 65941 214004 95086 61619 230717 212000 136322 0 154289 106965 0 39206 79730 230711 127786 124353 231727 136322 0 154289 211564 106956 67973 154393 38615 212204 94173 26631 152109 103719 211564 228337 154289 48905 0
0 211564 0 85222 79479 0 232548 122906 106711 211564 97151 124353 154289 232548 197631 103719 21205 211564 143422 204029 209622 229078 0 0 231205 232108 930 0 103719 211564 122153 234783 205775 0 229078 211564 28289 48053 103719 21205 231857 12554 0 81322 2754 155337 232548 79419 229078 166799 103719 21205 8901 26694 211564 189950 232891 228806 103719 2519 211564 77879 43448 229078 156301 37388 211564 0 0 21208 120686 197631 221131 232108 209637 81322 211564 225715 17827 37164 10196 211564 153862 154289 21205 37388 148259 85246 107266 229078 0 212204 51319 213219 211564 70392 154289 211564 2572 103719 2584 0 0 231205 229078 155389 154289 211564 77879 232548 197631 48072 103719 0 103719 2593 211564 77879 232548 43448 10196 211564 228806 229078 156301 37388 211564 225715 79419 221131 2604 211564 77879 172750 232548 197631 48053 221131 0 81322 221982 21205 229078 80153 103719 2609 211564 0 156301 211564 43448 79479 211564 77879 213307 8901 0 209637 17824 166817 103719 63279 13123 211564 152743 154289 166801 104006 81322 1 2768 214004 18574 2004 1 195338 2750 211564 21208 43438 166834 103719 211564 219707 232548 55327 156151 37388 2772 179765 211564 125993 154289 43447 0
138926 111010 211564 138926 111010 106711 211564 189950 85010 0 103719 211564 111010 107266 26706 0 139506 234783 10531 14728 70414 20119 0 139506 234783 10531 103719 211564 138926 111010 0 26706 214004 200049 16505 107266 26706 214004 191132 105890 0 14728 87873 14728 211564 20368 153881 79769 0 8881 47950 211564 0 153881 0 237304 155337 211564 48339 154289 230384 151901 13835 51320 214004 53703 211564 14685 182037 143689 66466 212204 213307 133144 125014 103931 0 14728 0 0 0 13227 49742 17824 177706 103719 63228 219051 154289 0 77879 16801 0 26434 49742 20119 212204 213307 211564 214756 133144 169849 211564 0 89529 214004 211564 195912 154289 115721 230614 14728 121956 0 0 149657 219063 154289 62102 73737 155337 121387 0 229078 14397 67289 0 80147 103719 70687 103719 211564 138908 42593 211564 71211 103719 230742 0 126212 229078 0 14728 155678 232663 0 0 14728 0 13123 126212 103719 212204 71211 211564 0 0 0 232108 211564 62102 37164 212000 230243 155471 0 151471 89529 121956 211454 0 155389 90017 154289 0 211564 0 230243 26489 176157 14728 73592 26434 74432 20119 211564 70392 154289 212204 0 211564 0 230243 202124 49742 212407 103719 212204 0 217501 131770 73737 81322 90017 154289 0 0 230243 64051 103719 211564 138926 111010 157248 166611 204070 19128 0 0 14728 0 230243 13123 49742 211949 17824 211564 216423 230742 211564 121947 96196 20193
125993 154289 21208 232548 79419 209637 212204 106711 125993 154289 21208 232548 79419 209637 19128 212000 166784 103719 211564 2798 189821 103719 211564 77879 14728 189950 63276 211564 4523 213219 5523 63276 106711 156301 37388 211564 126587 79419 19835 154289 211564 76252 201367
48053 60153 0 211564 48053 60153 0 211564 0 48053 198253 13123 199612 48053 60153 0 155990 48053 60153 0 229078 0 90017 230959 74301 222475 65568 130939 0 214004 85439 53717 102295 107266 229078 8871 81322 7973 2293 214004 2300 198218 154289 211564 143422 103563 126049 14728 105405 162859 103719 160548 230243 136992 212000 103931 64978 107984 0 0 0 43873 0 225575 100245 0 58065 0 0 58065 0 0 0 14728 12200 0 0 142530 0 230243 95534 20119 211564 0 58065 0 20119 211520 213307 0 0 155337 211564 0 185459 0 233215 7973 211564 48053 103719 14397 18923 38675 211564 122843 48053 60153 0 172270 103719 211564 0 60153 0 0 103719 76226 2296 230753 94900 106711 154423 185390 214004 94564 201307 211564 48053 103719 211564 18923 94900 187959 94900 229078 20582 211640 0 79479 211564 77879 213307 211520 73572 211564 90017 65314 221873 103719 17159 47978 212000 0 48725 14728 9054 0 0 0 0 0 204246 156012 110744 37222 14728 0 107266 229078 212025 89315 140781 125207 108290 64978 0 233215 32268 103719 2296 7973 211564 0 14728 211564 65564 207931 74240 154289 211564 48053 211564 0 158779 32268 229078 38675 0 14728 137278 102989 172102 203344 0 233215 211520 230753 211564 65564 61448 86505 162859 102295 107266 174293 10000 211640 163540 212000 76498 212000 52784 155471 53703 230753 220575 211564 104549 154289 211564 65564
0 0 45749 0 103719 192565 140000 106711 198103 165079 50034 107266 106711 155389 154289 97782 28289 165301 107266 229078 50024 103719 2273 14728 229078 172270 37388 110791 0 10196 212407 73569 212407 45749 19519 97401 152082 214004 63539 197529 211564 203208 154289 211564 165298 106711 103719 0 79730 198218 19618 154289 212204 165298 17824 195181 214004 26665 0 198323 211564 155694 0 106711 0 0 107266 43574 214004 0 79479 211564 218938 25055 10196 211564 189998 211564 0 79479 143422 154289 211564 189998 106711 0 0 77548 10196 211564 189998 107266 43574 214004 0 211564 165298 155337 192565 131069 0 45771
143679 0 230338 235378 143679 0 106711 225963 148448 92724 103719 230338 235378 70687 143679 0 94173 46303
197048 0 122593 198357 197048 106711 198357 37388 39216 195421 0 122593 211564 198357 229078 233190 37388 122593 232108 134866 133651 14728 0 107266 229078 170882 37388 133651 14728 0 197048 229078 178602 155337 17007 709 2798 214004 21179 174983 201403 107266 229078 211564 189950 195440 81322 122593 80217 11886 87953 0 122593 19519 96131 75450 103719 218929 230638 211564 149841 195440 81322 87953 0 193890 26117 192713 19519 211670 214004 45741 28439 172900 14728 197048 122593 50550 211520 197048 229078 214004 26117 211564 189950 195440 81322 211564 11886 122593 96483 228772 172900 214004 26117 178602 211564 195421 177394 120417 0 15599 211520 197048 231473 26117 191033 157515 214004 167795 174983 103719 17007 107266 233011 26117 191033 157515 214004 222374 39211 149657 236481 19469 14728 211564 219891 18574 212204 213307 122593 169014 164809 154289 211564 191644 154289 96131 145265 225626 212204 229078 155337 17007 2950 2798 122593 231473 163134 211564 198357 155337 211564 85222 193919 0 59549 0 155337 110897 2798 198954
0 0 229078 14397 156275 191644 221873 103719 2544 214004 51701 211564 73314 49792 160885 107266 229078 8901 14397 156275 230742 0 211564 49792 160934 103719 211564 222526 214004 51429 211564 157248 49792 160885 103719 73312
64755 56424 195058 64755 56424 195058 32619 132800 2611 103719 0 34076 106711 34079 79419 166800 230959 106711 166817 79479 177506 36292 186043 103719 21205 19128 58742 2760 94900 230204 81322 34076 214004 107144 230717 94900 201307 166817 79479 0 0 0 14728 198502 26434 155389 154289 211564 28289 58743 103719 211564 122906 10196 80175 234783 232108 212204 48053 94900 230204 155389 214004 14397 0 214756 48053 0 210000 21731 26439 97782 154868 48053 229078 178611 214004 211564 189950 122906 232108 210000 21731 94900 26434 55327 231849 14728 43438 103719 2794 212000 13123 166799 103719 211564 219707 43447 122906 2794 10196 0 177506 36292 186043 103719 211564 166784 154303 183176 94900 166799 103719 211564 43447 122906 90017 200905 37164 103719 58381 2794 94900 194796 232108 177506 36292 186043 0 134331 94900 229078 104875 22925 197529 94900 140475 211564 230964 189950 160800 154289 211564 2794 189821
34079 168885 34079 168885 106711 61178 154289 211564 168885 121660 107266 106711 61621 70888 81322 211564 61178 154289 168879 211520 199417 154289 155389 63743 152082 67382 220704 199417 154289 211564 157248 107266 94173 2429 139506 199419 6440 154289 211564 168885 199419
222546 211564 222546 13123 38675 0 155990 0 229078 54165 174866 210936 14728 148259 143813 107266 229078 70629 103719 210936 8881 26694 232891 228806 102710 220575 211564 171478 154289 75775 107326 14728 148259 85246 211564 222546 183827 160800 154289 235667 10196 235667 229078 153867 37388 107326 14728 85246 20119 211564 70392 154289 232891 228806 102710 211564 222546 230243 58708 14728 74209 37388 211564 0 0 54165 167818 0 0 229078 193860 155337 154016 2496 14728 61505 142521 122199 12191 115967 154289 235667 0 183361 61425 103719 108565 2497 14728 130085 12554 167814 160885 102950 0 0 123266 211564 52932 79479 225715 94900 14728 91293 0 79776 0 125000 49240 72617 51182 232108 156296 154289 0 167814 0 211949 218938 90031 10589 214004 51701 211640 167814 8881 79479 0 81807 104105 79479 129707 14728 54164 211834 14728 211699 0 189986 137914 232108 211564 122864 154289 0 105679 0 180206 156296 0 107520 0 58473 70581 154289 235667 14728 130085 10591 232108 97401 214004 0 10255 211564 0 201354 65941 214004 211949 46921 211564 53054 79479 211564 170187 154289 211564 201354 103719 27014 191044 0 14728 0 214004 58165 155337 2004 110829 2497 211564 0 201307 0 205281 79479 211640 41747 14098 211564 54165 0 103719 73312 151901 13835 14728 198989 13835 211564 222546 156296 229078 196936 103719 152748 14728 229078 156301 103719 139389 161520 212000 80124 0 0 37388 135976 154289 210931 211564 182671 154289 211564 222546 102336 230243 103719 211564 54165 147877 154289 211564 150677 42593 211564 222546 0 206730 229078 0 25239 155337 211564 215716 172750 54165 147877 154289 0 0 7973 107266 0 0 15713 226569 154289 54165 102320 211520 229078 47951 213013 214004 211564 41566 46303 14728 211564 224079 14728 229078 123146 37388 14397 73789 0 0 26434 211564 0 0 214004 211564 0 0 14728 97782 79276 0 211564 97138 8602 154289 230384 41566 54165 55202 230753 191299 55202 229078 59877 19128 156382 14728 0 0 174865 229078 82092 81839 0 37388 0 0 0 220575 211564 0 227357 0 97782 32268 229078 216040 105890 54165 103719 2539 37388 0 178070 19128 155389 154289 211564 0 154289 97782 222546 14728 97782 104109 201354 154289 54164 20119 211564 186152 213307 211564 222546 32694 81322 215716 54165 147877 211564 147865 154289 97928 211564 0 154289 145384 14728 73569 81322 211564 171008 154289 211564 54165 0 160934 211564 222546 10974 20119 14397 0 172750 54164 14728 187834 211564 191305 211520 126212 103719 54164 14728 32797 14728 96537 19128 211640 29231 0 12974 211520 125542 222546 139927 139318 0 0 0 14728 0 0 58473 103719 134939 2535 211520 211564 87305 154289 211564 149657 222546 167770 229078 14397 0 47544 54164 212000 13123 172263 15599 211564 202781 155337 110829 3051 2535 214004 8599 211640 87305 230742 0 211564 0 178661 229035 212164 145387 26486 41566 212164 145387 123001 211564 52932 14728 212164 145387 61497 211564 222546 0 211564 191305 230959 230243 156725 45965 212000 230243 0 215447 211564 0 145354 47232 211520 211564 145354 230243 8901 72911 0 211520 51515 214004 106927 66466 211564 157360 0 153862 154289 32797 211564 201354 73569 51515 79776 145225 103719 0 79479 222417 19128 143391 211564 25291 170579 154289 211564 143813 230243 120942 157515 37388 0 103719 97782 2497 0 170579 154289 211564 222546 143813 211564 222546 170756 232108 211564 148259 102336 229078 211520 211564 0 17824 0 14728 230243 50970 0 37388 148259 201090 222546 102336 212746 53704 211800 7973 0 156417 154289 211564 0 103719 156149 214004 175429 211640 201104 155337 211564 0 120673 20119 0 0 215793 74876 103719 100542 0 210937 215788 222546 0 103719 31955 14728 103719 0 8881 211564 222546 172946 211520 117081 214004 103291 222417 40764 157515 7973 92692 0 154289 0 154359 155990 170723 47120 212000 40720 157515 64940 31990 154289 215797 103931 211564 0 74348 14728 157248 172247 208853 66466 211564 77879 80175 234783 154289 211640 74093 212204 41748 211564 0 88542 214004 0 214004 211564 122906 154289 147905 14728 79521 100542 214004 47948 64834 0 0 222546 215793 39065 105679 169353 203220 14728 62570 211520 0 140556 229078 0 167757 0 231473 122855 214004 211564 0 19708 37388 0 103719 2512 211564 222546 177141 211564 143422 81949 81322 145384 230959 13123 205273 212204 90017 232108 14397 107293 94961 211520 43566 126616 230713 235667 131824 214004 215658 107266 64834 39165 79479 215793 210937 14728 0 230243 191644 221873 103719 107326 0 20119 0 14728 0 14397 18339 0 229078 20569 103719 2512 230711 211564 222546 18339 37388 211564 107304 20569 214004 106035 235667 37388 54371 211564 9496 189674 103719 0 212204 229078 221675 37164 107433 120587 154289 204024 170740 229078 105297 103719 211564 58449 214004 0 115967 12191 154289 235667 218938 20571 230243 130085 211564 122153 155389 229078 204029 12191 229078 144995 20119 0 155337 154016 2513 12974 232108 211564 80931 79587 139919 127628 0 103719 211564 228337 154289 211564 19708 145384 0 211564 222546 14728 211564 90017 230204 58661 220635 211564 195467 120587 154289 18339 171478 0 214004 211564 0 115967 14728 211564 84653 0 154289 190039 0 230711 107266 229078 230072 211520 155389 20568 92143 13090 26631 130085 155337 12191 125014 17824 0 0 214004 0 0 7857 94900 92143 16786 26631 7906 214004 0 97138 154354 103719 211564 0 84653 211564 0 154289 167757 154289 0 0 229078 203866 178868 81322 154346 211564 0 229078 0 0 0 36263 230959 92143 13090 115718 218938 136992 154289 211564 36263 160641 103719 0 97782 0 230243 18675 14728 191044 214004 125014 103632 0 229078 50368 214004 58165 37388 80413 37164 131824 214004 72220 235667 35272 43821 10255 100542 14728 107326 26694 211564 122906 154289 147905 103719 152302 2513 154337 73683 211520 107326 14728 100542 92143 155696 0 10255 96131 199082 211564 122906 154289 147905 61448 152082 62599 211564 107293 51030 10255 211564 147865 199082 154289 235667 0 107326 177977 214004 0 0 14728 0 214004 68769 80413 155990 235667 14728 100542 0 211564 0 154289 211564 43821 10196 211564 19708 211564 222546 8881 230243 170352 49975 89263 152743 154289 222546 230243 41718 14728 18675 103719 107326 85246 14728 100542 107326 0 132560 0 214004 211564 0 39065 230717 132560 61505 0 0 222546 39065 229078 0 37388 100537 167757 230959 18675 198218 154289 211670 222546 81322 85246 72221 214004 206238 80413 14728 70687 231130 0 20119 211564 19708 154289 12191 14728 0 123146 214004 211564 77879 105688 68289 214004 49450 210935 195338 211564 200764 163800 171549 154289 2439 211564 107195 229078 207888 221873 37388 211564 122906 154289 147905 230742 161104 211564 51485 155337 211564 170355 14728 172630 154289 210935 103719 2521 10196 132800 2521 230711 107326 14728 235667 194796 81155 216372 132560 222546 103719 107326 230243 0 214004 235667 85246 14728 107326 106036 235667 155337 17007 2535 155337 17007 389 211564 143422 190942 98682 0 0 0 214683 51429 154289 211564 167757 103719 0 14728 103719 174983 34926 211520 57919 170816 211564 79760 154289 211564 104109 201354 154289 54164 0 0 0 0 0 107196 201361 211520 57919 38703 155337 12554 0 214004 0 232108 211564 149657 21270 135979 0 14728 191779 100521 222546 123266 211640 39165 103719 107326 79479 0 230717 0 191644 221873 97782 88542 155337 2004 17007 94900 0 97443 211564 213769 154289 0 230742 229078 71667 214004 0 155990 0 103719 70703 0 104109 201354 154289 54164 0 210930 154289 54164 0 14728 32797 73879 160927 154289 211564 56927 48339 14728 106965 230742 230243 0 214004 211564 107304 58065 74895 51429 157787 212204 210930 223822 79479 211564 131082 154289 211564 228806 19128 211564 0 89529 142930 204029 230753 211564 85242 14728 107304 104009 0 62307 51429 157787 17831 154289 211640 105554 12554 230959 155878 14728 212466 211564 222546 230243 0 103719 67289 2535 109486 14728 191305 230243 156151 214004 123001 42817 17831 154289 0 0 77879 137914 232108 9418 97928 155337 110897 2535 139318 0 211699 139919 103719 0 88542 172263 170816 211564 226298 174857 167770 154289 211564 201354 155337 3051 110829 2535 0 0 155389 154289 211564 44997 154289 211564 189969 167757 201307 36146 50221 39165 103719 211564 204636 154289 211564 186152 234772 222546 8881 103719 225967 8816 211564 0 13081 123146 214004 211564 107304 14728 211564 85242 0 0 19128 67289 19128 110829 389 2535 0 84653 68070 0 227357 0 179231 211564 79278 214004 211564 85222 97138 49603 211564 0 59977 0 0 0 179229 214004 0 200698 95465 0 57719 76226 2004 2538 201356 211520 107293 217320 103719 211564 77235 92143 49925 210921 47233 232108 211640 222546 12695 14728 92143 0 81322 211564 201304 232108 0 221187 155736 103719 211564 199016 17831 211520 212000 51436 97928 216810 214004 0 211520 145384 193890 94564 97782 79528 232840 232108 211564 222546 37164 190942 107293 49613 204070 19128 84653 133172 0 102620 204070 156158 211564 222546 0 174806 122672 0 10196 212397 154289 148259 85246 211949 122672 230243 10974 10255 109486 182369 14728 191305 230959 230243 0 58473 70579 154289 211564 54165 162859 191305 109486 182369 14728 15961 0 14728 0 103931 49795 230243 0 103719 50221 39165 211564 121959 154289 230742 229078 211564 0 49983 230717 132560 230243 115718 37388 222546 139390 211564 73795 152743 154289 225571 106711 152082 117085 211564 152743 154289 144995 109486 106711 75090 178629 18574 4015 109486 230243 115718 66466 232891 228806 102710 155337 0 210930 0 0 182369 152744 18574 4546 77021 10196 211564 228806 154289 211564 152743 154289 191305 230959 61505 72709 210412 214004 223922 28439 3844 14728 5970 211564 97888 0 103719 211564 197654 76252 179339 154289 235667 47017 5970 19128 211564 215203 152743 154289 225571 20119 0 8412 214004 211564 195226 0 42473 0 211564 70382 154289 211564 98581 0 210937 115718 5056 191305 74209 3341 14728 79521 3341 214004 51514 214004 41569 212000 144995 212423 154289 109486 14728 0 211564 0 137032 17827 55486 94918 37388 0 0 113984 125993 154289 5456 147158 154289 0 225571 211520 229078 83940 37388 88542 154359 103719 27014 103719 2577 211564 170365 94901 154289 211564 137032 17827 0 0 72708 20119 122983 0 58075 20119 0 211564 27014 145225 154289 211564 98581 0 125993 154289 157787 6238 147158 154289 0 225571 107266 229078 170366 94918 37388 139278 0 230959 205282 211564 47227 154289 215203 154289 5970 225571 211564 55485 9357 154289 211564 145225 94173 82092 74170 211564 125993 214004 103922 30117 157787 6385 147158 66466 211564 2573 216646 154289 9418 0 12191 0 189975 154289 211564 109478 49799 103719 0 0 7973 211564 216368 154289 109486 103719 235667 66466 211564 228806 12191 0 0 103925 72709 154289 195875 100521 154289 212420 115718 103719 211564 0 50221 39065 66466 232891 228806 102710 223845 85222 139389 49613 84087 61621 77334 79479 211564 152743 154289 191305 109486 14728 157251 115718 155337 211564 210930 154289 211564 104109 201354 154289 54164 212000 0 77334 154289 4547 191305 12191 0 4209 191305 0 0 28439 3844 68070 0 227357 0 142930 211454 154289 139506 191305 96314 0 103719 2539 5538 221763 132800 2540 71999 0 5970 0 211564 77879 90017 154289 39165 229078 79769 103719 211564 200343 154289 2535 211949 103925 211949 195875 39165 230243 47950 37388 154016 2538 211564 0 49983 229078 36156 28439 20929 2535 14728 76226 2538 211564 77879 218938 39165 0 14728 0 230243 47950 103719 152302 2535 211564 212475 149700 39165 51319 214004 81912 221763 211564 70392 154289 211564 228806 211834 230243 13123 157248 39165 103719 152748 154289 170651 211564 222546 95534 211564 168939 211520 67411 0 19128 206417 154289 191299 147877 214004 211670 229078 211640 89268 70581 211564 222546 149622 177296 211564 74093 154289 0 162859 155337 211564 210928 154289 54164 155990 32797 212000 177296 155471 0 154289 211564 67411 75119 212000 13123 38675 0 145354 0 154289 211564 106937 75119 122308 230742 212000 228772 214004 79519 214004 51514 214004 45960 37164 212000 92143 203169 72911 0 154289 191305 198218 79776 170450 143430 0 214683 160800 103719 211564 0 211696 0 0 229078 0 0 81322 211564 0 141852 230959 110117 211564 0 18445 155337 76226 2538 103719 0 134096 154289 0 191305 154289 211564 148449 225967 103931 5056 45105 0 26434 44991 90478 154289 0 50221 39065 230717 94900 229078 150178 0 0 37388 211564 39065 104931 94900 229078 93349 79479 97782 228806 53973 103719 97782 0 0 79479 211564 0 154289 211564 228806 211564 224079 114443 221873 81807 62247 178569 232108 211564 0 201354 0 0 14397 20800 232108 107433 159955 0 103719 211564 39768 0 211564 0 229078 0 155337 211564 68289 154289 178661 0 214004 182381 41569 10196 211564 189950 232891 228806 229078 157787 211564 222546 230959 92143 131824 214004 72220 81322 0 210930 103931 0 230243 0 214004 198989 13835 107266 106711 231111 63685 211520 212204 229078 64211 212564 176288 125575 155732 37388 136992 154289 211564 156296 230959 230243 41566 170450 14728 92143 170366 190032 168944 20119 211564 224079 136992 154289 211564 0 49066 154289 186339 0 103719 182460 230243 0 106172 103719 212204 0 0 0 0 14728 0 0 211564 222546 178070 92143 191033 121947 14141 154289 87646 211520 107266 92143 0 81322 191299 14728 109478 171272 158186 66466 0 105890 206211 24273 154289 215203 154289 4209 139506 206211 0 7973 1574 139506 229078 190414 37388 34867 217320 99838 211564 178724 2730 139506 37911 4872 139506 63935 176792 211564 224079 0 74091 211520 107266 106711 202124 26870 114443 103719 211564 224079 24247 212204 229078 179231 37388 211564 13837 105410 10356 0 103719 154016 2543 212204 107195 106711 211564 211681 154289 177149 47394 8856 122677 10255 211564 224079 24247 14728 157251 9418 0 216646 232160 12191 0 0 7973 211564 182381 41566 46303 0 211520 213307 220933 211834 230243 151115 171526 54164 229078 58800 41566 201354 152082 73569 211564 41566 46303 103719 0 185390 155389 232812 10255 211564 0 14728 0 154289 211564 109486 0 14728 48111 233215 103719 211640 32268 211564 71088 78054 42589 154289 189969 224079 0 211564 17581 154289 0 0 0 0 171677 41566 205281 214004 211564 170723 148259 88542 154289 0 0 116951 181060 81322 211564 201304 7973 211564 0 14728 0 154289 191305 109486 14728 0 14728 229078 155389 154289 211564 0 154289 211564 68286 214004 95750 148259 14728 54165 53986 214004 72220 214004 198989 13835 10196 211564 189950 232891 228806 17581 0 13123 185390 212204 155337 3598 132800 2535 103719 152106 154289 235667 67289 20571 214004 0 0 14728 191305 12554 103719 12554 0 14728 191305 17824 154289 218938 232914 0 14728 0 149622 231473 212000 26117 7906 214004 85439 214176 221297 37388 140120 154289 87389 211564 0 67411 0 106711 211564 89268 55515 103719 73312 12927 89266 211454 0 96237 211834 106711 151115 142842 151115 170579 151115 217599 151115 111072 151115 0 20119 211564 70392 154289 228806 222546 51319 77305 79479 193790 230753 10196 211564 79734 205499 154289 85222 18445 90017 155337 134939 2541 14728 132560 177964 20569 214004 72220 214004 21205 0 99838 232108 211564 95750 154289 19831 14098 211564 0 131824 214004 72220 14728 97028 103719 21205 14728 182460 122199 0 214004 17937 211564 178724 222546 230204 220635 155990 78426 214004 198989 13835 14728 52931 204070 19128 39211 21178 85246 232108 211564 19818 154289 182381 41566 46304 14728 211640 0 205284 198218 154289 211670 0 103719 211640 54593 10255 235667 232108 211564 58707 154289 211564 104109 201354 154289 54164 211564 143813 42137 214004 74091 0 157787 211564 75039 214004 72616 54165 201354 13123 0 211564 205558 222546 0 0 79769 211564 54165 124691 143813 230742 65330 191779 154289 211564 79776 201354 122868 0 0 80153 177904 54165 124691 143813 14728 229078 107433 122864 0 0 95751 79730 14397 156296 38675 211564 54165 147865 179557 0 0 0 212204 26434 211564 143422 226298 154289 211564 222546 156298 230742 230243 32619 10196 211564 0 0 49606 211564 156296 79479 218852 234783 81322 97782 177962 103719 199229 97782 156296 229078 95135 106172 103719 0 20569 144991 0 0 210936 31990 14728 157248 226298 53973 10196 97782 58165 97782 0 155337 211564 156296 0 168992 198841 157515 53978 156296 213056 232108 120370 0 0 211564 171709 106415 14728 211564 54165 130284 103719 186339 162170 0 229078 24289 103719 85246 79479 210936 8881 14728 155732 103719 211564 222374 14728 39211 28439 123369 0 81923 14728 0 220745 107433 122868 216810 214004 63007 211564 156296 81322 211564 8892 154289 211564 197529 0 69229 211520 0 105688 78548 14728 191538 170647 191045 79479 0 0 0 174960 147879 102336 211520 0 155471 0 81322 222546 102336 211564 0 143422 199506 210936 8856 229078 0 0 78541 0 155337 191188 389 2598 212204 210936 8856 229078 0 37388 0 0 211699 211564 122864 154289 211564 13837 33829 154289 0 94900 14728 80175 157248 54165 210937 40720 157515 211564 0 0 13123 166598 31955 20119 88865 42521 201394 103719 149657 235368 47071 14397 20568 214004 0 211564 31955 70414 103719 30582 230742 115718 155389 167757 154351 14728 104875 212475 157251 12554 154289 211564 210937 205500 14728 0 229078 191044 214004 125014 103719 170647 211564 157248 80175 210937 230243 191044 214004 223845 127053 0 0 0 0 193860 0 0 148448 36042 11073 17937 155337 17007 7090 2565 0 229078 104875 14728 122199 61505 15713 222546 210936 156296 211564 54165 180206 42311 35481 0 59841 31978 211564 0 172275 99710 103719 0 155337 121016 0 85246 155337 20929 2428 2608 211564 90017 230742 47233 214004 26117 25239 103719 160548 222419 155389 0 154289 206211 133240 0 212000 212466 214004 222417 218938 142930 115795 211564 79278 229817 102493 211564 77852 172270 0 0
0 121660 0 155990 0 106711 0 121660 115916 154289 196538 121660 107266 106711 200087 103719 211564 167795 178090 154289 0 214106 211564 121660 106711 209242 103719 198218 201354 188829 195338 2760 107266 94173 26631 171476 103719 167675 19128 178092 121660 107266 106711 211564 155471 121660 103719 167675 232108 212204 201447 211564 201447 229078 86509 37388 14397 8830 154289 167795 160641 155337 108565 2760
0 0 171209 0 106711 47071 103719 167675 107266 106711 103719 211564 198989 154289 167675 103719 211564 97873 178090 38675 0 155337 0 181560 103719 0 227098 148448 0 107266 177141 47071 181071 103719 0 103719 2764 103719 0 126212 0 162859 211564 55485 135016 106711 0 0
0 0 106711 211564 102279 211520 211564 186152 164968 122672 154289 214106 94564 13394 155732 107266 229078 211564 0 154289 108345 0 2172 85014 32268 211800 154289 211564 67320 232108 0 14728 103028 103719 212204 232840 0 171319 211520 211564 41751 8842 155337 211564 232891 214106 13123 8834 103719 211564 161173 212204 135976 211520 211564 182022 154289 211564 67320 230243 79769 37388 170802 230742 229614 39206 190122 155736 214106 211949 170802 212407 225177 196833 0 130085 211564 232891 230638 107266 106711 214106 211564 102279 106711 160800 154289 231122 164526 38675 211564 164526 154289 0 211564 210766 0 229078 106067 37388 231512 0 103719 2278 214004 60208 0 25291 102279 212204 102279 106711 211564 80149 154289 141226 85014 0 102295 230243 0 37388 110079 0 103719 2202 103719 103028 154289 211564 0 211800 154289 211564 67320 14728 37388 43873 0 103719 97782 170579 154289 85014 2265 214004 2272 211564 164852 211564 170173 106711 211564 114734 214004 211564 161173 106711 0 143422 75359 174572 0 103719 85014 106711 155878 37388 0 211564 102279 211520 131069 43574 103719 211564 67320 207868 166386 212564 204123 14728 226298 73589
221982 0 121660 221982 0 221982 0 106711 230338 196538 121660 200087 37388 211564 0 162859 103719 85246 211564 121660 106711 200087 103719 211564 171690 154289 221982 0 214106 212204 171690 106711 160800 154289 187908 211834 17824 18574 4546 199419 154289 221982 0 126257 103719 187908 221982 0 106711 140007 121660 103719 85246 8412 214004 211564 73314 43977 79479 178092 155990 140007 121661
185459 0 185459 0 0 0 0 13123 117085 19128 185459 0 116983 154289 211564 0 155990 195275 116983 154289 211564 0 106711 108588 132067 191406 233190 14728 103024 37388 0 0 14728 0 103719 229826 0 110853 81322 2614 214004 2629 14728 9021 105890 14397 15356 218757 191406 37388 0 15346 81322 2614 214004 2620 211564 202561 79280 78054 0 229029 38675 211564 185468 155990 116983 230959 77301 229657 185009 0 147145 0 211564 60300 154289 230742 0 81322 211564 223845 0 211564 43769 94564 9432 19128 211640 0 90492 206433 211949 185468 94564 206270 214004 58737 211564 0 154289 211564 89307 87416 20274 103719 96131 25670 10255 211564 157248 0 87470 230959 228767 214004 0 67320
0 17827 176834 216122 21271 211564 0 17827 176834 216122 21271 0 106711 103719 176834 162681 0 94173 5305 37030 103931 1795 0 55485 78440 0 229078 64173 214004 211564 176834 0 40279 209758 42473 155337 141900 930 15713 155389 154289 211564 0 37030 229078 64173 214004 211564 0 40279 209758 42473 0 155337 204740 930
0 0 58065 0 106711 144846 103719 211564 0 154289 211564 0 0 103719 41391 199229 107266 106711 195834 155337 211564 123266 154289 211564 0 181560 211564 97888 154289 0 58065 0 106711 58796 37388 212475 170563 74909 107433 0 214004 211564 47071 154289 24625 107433 26870 14397 17827 154289 161080 81322 211564 39768 154289 41391 14728 211564 170170 154289 211564 0 181560 107433 147143 106711 154289 182381 156417 0 14728 211564 77879 233190 177817 214004 211564 47071 57724 81322 0 8948 13227 211564 47071 229078 103993 105890 24625 210930 103719 211564 0 42593
155678 189821 155678 189821 106711 2768 15343 62307 143826 14728 106711 211564 189950 143826 103719 211564 155678 189821 143826 191406 62311 37388 134615 0 14728 214109 0 14728 170882 37388 116228 0 14728 134615 0 211564 143826 229078 178602 155337 191188 3244 2768 14728 177141 140760 180139 81322 0 111067 125207 211564 77879 143826 103719 211564 143826 32256 227325 19128 211564 28289 131807 20119 69500 110008 0 14728 86430 108439 0 229776 99838 211564 0 17824 79521 214004 87301 155337 14397 9578 230711 143979 0 48647 38990 85463 39954 37388 31305 14728 0 85075 0 14728 26870 79521 214004 26486 64030 163748 37388 211564 163955 122864 0 0 0 69500 106711 103719 127722 232108 86430 14728 106711 212124 154289 85468 133505 37164 103719 14397 8341 69500 85864 149657 0 17824 0 32256 14728 211564 157251 0 69500 221873 37388 94594 174752 77301 143979 0 77589 63755 0 215773 211520 97782 170365 158186 123266 26813 14728 79280 107266 69500 190195 143979 0 26870 207931 21857 37388 97782 154868 158186 31305 14728 0 211564 0 58416 214004 131133 179433 20568 214004 187740 97401 32256 86430 0 35964 0 14728 0 12554 110116 103719 135979 211564 0 163955 136322 211834 106711 0 215531 0 14728 97782 0 99687 49853 181827 218938 41629 155389 147145 201148 231007 49853 106711 0 0 41348 147145 182180 14728 199016 63755 147145 0 231007 49853 106711 97782 86369 0 211564 0 77580 0 144135 214004 69500 0 230959 63743 152082 228767 214004 133524 86430 212000 80748 97401 81322 97782 43145 37164 8343 123001 97401 203315 155337 14397 0 12974 232108 35964 211564 158186 65425 211564 0 176790 211564 163748 39065 232108 143979 0 14728 35964 35964 95767 0 72220 14728 35964 216817 214004 80748 0 81322 97782 193640 0 135979 0 14728 0 179984 14728 74260 212000 80147 0 14728 35964 20119 163748 39065 230742 212000 72221 81322 32256 14728 211564 157251 191644 39065 20119 100355 39065 211564 0 176790 211564 163748 39065 37164 211564 163955 14728 211640 158186 94564 13090 123266 37164 176891 211520 212000 94564 87879 214004 163748 0 222942 200258 79479 163955 69500 77589 0 14728 35964 14728 87519 214004 163748 0 214004 187740 97782 81154 211564 0 176790 163748 0 14728 217615 214004 0 103719 37388 0 211696 19128 163955 232108 86430 19128 56927 14728 0 19128 0 32256 20571 214004 0 103719 19128 41348 37164 85463 211564 102279 214004 26117 0 69500 13123 0 97443 19128 32256 76506 100355 158185 86430 14728 0 228468 18574 163748 0 127241 79479 143979 0 37164 211640 53187 106711 31024 14728 17824 115495 37388 0 14728 211564 157248 163955 211834 106711 25670 28439 211564 0 14728 211564 163955 232108 211564 163748 0 190039 79100 155337 0 211564 0 69500 187758 86430 14728 8343 166408 0 154289 193640 0 155337 97443 0 73592 0 211564 178858 14728 0 12554 211564 193640 0 37164 63743 152082 176889 211520 69500 172946 12554 211564 193640 0 155337 97401 0 205557 37164 211564 74306 41748 97401 214004 127464 97782 92485 14728 26486 23539 211564 163955 14728 211564 0 191706 211640 61619 14728 58416 214004 26486 81154 69500 77548 0 97782 217501 76314 79479 86430 14728 212000 85439 133505 66466 145265 152743 103719 211564 143826 70444 69500 75263 154303 211564 67958 10253 14728 97782 157248 0 75263 154303 10253 198480 15599 211564 191231 103719 191188 2767 14728 60375 211564 77879 77482 0 6560 139506 14728 554 139506 157685 211564 221179 201367 198480 76498 28409 232108 155678 189821 26870 163140 155337 66621 212746 131180 62307 191231 198480 165273 61734 170203 185390 211520 211564 203345 231473 113978 155678 189821 52635 127786 37388 0 0 187401 74875 103719 104132 14728 149657 138343 155678 189821 88365 140760 214004 21611 180139 81322 54116 54100 20119 66621 0 47230 155678 189821 106711 151115 47400 148834 229078 211564 156418 37164 107266 0 44295 49519 79479 45105 154289 12554 10371 211564 15346 14728 0 134939 152082 0 221873 10255 0 231007 63743 37164 211564 0 154341 198250 211520 0 143835 84677 64144 154868 40849 0 14728 194737 0 103719 211564 0 154289 36119 0 155337 108565 3530 2772 155678 189821 229078 178602 155337 66621 14728 31033 211564 77482 177141 62307 191231 155678 189821 155337 154016 2950 2794
0 0 155990 0 81322 106711 0 212204 106711 199447 206417 211520 106711 233190 157787 198218 124221 214004 193919 211520 212000 17824 171210 61632 198218 157248 147158 79479 211564 0 17824 0 0 0 14728 0 94335 211564 0 106711 222419 103719 23893 196538 14728 0 121661 214004 193919 211520 124206 106711 171210 61632 211454 151816 198253 211564 0 106711 65201 157787 124206 214004 193919 211520 107266 222419 214004 26117 171210 61632 222563 211564 0 193961 211564 0 127246 125207 14397 222027 0 107266 127246 127496 125207 211564 0 206417 37164 106711 142930 167575 20119 211564 32967 107266 106711 13123 222419 19128 206417 103719 134422
182180 201287 182180 201287 2474 2747 229078 14397 105410 154351 66466 232891 228806 102710 37088 8871 103719 49799 156298 14728 149657 235368 47071 99752 9363 122199 103719 125014 94900 26434 233178 79479 211564 149657 235368 213330 155389 154289 97782 32309 229078 38675 211564 126257 70392
17718 67784 17718 67784 106711 211564 189121 211520 203344 211564 67784 154289 211564 17718 211564 17718 106711 12554 121387 14728 229254 151901 154289 211564 17718 46871 5791 4082 212204 17827 106711 225177 48905 14728 94173 126136 175361 103719 211564 231897 211834 106711 12927 151115 204821 211564 90050 189821 230711 75628 39206 90046 54304 106711 225177 193790 211564 17718 0 17824 0 0 79636 14728 0 132560 154289 211564 67817 103719 211564 17718 17824 0 14728 39206 26117 67382 60446 211949 67817 17824 26870 100694 37388 86941 228948 211564 17718 71211 103929 32895 121387 14728 229254 218938 103563 160927 154289 212204 71211 17824 189674 102041 14728 0 189674 102041 106711 102041 211520 0 103719 211564 153881 107266 106711 130085 154289 81438 0 107266 106711 103563 26439 15337 126209 14728 196600 155337 211564 102041 72448 103719 231897 189674 102041 122163 12554 234772 14728 149622 0 49975 211834 106711 124118 102041 66466 211564 204636 211454 66466 211564 231897 127528 154289 121387 103719 211564 17718 106711 81438 12554 234772 127053 0 106711 0 122715 154289 197874 211520 94173 26631 81438 79479 218938 155990 142930 234783 211564 62372 155337 214756 154289 211564 0 106711 38675 211564 8871 122715 212204 62372 0 66466 211564 204636 14728 106711 103563 79479 166611 214004 90046 103719 211564 17718 178090 211834 106711 124118 79382 211564 12297 106711 67461 37388 196936 105106 211949 105106 17824 67461 37388 166564 211949 17824 67461 37388 196936 77911 211949 17824 67461 37388 29205 77911 152375 211949 17824 67461 37388 189744 189744 17824 20119 122153 67461 37388 167682 26238
136053 136053 106711 136038 60758 79479 63844 198250 107266 103929 211564 102279 154289 214704 14728 129789 37164 106711 222419 79479 231122 175921 154289 153643 170802 14728 102295 0 93203 21933 230243 155389 154289 211564 77879 214704 222419 37388 132270 195254 141226 136054 233011 26117 182682 0 155990 0 211564 105679 49495 70673 106711 129782 79479 218548 154608 105890 143498 49996 73831 233011 26117 50118 14728 211564 229697 211564 210766 106711 222419 37388 74404 19128 138009 212746 211564 42290 136045 154289 0 14728 149817 106711 229494 154289 0 14728 74266 166532 0 103719 211564 197952 206730 57609 147963 190516 106711 97782 171319 136053 19128 214004 99821 73727 214683 166386 103719 212204 190997 136053 103719 189121 155990 209758 106711 14397 74268 154289 99821 198250 232878 155990 139097 232840
204931 33355 0 204931 33355 0 155990 204931 33355 4208 229078 204931 33355 83155 28439 211564 23897 176528 14728 211564 149657 235368 85867 103719 211564 147865 79419 122906 149885 43438 79479 211564 2731 178180 189821 211564 176528 232553 10255 211564 85867 4158 211564 83155 229078 166799 155337 108565 3598 2747 20119 211564 176630 108345 200857 103719 208335 78746 211564 231648 84087 211564 176528 211640 77879 204931 33355 213769 14728 211564 47071 154289 23897 211640 189950 213769 103719 3843 234783 23897 0 176597 124462 229078 147145 211564 83155 143422 223463 166800 145657
39905 126647 39905 126647 106711 211564 147143 154289 114734 155337 50113 114739 230711 235471 170227 212204 114734 124221 211520 235471 219051 231473 26117 39768 124221 125207 212204 7610 105240 154289 0 7610 211564 39905 126647 114734 106711 222563 7978 211564 193119 114734 14728 27236 211564 0 114734 155337 211564 123266 194518 154289 211564 114739 99838 198218 162859 169936 107266 214004 26117 103719 157248 126619 211564 229494 211564 39905 126647 114734 232878 106711 211520 155357 235471 170227 107266 125097 134939 49502 155337 155990 235471 134939 85439 137831 155337 211564 189422 212204 124201 235471 117071 211520 211285 211520 235471 219051 231473 26117 103719 0 124221 230711 235471 170227 211564 114734 10253 211564 125097 218565 154303 155990 15713 137831 134939 16796 187951 211520 39905 126647 94173 26631 218540 154303 14728 211285 235471 219051 231473 26117 22689 214004 0 124221 198218 114745 14728 0 94564 114734 38675 193119 126647 107266 106711 127496 125207 211564 39905 126647 114734 103719 211520 124221 235471 219051 231473 26117 103719 0 105240 154289 0 37164 193119 126647 13123 63743 198250 69626 230711 107266 106711 155337 114772 230742 94564 218938 206433 155337 211670 204070 19128 211564 152743 114772 103719 211564 214756 183289 231473 170590 211564 206417 155337 214756 105240 154289 211564 206417 155337 211564 32967 79479 73831 170237 211564 114734 232108 211564 152743 155337 107266 231473 170590 211564 0 133240 105240 154289 211564 152743 211564 39905 126647 114734 63743 152082 63539 212204 107266 155471 10009 211564 124206 114772 162859 230959 219051 127496 204070 19128 212397 230959 222417 0 222417 211564 193119 114734 105240 154289 211564 39905 126647 155990 193119 126647 114772 221297 212000 94564 214004 219051 132560 39768 124221 103719 183289 37164 211834 106711 13123 0 216771 235471 39206 63539 232108 211564 39905 126647 14728 193119 114772 230711 39905 126647 106711 155337 235471 39206 98445 211564 193119 114734 230753 0 14728 230638 235471 219051 231473 26117 103719 0 124221 105240 154289 39786 212204 39206 26117 64211 155337 198218 50118 204070 19128 212397 183958 138865 231721 50118 152082 12554 50118 94564 39905 126647 114734 198218 154289 212397 211520 64144 94564 26631 130085 79479 211564 155389 0 162942 45081 171008
158779 221873 14728 158779 64834 114772 211564 158779 221873 14728 158779 64834 114772 17824 218938 50113 114772 211520 235471 170227 214004 68769 0 221873 155990 0 64834 155337 63687 211564 158779 221873 14728 158779 64834 0 63007 198253 223830 59868 155337 230742 63687 235471 17824 176834 102493 211564 158779 221873 154289 158779 64834 114734 106711 170230 214176 232108 211564 193119 114734 107266 231473 0 12554 211564 211285 211564 158779 221873 14728 158779 64834 114772 17824 198253 38675 0 155990 0 14728 212000 17824 126612 155337 211564 181060 154289 211564 114739 232108 158779 221873 155337 214756 14728 158779 64834 155337 211564 32967
0 126647 0 126647 106711 211564 147143 154289 114734 155337 50113 114739 211520 229078 135977 214004 126647 12554 0 138121 211564 0 126647 114734 106711 176163 222419 14728 155471 38953 7973 26439 211564 156418 101962 161839 114739 92143 107266 107266 229078 205291 214004 43564 99821 211564 18730 114772 232840 79479 73831 230711 211564 0 126647 141194 229078 218540 155337 211564 18730 114772 233011 0 211564 51268 154289 211285 231716 105240 154289 143844 211564 0 214106 211564 114734 63745 63539 16368 103719 143422 171021 14728 19128 179758 132560 114745 214106 72448 212397 155337 0 63539 152082 94564 211564 0 126647 114734
156266 0 156266 0 135976 211520 14397 156266 106711 215978 81322 211564 31473 154289 155389 163529 214004 211520 154289 15713 163529 212204 106711 64211 37388 170800 38675 0 211564 173945 154289 125014 154289 211564 163529 230959 177145 211564 156266 106711 103644 214004 223845 58904 211564 0 106711 211564 163529 171687 211564 156266 214004 211564 177214 230959 177145 211564 156266 212564 205422 38675 0 156330 211520 39206 26117 0 17824 211564 95049 115502 126228 128531 0 0 196141 14728 0 213706 103922 32099 0 0 95049 223482 14728 224369 232920 211564 115502 17824 211564 143422 49749 0 156330 79274 47951 37388 211564 126228 14728 211699 211564 95049 211564 0 32099 14728 145196 17824 211564 143422 49749 0 213706 107266 106711 103563 79479 162859 214004 26117 21848 211520 0 14397 156266 155990 213705 43574 211564 125014 154289 76472 100355 26870 211564 77235 154289 136194 38675 0 136194 94173 130085 189129 9561 214004 90046 155990 53703 156330 155990 213706 81322 201754 42335 202124 211834 106711 89263 59335 79479 156330 106429 106711 211564 155471 52932 0 0 190634 155389 154289 211640 115502 79479 161769 211834 106711 151115 228298 125993
0 97197 211564 0 97197 106711 181722 211520 50790 45210 14728 158988 107266 183969 212564 211564 0 175921 107266 106711 7973 0 116867 127053 14728 183969 81322 0 103719 45210 214004 0 0 103719 158988 26439 107266 183969 212564 211564 143689 107266 106711 13123 168604 215375 20658
19708 154289 110079 114326 110079 114326 229078 211564 0 170203 154289 211564 221179 201367 94900 229078 19705 144995 103719 0 166850 56904 211275 155337 81089 152302 3051 2576 212204 93582 230753 94900 229078 216273 103719 170205 0 232108 97782 231238 0 211564 88549 154289 211275 110079 0 14728 211564 88549 231238 0 19128 211564 39982 65538 105890 0 166850 193876 230243 77789 114326 229078 193860 155357 103719 211564 212522 14728 155357 103719 211564 94901 107266 93582 20119 930 42521 201081 213307 2195 222610 211564 0 65538 214004 0 137032 99511 21857 20119 0 114326 229078 171210 58075 123182 94153 157186 229078 211564 130919 0 103719 211564 144991 94900 229078 18675 155337 211564 186152 57919 79479 211564 144991 154289 167759 0 94900 229078 43818 232108 32895 145001 122199 211520 150392 157186 59644 193743 16364 157186 229078 193860 37388 107892 183620 218938 57957 122199 155337 152302 3244 212204 229078 230711 157186 229078 26870 143807 81322 211564 167757 201394 214004 108149 94900 61505 103719 0 99511 211564 73582 123266 122156 0 155337 132560 232920 19128 232108 161960 93663 26694 107266 14728 709 10196 107266 19535 230717 230243 235471 230711 235471 95035 7973 170203 114326 19708 233011 26486 49742 214785 154289 62603 14397 106118 105890 230638 93582 229078 64211 37388 211564 229011 49712 103719 2576 107266 214683 389 142532 211564 49712 58417 211520 157186 229078 211564 155471 163529 106172 14728 94900 92143 77789 212475 193876 81322 211564 231716 154289 0 155337 211564 52153 154289 0 166850 151115 155389 69626 229078 106172 211564 131807 230959 144995 157186 107892 183620 229078 13123 185390 214004 94564 8834 12973 143422 162859 20119 211564 213307 27026 212204 229078 217501 99838 157248 13207 211789 19128 214004 230638 52784 94564 93582 94564 60716 0 81322 2581 214004 2757 80147 211520 19128 132560 19128 6385 162993 154289 13847 94564 205606 211520 211834 229078 167073 155990 53187 15713 106118 229078 64211 37388 211564 221179 201367 99710 190510 49727 155337 0 0 103719 2602 212000 80147 211520 170203 110079 114326 229078 170740 115718 19128 179758 154289 51030 189969 167073 211564 0 80147 32895 211564 156418 76130 106118 14728 211564 229011 49712 179229 214004 94564 29205 140533 212000 10586 232108 211564 49712 211520 157186 77789 12554 211564 193876 37164 212000 187916 211520 211834 230243 20119 122983 80175 193876 77789 212000 13123 187916 211520 107266 229078 225177 125217 211520 218938 0 77789 20119 211564 170203 151115 0 155990 90031 106172 103719 211564 51030 230243 167575 157515 37388 211564 49727 212000 185390 211520 211564 46518 211564 199089 221131 156301 53968 14728 191779 157248 90031 230243 152082 106172 211564 19708 106711 202124 211564 203720 154289 127496 154289 58203 211834 17824 127496 154289 51030 211789 198218 179445 94564 204278 211520 157186 229078 152082 211564 193740 157251 94564 204278 211520 94900 0 232108 157251 214004 115700 211564 170203 143422 154289 211949 211789 0 53978 90031 211564 139389 49983 211564 88542 154289 54926 211564 0 155990 211564 46518 0 110092 85064 37033 14728 186063 0 17824 14098 212397 8472 211520 0 32813 186063 0 229078 179661 106711 205282 37388 211564 8420 154289 97782 35254 14728 149107 155471 155389 163529 229078 73595 172946 155337 216646 47512 192663 37164 94900 229078 80147 152082 90804 198218 94564 13123 18006 211520 211564 0 230243 77789 197529 174293 211834 145387 94564 26631 142930 211454 155389 0 193743 20119 211564 170203 212204 52784 26117 205282 37388 211564 74885 211520 143422 232162 185390 211520 211564 189950 14728 212164 193876 230243 77789 47953 214176 198218 27025 211520 211564 36321 52784 152082 94564 97900 114326 103719 211564 166386 212000 97900 97401 102493 212000 92143 176896 26631 77789 81322 211564 0 132560 154289 211564 232853 20119 0 99511 179231 211520 121947 168833 154289 211564 22689 154289 211564 170203 94901 16801 214004 94564 26631 31024 157515 212204 134939 204277 211520 94900 92143 26631 97900 81322 211564 81351
178912 3340 211564 178912 3340 106711 14397 21373 170882 37388 178912 107266 179185 211564 178912 2729 103719 2610 14728 230243 179185 37388 211564 178912 0 103719 2631
0 0 155990 0 0 0 106711 152743 154289 224341 65425 103719 211564 186152 62317 155337 154354 37084 0 39206 26117 222419 214004 216118 225177 103563 163529 0 222563 167814 77329 204070 0 106711 222563 8386 37388 167757 40768 14728 157248 171478 212204 106711 214004 131133 205386 211564 162859 103719 211564 0 17824 185176 79479 105223 0 79479 170207 154423 94564 80175 214004 195875 18429 40768 232108 167757 0 14728 40768 87591 103719 81351 14728 26813 59868 155337 211564 195912 154289 211564 0 14728 230959 107266 106711 40764 202926 134939 26117 49975 30861 154303 197529 151115 69626 39206 222417 211670 212204 106711 49742 79479 211564 190039 154289 94968 154289 201354 155990 88542 0 39206 26117 222419 19128 171526 14728 59499 121947 156280 90017 154289 224341 231473 216266 37160 183242 20119 225177 196833 199553 212000 63539 212204 214004 59134 41747 215726 0 212204 106711 154423 103719 178566 214004 171513 90031 211520 94564 8323 214004 132560 121947 224341 204070 19128 0 14728 75628 81955 0 106711 90017 154289 0 79278 0 103719 0 154289 40768
63667 232141 32505 63667 232141 32505 155990 0 0 0 0 106711 151431 0 105688 136179 0 156296 53704 37388 63667 14728 110437 103719 80413 103719 2592 0 86516 69934 10871 214004 162859 10000 37388 229035 0 75351 147963 62447 14728 131807 62447 155990 17831 230717 211834 106711 151115 95014 40275 21499 107266 171686 212204 95750 214004 12554 162859 178009 154289 211640 174806 178656 155990 167814 27022 103719 2640 63667 232141 32505 229078 21843 211564 151137 161904 170706
0 81351 14397 0 81351 106711 229667 161515 212000 34765 48905 229667 14728 123001 48905 229667 93585 230711 48905 81351 110124 232108 228935 81351 79479 73831 102493 211564 228935 81351 106711 13090 211834 14728 211564 48905 81351 49534 12974 211564 48905 81351 106711 95132 211454 211564 228935 81351 197529 231473 172900 107266 221873 211564 228935 81351 0 157787 211564 48905 155389 230711 211564 48905 81351 41454 221873 214004 211564 228935 81351 211564 228935 11019 106711 172906 221873 105890 211564 11019 212204 106711 14397 0 81351 47990 14728 175361 79730 12974 211564 0 81351 221763 210307 26486 71580 19128 211564 48905 14728 228935 11019 140757
0 0 64978 0 0 2383 2597 229078 14397 104135 164512 94900 229078 75359 79479 97782 232840 155337 0 178656 0 67411 14728 230384 164526 14728 229078 13123 209598 103719 104132 14728 20119 158228 221237 103719 211564 221179 115973 94900 229078 13123 201370 14728 191538 19128 211564 170203 154289 104132 94900 229078 89263 209598 14728 65941 214004 97782 0 0 103719 104132 68127 81351 73650 234772 155337 97782 29957 5523 191188 229614 12554 42266 209599 57919 214004 161742 216718 214004 157480 209599 230959 17824 125207 0 125097 103719 157480 126243 94900 229078 211564 34581 28439 67390 14728 211564 230338 65941 214004 97782 89263 117081 94900 92143 211564 7859 214004 0 49983 102295 64978 0 229078 54102 154289 211564 229494 209601 154289 230384 164513 211564 25337 154289 54108 229078 211520 211759 64053 211564 230384 0 170354 80769 154289 74354 94900 233215 32309 155337 104135 164526 8412 214004 230384 8211 201090 14728 130085 12554 68289 79479 211564 230338 214004 86505 191417 0 214004 104135 164526 103719 97782 32268 0 225763 154289 125014 94900 0 61621 229523 154289 212409 170800 14728 0 211564 0 0 229494 94900 106711 230072 117085 79479 97782 14511 154289 100355 229494 154289 125014 37388 126002 81322 0 0 222417 154289 49742 190997 0 0 14728 169512 229494 154289 126257 0 0 106711 211564 130919 176960 79479 209599 57919
0 114734 211564 0 114734 193790 79479 0 114734 155990 0 114734 106711 114734 155337 50113 114739 80147 181060 7978 211564 39905 126647 114734 155337 211564 75509 123266 107266 106711 222419 214004 207868 211564 0 214004 211564 149841 0 202463 103719 232812 170807 16898 211564 0 114734 222563 143821 211564 0 214004 211564 149841 0 202463 103719 143422 157248 89023 16898 211564 0 114734 0 211564 79099 214004 211564 149841 51429 155990 0
0 0 106711 166784 155990 177399 154289 212204 166784 154289 230964 225626 83155 155990 160800 154289 107266 211564 166800 216817 214004 49973 212204 83155 19128 75799 19128 168985 212204 106711 64211 79479 71048 14728 49928 211564 210766 106711 50048 154289 211564 232827 199553 14728 183909 183909 135976 166817 211564 83155 96237 107266 106711 222563 222419 79479 83195 230742 63539 152082 94564 174293 77656 211670 19128 155389 154289 211564 130919 87318 79479 73831 0 63539 152082 0 174864 83155 103719 212397 40999 211564 83155 201081 191703 79479 177399 75799 213330 106711 38675 213307 20531 155990 213307 216646 141194 0 17824 222563 177396 155337 225626 0 130939 230717 51003 17824 50245 155990 19128 61734 77382 37388 211564 162859 166801 230959 131133 211670 107266 106711 177396 79479 71048 107266 39206 13123 26117 222419 37388 157251 214004 0 211520 211564 166801 8901 49974 211564 83155 103719 211564 213307 212000 185390 211520 212000 61448 0 230243 53704 79479 71048 162859 230959 26706 49872 67181 157251 166817 196129 212564 225646 0 157787 211564 105707 201307 0 162859 228767 0 214004 190122 230733 163529 79274 211564 183834 14728 212746 190122 230733 211564 183909 52944 19128 223308 20568 214004 26256 211564 177394 0 26706 19128 196936 171059 107266 229078 201307 77019 162859 230959 192515 211640 183969 155468 99838 107266 94173 26486 164338 230742 106711 62600 103719 191779 8871 229751 211834 17824 132560 0 225646 63090 79479 80748 155337 211564 105707 214689 19822 0 0 17824 166799 155337 50113 0 211564 166800 177401 211564 143826 155337 211564 0 14728 0 211564 143826 77382 214004 0 102493 211564 143826 77382 106711 87949 70888 214004 0 172270 183909 155337 211640 195797 211949 219063 154289 0 207868 127084 214004 131133 26439 211564 166800 39206 222417 211564 9564 154289 87591 22689 103719 213307 103719 211564 83155 14728 77583 211564 75814 176806 79479 70579 14728 157248 107371 214004 26256 211564 83155 103719 213307 230742 211564 83155 60719 233011 149622 212409 211564 83155 52784 26117 26266 197529 174293 151816 0 17824 166799 155337 51000 155990 161839 14728 177396 232108 39953 40187 155990 66621 177397 161839 83195 17824 177396 232108 97138 173945 189422 177399 197819 204070 19128 0 14728 0 143422 49742 151816 0 195797 106711 38675 199553 0 17671 212000 200049 211564 183969 105890 41477 16352 230742 135976 211520 211564 183953 63539 230638 107266 207902 214004 49973 211564 83155 390 230742 135976 211520 211564 63539 211564 230964 83155 14728 127786 230742 135976 211520 211564 166800 222438 121947 80387 0 26694 211564 0 106711 0 155527 199553 0 17671 212000 94564 214004 0 211564 183909 214004 131133 205386 211520 211564 183953 229078 152082 0 155990 222475 16352 83155 0 132560 0 207868 9564 154289 36119 103719 225626 83195 72448 0 170762 211520 12790 166800 214004 228468 212564 228575
0 0 229078 105707 49856 53704 103719 2637 37388 109723 228448 14728 0 106711 28289 117085 79479 94564 205282 211564 53711 154289 211564 171069 0 14728 231317 0 229078 168604 79479 99554 71048 200213 14728 9535 195800 230711 0 201307 122036 0 229078 97684 214004 26117 211564 68037 79479 211564 171059 37164 0 179761 214672 196833 214004 90046 14728 214672 74223 214004 130954 14728 231317 201307 19128 194518 171059 214004 95750 0 77548 231317 26434 142930 168604 211454 0 14728 107266 229078 215978 214004 80149 103719 2754 0 229078 194204 64834 103719 2764
132863 0 132863 0 32619 20929 2629 103719 186043 106711 14397 21208 79423 94900 166834 79479 177506 36292 186043 19128 138961 94900 201307 166817 79419 232108 0 0 209622 81322 203986 154289 186043 103719 2750 94900 230204 214004 21205 186043 14728 2760 10196 211564 48053 229078 33055 37388 177506 36292 94900 166799 232108 177506 36292 186043 2772 94900 166799 79479 211564 189950 209622 154289 177506 36292 186043 177506 36292 0 94900 194796 232108 76135 177506 36292 186043 103719 2794 2798 94900 166799 155337 126513 79479 205775 0 195338 2768 132863 0 166799 79479 21205 103719 61621 235536 209637 103719 2794 94900 166799 232108 211564 2428 209622 103719 211564 73314 43448 103719 80413 14728 106711 173933 232108 211564 209622 79479 211564 2729 232891 43448 103719 2798
76730 0 76730 0 32619 3457 76226 2612 103719 0 106711 199278 79423 230959 166834 79479 20304 0 14728 211564 199278 147865 209622 19128 0 94900 232553 211564 77272 232891 55327 232108 211564 199278 147865 209622 0 94173 189276 6731 87318 103719 97782 40279 94900 185390 151115 214004 154341 81322 103563 209637 204070 19128 176858 130191 94900 94173 26631 190513 37388 211564 199278 147865 209622 2950 213330 14728 94173 189276 87318
0 0 0 0 106711 225963 103719 211564 0 63100 154289 211564 172635 171690 154289 158988 107266 106711 2004 116867 81322 0 47071 14728 389 116867 21857 81322 0 65941 214004 107433 84992 126616 211564 34867 183361 11019 79519 36156 14397 11019 25234 28439 0 151115 6808 0 14728 0 151115 554 0 0 0 148449 107266 214683 155337 89266 103560 10196 211564 104105 154289 158988 79479 211564 158988 11019 79519 211564 168624 89529 176083 16982 6170 154289 211564 168624 154289 212204 225963 27222 214004 211564 0 0 155990 47278 154289 212204 178090 0 0 229078 205292 80153 230711 155389 0 195426 0 0 77879 38953 214004 211564 0 63100 154868 0 198252 66466 211564 1157 155990 1357 42593 8948 107266 106711 47230 211520 211564 75359 172636 204225 185459 22487 0 0 0 16801 214004 195426 214004 0 97401 103719 106927 10196 230742 211564 0 191707 163317 103719 211564 63100 232108 97782 75344 19128 145351 94900 14728 97782 0 80153 212204 225963 14728 157251 103719 211564 0 215448 211564 70392 154289 211564 0 42593 198218 154289 211564 0 216682 81322 0 0 14728 0 105890 211564 52932 103719 14728 18574 0 203866 183827 96237 79479 211564 149841 212475 100521 234783 122199 155337 107266 76461 220575 194896 183824 221763 2300 230711 211564 172635 229078 15550 37388 211564 67390 104132 49856 14728 212746 34867 183824 122154 96237 221763 2544 8412 214004 211564 2639 42444 154289 158988 211564 225963 92143 168624 154289 0 103719 134939 2798 211564 168624 154289 0 0 229078 72708 20119 0 7973 6731 154289 211564 162859 17824 79276 154289 204831 106927 211564 0 72911 168624 103719 211564 225963 106711 172636 232108 196936 49798 154289 0 103310 81322 104132 14728 0 211564 67806 154289 212204 225963 106711 170482 0 211564 224049 77241 154289 211564 225963 94564 12795 211564 75628 214004 60714 175921 154289 54304 14728 15324 34254 171021 198218 154289 211564 130919 54304 103922 47063 230664 180755 14728 204246 39369 230742 17824 0 214004 211564 157248 47024 19128 230072 19128 105698 47063 81476 204070 19128 0 126587 100931 223834 117085 19128 0 17824 211564 130919 81461 90057 103719 211564 225963 157248 81476 90057 96237 17824 0 0 14728 0 0 57724 14728 0 0 17824 13123 90057 103719 140000 173982 0 0 0 169130 14728 214424 17824 211564 130919 224314 90057 103719 211564 225963 211564 130919 126246 103719 211564 225963 103922 87343 192770 0 14728 41659 211564 225963 13123 205288 14397 156012 172504 170803 74910 155337 0 181722 0 0 94173 14397 69227 188807 79479 33462 14728 155389 170487 188807 79479 86377 132560 203336 87301 214004 221237 79479 211640 203344 20119 0 14728 0 132560 45105 17824 203357 103719 0 151115 6529 0 70703 136237 188807 14728 198218 13123 203355 103719 152743 154289 196936 170677 0 20119 0 0 94173 191779 105278 154289 97150 68126 14728 191779 179442 42553 14728 211564 126587 0 221237 66466 211564 34867 175451 143422 154289 211564 0 47278 155990 0 215719 205282 211564 0 160934 172635 37164 37388 211564 122184 2534 211564 206183 201307 103719 76034 154289 211564 12554 104132 145351 122906 10196 211564 53711 154289 104109 158988 143422 154289 211564 162859 96237 178719 205284 154289 211564 223845 158988 145351 122906 0 214106 14397 0 171008 154289 178661 0 106711 95534 96237 73650 234772 155337 3340 132800 103719 211564 137045 154289 0 0 0 0 0 132560 79276 49502 81322 61621 47024 215490 14728 225967 103719 158988 107266 106711 168604 14728 0 153817 232108 0 145268 0 19128 230072 19128 196936 184030 75053 232108 180907 14728 157248 81890 8881 172636 106711 211564 130919 121660 154289 211564 162859 96237 222164 106711 13123 200087 231111 80971 218938 219063 154289 200213 49928 17824 166799 103719 212204 184030 49799 0 14728 53950 17824 72448 168604 132560 230062 90031 17824 0 103719 212204 49799 212000 163134 14728 156300 16352 213307 16352 219051 154289 232840 79479 211564 95750 14728 60722 154289 212204 225963 125207 51125 179108 154289 143393 0 25291 104620 202926 14728 181740 14728 142930 0 0 179524 14728 157248 168622 166408 14728 49798 103719 211564 0 17824 63100 14728 209908 0 168992 154346 14728 225963 0 0 168994 48575 0
0 223525 0 0 223525 0 103719 0 106711 198989 10132 210531 14728 155720 62330 223525 0 203340 195435 232108 230278 0 20119 211564 151985 221237 154289 198989 10129 37164 13123 122624 14728 105688 167825 20119 0 221237 79479 45951 97150 68126 94900 130085 97782 58290 103719 2629 20119 211564 10337 154289 2729 19128 0 103719 143899 61497 0 0 0 0 79479 211564 0 47071 155720 103719 2637 94900 201307 14397 70630 20119 211564 0 103719 144839 195338 211564 234772 2731 223525 0 94173 26631 232862 178186 232108 211564 0 0 27927 62330 232432 0 232108 212204 0 94900 200910 0 0 14728 172270 212475 177400 195338 2798 223525 0 0 232108 61621 0 79479 14710 14728 149657 145265 38675 0 0 232108 211670 94900 200910 93234 0 94900 204789 97782 77879 147143 160800 19128 14728 103719 143899 0 103719 2764 79479 211564 149657 235368 138213 155720 223525 0 0 79101 155337 24931 145265 99838 94900 94173 13123 130085 97782 133240 103719 198357 14728 0 105744 0 155337 70703 24931 50026 0 37454 0 19128 230072 19128 85222 50026 26665 188936 14728 188901 214004 147143 155471 77019 20119 211564 144839 0 223525 0 200910 214176 232108 211564 0 162216 0 211564 0 0 211577 0 59977 141194 103719 2750 76217 50036 37388 93234 14728 157248 24931 50026 103719 2764 94900 84087 97782 0 58290 103719 211564 0 0 232108 0 0 103719 230742 94900 13123 186564 211564 147143 160800 93234 77879 0 102844 0 59036 0 59036 0 229078 200910 103719 2772 103719 0 37388 223525 0 97782 122215 0 232840 103929 93234 155720 0 170032 103719 76226 2798 20119 211564 144839 0 111067 125207 103719 97782 79776 158183 170889 102844 0 0 223525 0 125683 211564 0 154289 57137 232108 211564 145265 154289 211564 50034 211564 57128 191547 19128 14397 0 68433 214004 211564 195421 14728 0 0 211564 70083 154289 211564 43753 94900 155990 192713 0
0 0 17824 47394 154289 71244 230742 17824 7906 214004 200049 0 0 106711 0 103719 211564 170487 42311 228575 154289 210886 166611 0 153872 151827 103719 78828 166611 0 17824 222419 49686 214004 0 211564 0 211520 153872 103719 166611 212000 17824 13123 222419 103719 211564 170889 154289 81461 110744 79479 166578 0 10365 14728 103719 211564 170889 154289 231752
211564 0 185237 211564 0 185237 229078 65100 139844 155337 0 130919 43769 103931 0 124462 19128 0 0 14728 0 0 19128 106475
95465 73582 95465 73589 153875 66466 211564 0 167572 154289 32065 55890 103719 230742 132560 0 230243 0 105890 211564 151901 20368 14728 136959 73683 79479 212204 39206 26117 80147 103719 211564 151901 20368 190082 0 230742 193919 168503 198727 15252 14728 51200 182022 211949 230243 156422 103719 211564 0 37164 65507 214004 211564 32967 154289 211564 153881 230711 211564 0 136959 95465 73589 17824 168985 216845 214004 211564 0 154289 139844 102041 10371 230742 79273 127053 163217 154289 0 14397 73831 139097 26117 211564 235494 0 34626 48905 163217 81322 7973 930 212420 234783 10531 214004 7973 709 212420 234783 10531 211564 235494 0 0 106711 212409 214004 94564 26631 41748 37388 211564 49016 154289 211564 151901 13837 102041 192793 13227 181537 211789 94564 26631 171319
0 42179 32399 0 42179 32399 110829 2353 1365 108565 2562 229078 34867 70675 94900 106067 211564 222983 0 94900 229078 32619 103719 87044 70687 94900 61505 103719 0 205506 103719 2430 32399 187834 211520 102493 235471 172946 0 28439 235518 143777 14728 211564 78672 235471 39206 0 66541 81322 211564 0 230711 94900 187834 212204 94900 228772 214004 0 198250 85439 157515 211564 66541 77548 103719 2433 94900 0 211564 222983 232108 136038 206730
0 202850 0 202850 32619 3340 17007 2547 106711 80931 167818 14728 67802 154289 109478 60193 94900 203340 67797 14728 106711 170938 79479 67797 20119 221237 103719 160548 94900 94173 95534 61621 169088 103719 211564 80931 88542 14728 229078 211564 94901 154289 211564 105688 0 81924 81322 2767 214004 2798 103719 80413 97782 147143 106711 222563 7600 0 94900 106711 81807 170938 20119 211564 160548 105264 79479 167814 203344 189122 167333 94900 27222 214004 211564 181060 231777 154289 211564 197654 160934 0 230742 106711 155337 211564 42473 154289 80931 167825 94900 229078 151407 103719 211564 2764 170487 69059 154289 97782 160934 214004 26486 39322 79479 211564 80931 170205 69057 103719 2767 0 183361 58708 97401 103719 211949 69059 103719 152302 2764 155337 1365 134939 2798 202850 229078 18675 14728 43818 232108 191877 0 232528 103719 99577 103719 149657 235368 202850 0 12554 43821 110653 122199 16972 97782 178601 155337 0 155337 2195 134939 2798 94900 179540 81322 97782 168992 20119 211564 0 103719 156149 214004 26117 7906 214004 79099 155337 97782 58750 155337 3671 110897 2798 80931 77552 139919 45978 0 229078 69054 0 131831 62330 14728 214683 154346 155337 110829 2798
38657 154289 66583 141226 228883 38657 154289 66583 141226 228883 193790 79730 38657 154289 66583 0 106711 77879 193740 225626 83155 107266 106711 211564 68603 83155 103719 211564 38657 154289 66583 191406 14728 211564 212164 83155 103719 211564 141226 228883 191406 211564 83155 229078 130085 37388 104503 228837 0 83195 14728 176517 197819 211564 83155 229078 178602 155337 152302 2798 211564 83155 106711 77879 193740 125207 211564 157248 38657 154289 66583 83195 211834 17824 212475 130919 190003 214004 211564 83186 39070 199447 0 211564 0 141194 14728 144638 211564 39070 79280 211564 73589 154289 184115 51320 107433 106059 154289 211564 221179 201367 154289 13835 14728 0 107433 20531 214004 73312 103931 211564 0 70687 80413 14728 85246 211564 43769 103922 162859 81322 170365 83195 103719 211564 141226 228883 191406 204070 19128 110079 197548 0 39927 170402 0 14728 0 211834 17824 212475 160927 214004 211564 199447 0 141194 211564 140490 205552 14728 43675 141250 211564 140490 141194 106711 83155 141194 211520 49534 22689 81322 211564 199447 0 141194 154289 38657 154289 66583 141226 228883 103719 211564 140490 141194 166801 63539 127528 154289 61621 140498 14728 85439 201294 79479 211640 232840 211564 205552 141194 106711 149657 83155 141194 103719 211564 205552 141194 229466 10196 229466 154289 70579 20531 211564 166800 211834 106711 151115 229494 214004 49973 205552 141194 26439 211564 229466 113978 49570 211834 17824 212180 189962 28439 67181 229438 154289 70579 212204 106711 197529 211564 166800 94173 213307 214004 37298 229646 74311 14728 0 211564 43675 141194 106711 15713 149657 141194 166801 145387 67293 211564 143422 141962 212000 39206 230742 106711 64211 37388 113982 211564 0 87591 14728 115737 19128 132560 70579 19128 168985 19128 174293 19128 168985 229646 17824 188244 18574 211564 132613 14728 0 14728 40275 158582 19817 211564 166801 155389 155990 218938 166801 39206 63539 205552 43675 14728 143422 140498 198218 140498 148622 218938 166801 211564 144638 106711 195181 214004 211520 154289 141226 228883 166801 39206 63539 211564 144638 141194 155468 155990 126602 166801 39206 166784 61621 83155 141250 103719 223834 154289 132651 19128 211564 166800 63743 142930 212000 0 149657 229646 0 14728 0 212000 13123 0 149657 213775 14728 0 14728 212000 104005 211640 144638 175970 221763 211564 125376 154289 6385 166801 39206 71014 0 141194 155357 212000 49973 124353 6385 212204 0 12554 211564 166800 229646 0 14728 0 211564 77879 213307 107266 106711 64211 211564 166800 231473 26117 155337 0 14728 197529 155337 212204 39206 26117 64211 2729 213330 102493 166800 94173 176792 0 2729 212000 39206 199634 0 0 214004 0 12554 201415 214004 124353 0 211564 0 206730 106711 152375 38675 211564 0 206730 14728 107266 94173 43566 225177 144135 211834 17824 152375 212475 0 158582 166800 165215 155389 158578 14728 0 212475 0 81322 107266 103719 170365 83195 0 52784 155471 26117 67295 37388 115737 157248 166801 0 39206 152375 26117 67295 79479 49979 0 103719 16352 153634 141194 155990 37388 193743 64834 70581 11019 205281 0 0 17824 156301 105890 212475 61621 203055 158582 38675 19715 205281 14728 199455 103719 141226 228883 211834 17824 127528 154289 149657 132651 229646 72803 0 99838 211564 157794 229494 211564 83155 106711 166799 106711 211564 186152 0 0 103922 132651 81322 170365 83195 37164 212000 143430 148622 161769 214004 0 211670 166801 39206 166784 19128 14397 13837 0 10132 184116 155990 19128 0 13227 212204 106711 0 45828 211564 144638 0 17824 59284 79519 199447 11019 191551 0 0 104947 46871 10129 139390 14728 0 155337 134939 930 2798 80175 0 0 230243 178602 155337 211564 154354 38657 154289 66583 235543 43617 211949 0 230243 38675 13835 70687 80413 14728 85246 211564 0 204277 211520 211564 52931 17824 126619 79479 211564 83155 155337 134939 3144 2798 211564 180059 215778 229078 178602 155337 134939 3942 2798 0 15599 38657 154289 66583 69409 212204 106711 197646 191551 79479 211564 38657 154289 66583 49799 214004 49865 171025 53703 225646 14728 8323 0 51258 211564 191551 231473 232840 232108 38657 154289 66583 141226 228883 14728 107266 231473 26117 122389 20119 211564 186152 213307 19128 211564 83155 155337 110897 2798 211564 77879 83186 59423 154289 211564 83155 229078 170179 37388 181821 33363 14728 86804 0 20119 0 2798 155337 110897 1365 2798 211564 77879 126209 83186 59423 154289 211564 149657 205552 141194 229078 166799 37388 109723 0 14728 195226 0 155337 122184 150392 232108 109723 0 155337 20929 2798 211564 215778 79479 211564 149657 205552 141194 229078 178602 155337 235543 155337 191188 2798 211564 144638 232891 170031 215778 229078 178602 155337 235543 155337 191188 2798 0 95534 218938 73582 38675 38657 154289 66583 74224 2798 103719 127460 15050 37911 214004 171165 211564 83155 38657 154289 66583 141226 228883 197964 139506 51761 103719 211564 222373 14728 219891 12973 14728 0 0 139506 232135 3244 99704 107266 0 142930 211454 0 139506 0 103719 211564 77879 57957 141226 228883 13123 214827 211564 219891 225626 83155 185739 43971 103719 211564 77879 191764 57957 37388 152302 2950 2798 211564 83155 229078 211564 0 213769 103719 211564 221179 115973 185739 65508 37388 6615 141226 228883 229078 202124 211564 214756 200258 155337 211564 219891 43999 103719 211564 212164 14728 80217 229817 211564 0 225105 154289 141226 228883 13123 214827 211564 108588 43971 103719 107433 77879 229817 155337 185714 211564 0 225105 197964 2196 51761 230753 211564 233687 4266 225105 197964 18574 3843
175904 0 175904 0 32619 58381 3457 2560 106711 14397 13837 0 14728 212045 81322 229121 94900 229078 80147 90804 154289 211564 2629 144991 154289 97782 80217 231238 0 0 0 167757 212409 94900 115718 97782 189950 231238 0 0 103719 2608 37164 94900 229078 149622 172946 155337 216646 79479 211520 94900 229078 13123 80147 90804 154289 201528 81322 211564 166386 94900 232851 81322 14397 105341 49856 14728 81322 197646 190039 94900 229078 191033 214004 108149 79479 77879 58903 144991 103719 2631 0 140149 133505 0 103719 132800 2608 212000 230243 32895 63294 14728 175434 45081 155337 211640 158183 230753 212000 230243 57729 0 14728 175904 190174 214004 26117 225177 93595 52962 212000 190174 214004 26117 225177 144135 103719 127722 10196 212000 88365 133505 212000 230243 152082 125207 211520 16363 0 81154 187834 211520 192713 61448 152082 190173 19128 93595 19128 192713 92143 26694 175904 130085 205386 212000 92143 121947 14138 154289 125014 105341 94900 185390 94900 228772 214004 26117 7906 214004 161742 211564 29456 102493 198250 22852 93582 155337 211564 57919 10196 0 2608 198250 22852 61448 93580 0 76461 214004 96131 58165 81322 47755 20119 166386 38675 0 181955 175904 0 229078 211564 155471 163529 230959 187834 230638 93582 230638 94900 214312 211564 167757 14728 179433 232853 230959 38953 214004 127236 79479 96131 61448 152082 13394 131133 190997 212000 52784 152082 77580 0 79479 132560 99704 230711 212000 80147 96131 192713 229078 152082 27236 211564 200258 211520 175904 0 185390 192713 76461 81322 211564 167757 212409 175904 139097 94564 172906 0 154303 47755 37164 212000 52784 152082 171651 107266 211564 186152 57919 19128 211564 75233 175904 130085 205386 0 233011 53796 211564 149841 57919 94900 130085 205386 94900 233011 85439 158851 211564 105341 141962 230638 94900 61448 152082 63539 229078 210179 0 75344 14728 81154 211520 192713 229078 58075 94900 61448 152082 73569 210179 96131 158183 57780 79479 230964 229817 0 92143 26631 133505 212475 213330 37388 211564 213307 94900 137914 0 0 103719 2625 0 229078 13123 195440 160475 96131 100713 92143 61505 154289 0 62609 103719 2612 175904 0 155471 214312 96131 7973 97782 158183 58075 231238 26439 192713 61448 152082 27025 103719 63293 94900 149622 214312 96131 211520 94900 92143 26631 63294 218863 0 80147 157515 211520 0 76498 148622 214004 51429 73660 103719 96131 125014 94900 61448 152082 228767 96131 63844 16368 155337 96131 158183 96131 81154 187834 211520 211564 229494 192713 127238 14728 99821 47544 96131 99710 229078 152082 19128 87949 19128 212000 222419 214004 26117 212000 212409 211520 0 229078 198718 192713 92143 133505 175904 0 0 229078 13123 0 214004 12554 212475 154289 211564 33462 103719 211640 99710 155337 110829 3144 2629 212000 214683 0 218938 198463 155337 57919 217006 214004 29205 121016 38675 121016 0 212204 106711 211564 186152 121016 230717 209795 0 92143 115495 218938 235488 232548 234783 26694 107266 229078 99560 230711 211564 0 18707 14728 211564 26126 229078 54450 175904 14728 0 123266 211564 33462 214004 166784 103719 211564 206164 17827 230753 212000 0 211640 0 0 105890 58656 229326 191779 99704 122199 175904 0 38953 22689 232108 0 192713 229078 68769 58075 155990 66755 81322 65547 0 14728 0 216810 214004 187740 96131 14728 207868 96131 214004 99511 192713 229078 58075 230711 192713 88365 211834 175904 0 185390 211520 229466 41748 37388 0 130085 211564 0 0 157787 14728 211520 0 65546 26439 154289 211520 211564 167757 152140 211520 175904 0 61448 152082 190173 225177 222018 211520 97782 231238 229078 58075 94900 13123 61448 152082 13394 210179 211564 202561 154289 99821 192713 61505 211564 186152 229494 212000 26706 214004 212116 94900 139097 94564 115718 96131 155357 10253 212000 52784 152082 171651 107266 181060 21857 111067 125207 230711 0 92143 61505 94900 61448 152082 210179 96131 81154 14728 75344 37164 94900 61448 201304 217624 214004 49039 141962 81322 211564 105341 49856 181060 21857 94900 92143 0 53796 73569 212407 96131 160489 61448 152082 228767 97401 214004 10196 230753 94900 212409 94900 229078 152082 87591 214004 85439 103719 16352 217403 37164 155337 154016 2629 94900 229078 18675 79479 0 0 211564 167757 116951 107266 229078 87591 214004 26117 93681 214004 85439 111051 214004 27025 211520 175904 0 115718 97782 231238 151161 37164 0 187834 230638 93582 14728 211834 229078 151115 229494 214004 77580 16368 20119 211564 166386 230717 192713 61505 195338 107266 229078 103719 121016 212000 208061 214004 211564 75338 154289 97782 157248 232223 14728 97782 81154 14728 148799 212000 26706 214004 212116 94900 61448 107266 79479 141962 212000 13123 212409 211520 94900 202370 81322 162859 94900 232851 79479 0 23390 229078 81148 154289 0 192713 80147 157515 211520 0 231473 229078 140488 14728 211520 175904 0 229078 211564 122153 163529 214004 155678 211564 185176 59917 33384 230717 107266 92143 26631 0 211834 229078 15713 51842 230711 212000 176818 107266 212000 80147 157515 211520 0 228772 96131 81148 0 14728 152082 175904 0 214004 175429 96131 198463 102493 192713 61505 212204 130085 175904 0 225177 15226 94900 229078 0 214004 85439 141962 81322 197646 190039 211520 212000 161742 214004 45105 231007 160489 61497 103719 8347 230711 0 23390 38953 214004 85439 211564 33417 203358 81322 175904 99710 94900 0 20119 96131 14728 233011 152082 124165 96131 207868 198218 154289 211564 203358 148799 14728 14397 154868 81148 154289 0 214312 211564 167757 211520 0 92143 0 0 214004 85439 141962 81322 211564 105341 49856 86366 94900 92143 126212 149841 64394 214004 214312 211670 192713 92143 191837 232108 175904 230711 192713 229078 155471 77279 234783 154868 212000 185390 212000 149622 214312 16364 211949 212110 26694 26439 212000 230243 188187 175904 0 139097 63539 198250 214004 211670 0 92143 47230 211520 94900 92143 191538 103719 211564 133152 103719 199447 79528 221167 103719 211564 225750 228806 94900 13123 185390 94900 92143 26631 209242 99821 214004 115700 198226 232108 151115 229646 14728 232141 123016 16352 133306 155337 211670 175904 0 92143 26631 103719 211564 133152 37164 94900 232851 19128 77382 47687 103719 154753 94900 92143 149622 26631 214004 225750 155990 80124 103719 228806 97782 143469 95751 97401 85439 157515 154289 211564 133152 67289 211564 167757 13123 208061 214004 162859 7973 211564 58165 154289 0 0 210381 234783 67276 212000 137914 211564 167757 230959 92143 106115 107266 212000 80147 157515 211520 211834 230243 127496 154289 212110 211520 230243 211564 186152 94900 92143 185390 212110 211520 61448 152082 134331 221873 232108 157248 212110 94900 185390 94900 61448 152082 190173 19128 222018 19128 143422 162859 233011 26117 102493 211640 231238 61505 94900 92143 96131 53796 181060 21857 107266 190174 125207 94900 92143 115718 218938 154289 97782 232223 14728 64211 157248 53978 212110 110653 58417 212000 52784 18672 97401 14728 189784 97782 99710 230711 212000 0 212000 80147 132560 212110 211520 193890 152082 94564 26631 211834 143422 154289 211949 212110 27219 214004 211564 166386 230717 175904 0 232851 94900 92143 202371 211670 212000 13123 80147 0 81322 230711 175904 0 92143 33055 212110 94900 185390 94900 229078 86509 37388 211564 133152 79479 77305 103719 225750 103719 211564 83484 212000 80147 167467 211520 0 233215 7973 99821 175904 61448 152082 176896 127722 96131 212000 13123 80147 157515 211520 175904 0 92143 38675 198226 155337 211564 210091 212397 162859 88365 214004 211564 99710 26694 211564 167757 14728 214683 198218 154289 211564 202371 212110 157515 154289 211564 99710 211564 167757 92143 211564 0 211520 175904 185390 92143 0 157787 212000 214683 107266 22689 214004 211564 186152 166386 20119 211564 121016 14728 216810 214004 85439 31287 214004 131133 229438 29205 70888 214004 131133 107266 0 157787 212000 52784 152082 85439 211564 31287 214004 0 157787 212000 212497 23115 154289 212110 105890 211564 121016 211520 175904 185390 94900 92143 88365 22689 157515 10196 94900 88365 0 22689 103719 211564 0 212000 80147 157515 211520 211564 212110 186666 214672 75799 79479 211520 214004 26117 217501 212000 13123 80147 157515 211520 175904 92143 35254 230959 229078 13090 103719 108149 79479 115737 232528 14728 211520 175904 92143 26631 214004 108149 79479 201528 212000 208061 214004 211564 162859 81322 197646 190039 14728 80147 94900 92143 214312 211670 124978 214004 217615 14728 85439 141962 212000 76498 125207 212000 80147 157515 7973 127496 154289 0 212110 175904 61448 211520 233011 131133 97401 127236 22852 103719 53054 175904 0 122682 216810 214004 202463 211564 216646 230711 211520 61448 152082 232840 94900 216810 214004 85439 211564 110653 214004 210179 211564 157248 122683 211520 212000 52784 152082 210179 211564 111051 7973 211564 157248 53973 175904 0 61448 211520 61448 152082 232840 68769 175904 122682 214312 211564 111051 211520 94900 229078 111067 0 211564 0 185390 94900 229078 0 14728 61448 152082 40275 7973 16364 37164 97443 157787 155389 100521 162859 88365 221873 14728 208061 7973 175904 0 155389 154289 211670 214312 99821 94900 92143 209242 175904 99821 214004 0 63197 14728 211520 94900 229078 225177 87949 206162 0 92143 214312 211564 167757 211520 94900 229078 152082 87949 20119 206164 162859 230959 230243 20119 211564 121016 185390 211520 230711 175904 38953 22689 232108 0 211520 94900 229078 152082 103719 0 155990 225177 222018 7973 97782 231238 65547 0 140149 229078 211564 57780 154289 0 0 192713 214312 211670 99821 175904 61448 152082 210179 96131 79479 229817 211520 96131 143469 229078 58075 14728 211520 94900 202370 141962 81322 96131 212000 13123 95035 211564 167467 211520 0 233215 7973 99821 175904 61448 152082 127722 96131 175904 0 214683 211564 201077 14728 208061 79479 218852 99704 107266 214683 12927 229817 26694 212000 230243 64211 19535 97401 174235 211564 0 216810 214004 85439 97401 214004 208059 7973 12554 211564 124978 94900 92143 214312 7973 225750 14728 157248 212110 94900 52784 152082 124909 211520 16352 127084 37164 94900 185390 211520 94900 229078 210190 211564 217599 7973 99821 0 61505 94900 149622 88365 222018 155990 15226 7973 16368 14728 202124 61448 152082 190173 185038 7973 97782 231238 66755 68599 14728 92692 99704 10196 211564 216646 70414 211564 111051 38953 22689 14728 185390 94900 229078 90804 154289 0 97782 231238 14728 201528 0 181955 230717 0 76461 14728 61505 229078 103719 166386 38675 0 52947 212000 185390 102493 175904 0 230204 214004 108149 79479 142930 211454 77286 234783 212000 233011 152082 172946 97401 155337 216646 79479 115737 0 216650 52595 144135 141962 14728 0 52947 61448 152082 228767 214004 222417 211520 141962 102493 0 229078 87591 214004 26117 172946 103719 108149 79479 142930 211454 5055 234783 13090 211564 110653 185390 175904 233011 87301 214004 108149 79479 77286 234783 77286 234783 79479 115737 0 14728 155389 234772 79479 201528 94900 231473 152082 26117 7906 214004 85439 0 221763 20119 122983 0 0 23390 211564 81148 230959 214683 103719 0 0 198463 230204 214004 53054 214004 131133 205386 211520 0 0 14728 97782 75344 61448 152082 85439 16352 141962 81322 211564 105341 49856 155990 81322 190634 175904 14728 0 99710 218938 32309 230243 233190 7973 175904 0 14728 211564 144991 211949 32309 230243 182784 79479 96131 89131 37388 15470 183824 14728 75834 0 37388 0 197074
0 0 106711 14397 17827 230717 175361 14728 231678 229099 211564 0 21857 123016 58646 43617 103719 211564 89991 107266 134939 13123 131133 97329 211520 223830 103719 127246
0 0 106711 47071 103719 199054 106429 103719 211564 234772 2764 211834 230243 5184 162859 126257 103719 211834 211564 47071 106711 13123 39768 154289 0 52947
0 0 0 0 106711 147143 79479 211564 170800 154289 45745 0 79479 216646 107266 39206 13123 135953 196936 136325 28439 122683 14728 110653 66466 216646 107266 156422 177831 214004 14397 153439 207888 37388 0 214004 210179 211564 217599 103719 211564 141226 53054 206745 0 0 106711 170800 88535 37388 201354 14728 76252 122672 107266 106711 25292 60294 214004 77580 0 103719 0 107266 94173 157248 222438 59868 155337 211564 53054 206730 211564 156417 154289 211564 123283 210766 0 0 106711 15173 107266 229078 14397 153439 86509 214004 136992 154289 111051 232162 17824 222563 206270 103719 232108 211564 153439 211564 73683 235471 192273 86505 192273 26117 211564 217599 211564 230964 217599 14728 152124 37164 211564 217599 211564 0 0 153439 229078 235471 192273 217501 15797 131133 214004 12554 204070 174235 211564 53054 192273 59335 154289 235471 103719 211564 221179 201367 211564 97888 154289 0 0 87519 22689 214004 211564 134093 111051 190516 122624 154289 0 132560 40999 211520 230204 214004 216646 106172 0 0 34867 154359 103719 211564 49256 172946 16364 155337 216646 230959 170592 16368 0 34867 183824 214004 85439 73650 0 168985 211564 34867 88542 130085 205386 214004 155471 165184 0 230959 233011 51535 211564 0 211564 193007 229078 130085 179661 214004 190510 125993 154289 0 0 214004 211564 34867 54471 214004 52853 212204 211564 0 134093 122624 179395 211564 125993 211564 193007 222419 214004 26117 190513 37388 215473 136325 103719 212397 172247 136327 0 0 230243 174230 7973 16352 0 212000 139097 94564 0 230243 13123 7906 214004 174226 168985 0 26694 212000 230243 190513 212204 0 0 170800 130085 111051 190516 75053 103719 0 211564 34867 160641 39278 211564 0 134093 122624 212000 123266 111051 190516 221873 214004 211564 53054 212204 84087 211564 54471 80748 93203 103719 131180 205386 216650 70414 211564 229494 212000 228772 37164 218938 234783 122199 211564 13847 58473 211640 104105 211564 13837 206730 154289 0 0 229078 60716 81322 211520 213307 155337 0 0 106711 14397 155875 79479 122683 214004 85439 211564 28289 0 79479 211640 47748 212204 39206 26486 225177 106172 211564 170800 26734 19128 211564 169146 0 71014 211564 0 211564 122683 155990 211640 0 203355 211564 111051 159650 212000 229231 31473 121660 212000 229231 230959 0 208059 214004 155990 195781 149841 214004 211834 106711 89263 58113 154289 172107 222419 103719 111051 0 0 26779 39206 26117 19128 103563 19128 211640 15803 214004 174235 211564 0 0 174235 17824 60294 214004 180059 99821 169146 0 212127 79479 73831 32309 169146 0 176818 39206 180059 99821 212000 139097 227470 13123 122683 217615 214004 86505 67181 0 104220 20587 230753 211640 0 207902 152113 74558 51182 31473 121660 14728 20640 17824 12554 40286 203340 66466 211564 105848 103719 211564 221179 201367 0 0 106711 222419 214004 0 0 230959 134939 94564 26631 104550 37388 0 0 37164 211834 17824 198218 0 107266 134939 63539 111067 211564 155882 102493 0 17824 19519 230638 211640 155808 17824 19128 214004 230638 211564 157539 193890 26117 157685 211564 221179 201367 0 0 106711 93276 61632 110658 39206 156149 104228 152082 214004 208059 7973 211564 216646 230753 107266 106711 103719 171025 212204 106711 211564 40977 103719 21178 14728 39211 110658 94564 89263 58113 154289 0 45626 103719 211564 0 0 170800 103719 198218 53105 211564 110653 0 0 0 103719 157248 195837 107266 106711 123266 71077 214004 211564 122683 103719 198218 40999 107266 106711 49469 154289 32895 0 17824 222563 152082 174507 19128 0 103719 0 0 0 174235 232108 110653 19128 212000 17824 232108 122682 103719 198218 53105 122683 17824 86509 211564 43489 214004 105848 74244 232162 26694 212000 0 14397 74244 232160 106711 16364 230959 94173 199462 155990 74244 117081 154289 203720 142930 211454 14397 21611 163529 233011 94564 198253 14397 74244 39206 26117 105783 103719 97782 155990 96131 0 79479 0 0 214004 43285 211640 0 102493 110653 76315 211564 43285 229078 204029 94900 39206 210179 211564 111051 214004 0 211564 0 103719 211564 221179 115973 0 0 106711 152082 222419 79479 111051 190516 107266 106711 222419 214004 58416 230638 73683 39206 14728 39485 26117 170179 66466 211564 216646 212204 39206 103922 0 130085 214004 211564 167757 103719 21178 14728 39211 0 0 106711 222419 19128 203588 232135 216646 214004 0 73683 107266 106711 222563 64211 232108 211564 111051 8058 81322 211564 0 103719 39211 0 0 39206 13123 26117 222419 214004 43285 160868 0 79479 41747 79479 199476 176960 37164 40999 154289 0 0 220575 0 0 17824 176157 103719 39211
181785 0 181821 0 110534 32619 58381 3598 2595 103719 68066 11798 106711 39216 170924 102041 98182 231788 211520 0 166834 103719 211564 150025 79479 211564 36053 0 94900 94173 13123 166799 103719 211564 150025 79479 211564 78746 159876 79479 189828 211564 38583 78205 79479 189828 211564 14464 65891 65891 154289 14464 79479 189828 14728 211564 149657 109339 60773 79479 189821 94900 232553 211564 201148 55327 103719 2767 230753 94900 229078 16505 154289 211564 14464 65891 97782 35254 189325 0 106711 179879 150025 166800 230959 229078 97782 0 155337 211564 14464 65891
0 0 52784 135953
87301 127034 87301 127034 106711 130085 221873 154289 127528 154289 37015 49852 107266 77879 155686 103719 20929 2768 107266 106711 211564 121959 37015 155745 103719 127034 212000 94564 817 183249 86509 214004 211670 37388 216118 79479 127034 96237 17824 211564 61621 147158 154289 211564 49852 211520 131133 221873 87301 127034 211564 79278 49852 17824 160800 154289 87301 127034
0 156149 0 156149 229078 155389 154289 211564 212475 156158 154289 17661 103719 14710 89298 211564 157248 218938 156158 230243 0 156149 14728 0 156149 211564 156149 229078 147145 10196 211564 203498 154289 49395 222419 103719 36147 107266 103925 211564 25234 211564 192102 211564 214756 39768 14728 211564 160800 205282 20119 211564 214756 211564 0 211564 0 14728 211564 0 67181 156149 94173 107433 158183 203498 0 229078 211564 67278 203498 14728 222419 37388 211564 89311 79479 143422 154289 211640 36147 14728 210332 103931 211564 0 107266 106711 27026 211520 211564 203498 229078 77879 130085 222475 232608 211564 203498 76214 95140 49395 0 192464 39768 155337 211564 214756 14728 151115 25234 211564 49395 2004 17824 0 2195 230742 135976 212000 94564 7973 2729 0 55657 105890 211670 211564 214756 154289 211564 49388 211564 39768 1365 106711 130085 221873 154289 90017 154289 0 211564 0 192464 165298 106711 38675 211564 0 1795 7978 212204 106711 200532 165298 154289 202407 38675 211564 0 1573 155337 211564 214756 212204 205288 211564 0 230742 106711 7973 155389 212164 154289 211564 95407 154289 211564 49388 212204 106711 130085 221873 154289 166459 0 1163 14728 0 232108 0 28439 211564 0 17824 200532 199180 38675 0 230742 39206 26117 222419 79479 189581 7978 212204 106711 0 232108 121947 30869 38675 0 230742 0 211564 0 211564 127801 205399 154289 211949 30869 17824 38675 211564 0 7978 212204 211564 30851 154289 202407 94173 166459 225136 74823 38675 211564 0 107266 106711 77652 155337 211564 214756 232108 142930 58536 160927 154289 211564 0 189581 81322 211564 0 230243 178868 103719 211564 2197 14728 207888 214004 211564 34867 145225 212000 17824 117085 19128 211564 0 0
0 0 0 0 32619 134939 2573 103719 88880 169593 11798 106711 179879 39216 170924 102041 98182 87323 94900 166799 709 189828 103719 211564 150025 94900 166799 189828 232108 211564 174121 0 189828 232108 211564 229121 39786 14728 189828 232108 211564 36053 0 94900 106711 170740 28289 117085 79479 211564 191417 212522 104880 211520 94900 177141 81322 0 30424 230711 201986 0 154289 211564 200764 127628 31076 14728 0 0 154289 211564 36053 0 26434 0 230711 212000 230243 0 211564 172300 14728 212000 32895 53573 105890 0 149289 0 0 97900 0 155337 211564 148527 14728 0 97782 105679 0 18871 230742 41748 0 154289 30926 211520 49042 155337 211564 102041 0 123266 211564 102041 155337 97782 158183 218938 76325 37164 94900 212409 94900 229078 87591 214004 61497 197529 94900 185390 12554 228772 214004 63539 229078 85439 154303 211564 102041 145725 143469 229078 229242 211564 83155 155337 218757 14728 61486 228767 96131 214004 190122 135912 61497 94900 116951 211520 97782 143469 229078 229242 211564 83155 155337 218757 14728 94900 92143 14397 71647 131826 38657 14728 210179 96131 94900 127729 96131 94900 13123 19519 79479 170441 97782 125014 229078 187742 230711 211564 209622 215791 109703 0 230959 229078 79776 18445 0 230959 92143 191538 103719 225750 92143 176792 105890 0 148527 14728 0 154303 211564 30677 94900 61448 152082 124165 87301 221763 211564 63667 18707 214004 26726 47960 211564 233017 10196 211564 63667 199648 6731 140071 14728 222419 157787 3844 0 214004 47948 211564 233017 94900 179986 214004 169516 80175 57957 122199 14728 229078 22689 103719 211564 149289 10255 211564 174121 0 10196 7973 229817 94900 185390 63667 214312 135912 214004 207868 211564 179678 154289 211564 234772 154303 37164 211834 229078 151115 229494 211564 127084 235471 228287 211564 93715 107266 87591 214004 26117 166784 79479 113984 94900 130085 103719 213307 79479 211564 166829 37164 211564 0 127491 214004 211564 32840 35409 83195 214004
158988 0 211564 158988 0 158988 143813 79479 111072 106711 167814 160934 103719 158988 0 229078 80153 37388 79776 158989 53950 39927 14728 0 0 114977 158989 0 211564 160934 196776 106711 111072 100372 14728 190568 0 158988 0 229078 80153 37388 0 114977 155337 17007 3451 2637 103719 120927 158988 211564 51091 154289 158988 0 229078 16972 155337 108565 3336 2640 37388 211564 0 103719 120927 158988 211564 0 0 201367 211564 0 0 154289 0 0 211564 127053 0 0 154289 157480 162859 14728 0 157515 211564 226569 154289 141226 106937 179339 211520 0 0 0 14728 80769 214004 169516 211564 178656 154289 155389 45625
114722 0 114722 0 0 41959 98996 32619 110829 3457 2567 106711 14397 13837 8887 62330 189438 14728 170883 211564 147143 0 229078 211564 205467 154289 97782 88911 94900 214683 107266 19128 97782 8842 205467 103719 97138 188807 94900 232851 19128 14397 8887 103719 211564 211583 26694 94900 232851 103719 143835 14728 193961 0 77879 170924 200905 16797 229078 103719 2608 94900 229078 199426 40723 103719 149657 235368 192221 76926 163135 154289 96049 225410 160800 103719 2609 94900 130085 97782 77879 34961 16797 19128 157186 103719 170889 154289 0 0 85766 201290 0 0 211699 94900 166799 0 103719 0 211564 0 103719 2611 94900 16801 103719 170889 154289 57825 0 200905 166784 0 103719 230742 94900 166799 67181 154289 211564 131400 160927 155337 61621 150423 149841 38953 16227 0 211564 0 103719 2614 94900 16801 103719 170889 154289 0 103719 149657 109339 62079 211583 94900 26434 28289 117085 19128 200905 8887 103719 2614 230711 94900 229078 41135 155882 107892 0 163785 82942 14728 0 124099 19128 108359 211564 69019 0 198311 103719 110202 139455 170889 154289 73103 148815 127053 57919 110441 105890 150392 0 26434 137310 214004 0 13227 94900 92143 58417 94900 125211 131180 143835 28409 0 201493 8871 103719 126209 211577 49799 103719 2629 94900 232553 214668 21842 79479 97782 0 154289 220445 0 103719 148814 195226 34961 97900 127491 103719 0 94900 88365 97782 156855 8220 21842 79479 28289 205286 8887 103719 211564 222562 0 14728 79479 28289 8887 103719 13837 26383 2640 77019 154289 211564 157248 143835 103719 230742 94900 166799 211564 130919 160800 17824 191764 0 161742 107266 80017 14728 205104 179991 94900 232878 19128 211564 18979 62330 154289 211564 154868 0 211583 20119 127034 103719 2754 14728 166834 80456 0 103719 211564 210151 65100 191406 99710 154289 40264
105688 57919 10255 0 105688 57919 10255 0 106711 57919 79479 0 10255 0 14728 0 95534 73650 134939 2004 155337 212204 57919 103719 2625 211564 232891 95014 156296 178868 98861 81322 211564 105688 47413 154289 62611 230717 107266 229078 125995 19128 137278 102989 211564 58467 154289 142601 59338 12554 52931 214004 177295 212204 57919 14728 211564 73314 221131 14728 34076 94564 13090 177296 79749 212204 137032 57919
0 211564 0 216423 17824 203686 0 103719 211564 75344 0 211564 0 216423 211834 17824 212475 126257 84649 103719 211564 203686 211834 230243 155357 142930 199473 154289 0 216423 37164 143422 94564 26486 74432 211949 216423 17824 0 230742 135976 212000 94564 9021 214004 171475 211696 81322 77761 26439 77761 106711 49742 103719 211564 178112 230717 212000 90046 0 216423 94564 60716 212025 77761 24788 211640 0 155678 155471 10196 77761 65941 214004 28409 77761 51429 103719 141226 213330 211949 216423 17824 70396 0 216423 39206 90046 214004 26117 225177 121947 211564 121959 199473 0 0 39206 176790 221873 214004 6870 208073 14728 2004 8816 211564 208096 216402 103719 211564 232891 106711 0 0 147145 0 211564 121959 216402 103719 211564 232891 37388 227306 106711 0 0 147145 211564 84653 193017 216402 10196 231512 0 193017
115967 53824 115967 53824 106711 14397 13837 143826 62311 37388 138545 0 178602 37388 160277 165273 155337 110829 2566 211564 143826 201294 69690 170217 0 110217 14728 228616 0 107266 106711 170217 80217 143826 211564 212164 14728 122153 77487 103719 30308 230835 107266 229078 25239 155337 211564 2555 152282 37388 93949 0 202407 79479 57288 77923 170217 166834 209843 147145 57288 77923 230959 106711 79521 214004 65495 157515 154289 188807 214004 95750 205281 97782 75861 58130 0 13394 103719 217403 57288 106711 187742 81322 108149 210766 37388 149657 156500 0 43884 122843 88865 161567 202011 230959 86516 211564 33417 109942 19128 195421 198502 126587 83327 32813 0 77241 228616 0 0 77329 81322 57288 53978 161173 172993 170245 155337 211564 33417 0 211520 57288 195400 20119 97782 0 214004 0 57288 0 0 221974 211564 0 0 154289 97782 86369 0 0 110217 230753 57288 217501 127722 0 0 94056 0 155337 211564 0 92632 0 172743 211564 181071 214004 202407 79479 57288 77923 197529 94900 52784 131133 151431 143826 201290 68769 108345 58130 155990 27316 0 10196 58130 61505 103719 2562 211564 171059 61448 152082 51318 103719 108565 2565 79278 211564 204024 154289 14397 154303 200905 225105 154289 211564 202561 170217 147143 229078 204278 19128 168985 179186 211564 43753 154289 77923 229078 43566 81322 33393 214004 195421 14728 211564 202561 229078 143807 81322 149657 235368 214004 149657 156500 232108 77497 201315 103719 108565 2566 170217 92143 214004 85439 199447 163342 214004 59074 97782 71163 214004 211564 222373 18445 221763 10196 77497 229078 49973 138545 0 152109 62330 66466 211564 87666 71679 154289 211564 98557 203345 206730 229078 97684 79479 211564 171059 97782 75359 143835 103925 211564 9584 154289 181848 99043 103719 2522 0 0 0 103719 2538 14728 103719 211564 186152 234772 0 10196 190154 14397 67289 51842 154289 211564 143826 170217 0 0 79479 86521 97401 211564 43489 214004 193919 162859 94900 52784 26117 14397 8887 115967 53824 229078 185390 214004 94564 26631 170217 76027 182302 154289 97782 71076 40279 94900 92143 97138 99158 154289 179990 81322 211564 18445 214004 165184 221873 81322 230717 94900 92143 123266 154303 99838 60375 204024 154289 211564 143826 94900 149622 88365 211564 43489 214004 26117 207888 19128 191418 19128 14397 8887 10253 232108 211564 73882 154289 211564 0 0 14728 0 201206 212204 229078 160914 65941 214004 211564 204024 154289 122199 143835 204070 19128 31042 94612 31076 14728 0 122077 224307 211949 230243 12554 174278 214004 131133 127786 52595 33384 97949 212000 92143 70888 198390 214004 190615 198931 11891 14728 0 211564 212423 154289 170217 75450 230959 230243 142930 0 214004 190122 97401 195400 211454 8830 115967 53824 229078 211564 122153 143826 170217 130085 66466 211564 2551 14728 106711 154423 185390 214004 26117 97782 28289 182302 77497 214683 166386 28439 108565 2729 14728 132800 930 2566 218842 57957 10196 211564 77656 115967 53824 170217 110117 211564 18445
182346 103719 211564 58646 182346 103719 211564 58646 106711 198357 37388 70703 195421 0 107266 106711 81322 96131 189950 203345 11886 2950 211564 198357 229078 233190 37388 0 14728 161567 0 0 94173 60209 107266 19128 57477 31076 88337 62501 218272 107266 229078 178602 19128 211564 122855 195440 155337 3671 152302 2794 103719 211564 149316 182346 103719 211564 58646 26434 0 77879 152743 97900 195440 103719 211564 221179 201367 14728 39211 107266 229078 13123 96131 77879 214756 97900 103719 191779 52931 54116 94564 86509 168946 180139 79479 211564 198357 107266 176792 152743 155389 103719 27010 85246 107326 211564 149316 14728 206238 107266 13123 176792 214756 210381 103719 21205 39211 59683 106471 149657 236481 14728 152013 211564 198357 58294 20119 152743 218938 103719 211564 221179 115973 211834 107266 26434 0 212164 214756 195440 182346 103719 211564 58646 26434 0 189950 195440 214004 43971 103719 211564 221179 201367 10196 211520 107266 26434 96131 77879 195440 214004 87301 214004 214756 154289 29415 43971 212204 229078 230711 107266 176792 152743 155389 155337 211564 99560 9535 214756 4546 215672 43971 103719 132800 2798 107266 13123 26434 96131 77879 152743 155389 97900 103719 211564 52932 230711 211564 198357 176792 103719 211564 29415 99560 390 103719 134939 2798 19128 154289 134939 2798 182346 103719 211564 58646 92143 197964 157787 139506 61734 51761 103719 211564 222373 211564 198357 106711 96131 28289 195440 103719 211564 52932 107266 94173 197964 142930 51761 211454 96131 170365 28289 195440 0 0 211564 198357 94173 133632 18998 0 165079 114772 166799 37388 148814 0 14728 0 22731 195423 54116 94564 185390 0 226984 17824 125207 152389 107934 62380 0 0 174983 30885 0 0 187959 211564 198357 106711 204789 81322 211564 163568 154289 0 127750 230959 106711 77548 7906 214004 190122 211564 125097 37164 60375 0 0 0 106711 152082 14397 155955 96237 211564 198357 229078 169598 37388 54116 79479 0 169367 227051 211564 129066 14728 211564 198357 0 211564 204687 38675 211564 198357 14397 71363 79414 154289 168513 15884 212000 185390 107266 92143 0 165079 8412 214004 211564 204687 0 226984 190174 214004 26117 211520 154289 225305 230959 94173 26631 195435 79479 2729 234783 29406 121158 81322 7973 84087 107266 201294 157515 154289 94900 169598 96131 227051 14728 211564 70077 232108 230742 192713 186564 211564 198357 94900 185390 211564 198357 52784 175429 0 221873 211564 199848 94900 9054 211520 10196 95038 211564 198357 162859 233011 228767 214004 95034 211564 81807 11886 108744 0 81322 29415 169598 211564 45821 154289 211564 198357 14728 107433 0 0 169598 0 226969 163135 94900 185390 0 229078 0 7973 96131 226969 7859 0 169598 211564 229494 0 201307 211564 45821 154289 211564 198357 182346 202407 25047 0 84087 182346 103719 211564 58646 168946 180134 94900 185390 0 227051 229078 169367 37164 152082 160871 168513 103719 211564 198357 94900 185390 211520 211564 198357 201307 232108 0 8739 90854 37164 94900 60209 107433 70392 19128 0 14728 155389 211520 94173 93203 94900 185390 212204 193935 211520 211564 70703 125211 214004 0 30308 13837 182671 145265 211564 145265 225626 229078 170032 155337 43617 155337 58381 2794 198954
0 0 14397 0 0 106711 14397 220635 122715 230742 98461 0 220575 170245 212204 41751 211564 229254 124353 103719 211564 230072 214004 181429 214004 167572 230717 211564 170245 106711 71580 214004 211564 229906 154289 229254 173013 107266 220575 170245 212204 219051 154289 230072 106711 38675 14397 0 230072 229254 134939 73569 176790 211564 89991 205399 102493 211564 147963 170245 106711 97138 70888 103719 230742 40977 211564 230072 106711 38675 78835 0 230072 14397 0 106711 0 122715 230742 39206 98445 229254 204070 19128 186406 14728 89134 125366 155990 186527 212564 230742 229254 78838 14728 106711 202494 14397 0 0 106711 216193 28439 182022 155990 47512 230742 41751 211564 170245 229254 179991 214004 211564 0 230711 211564 229254 207261 20119 107433 0 237304 106711 20119 97150 69277 211454 211564 94901 154289 211564 230072 80054 229254 0 39206 13123 26117 0 102493 212000 17824 220575 204204 170245 81322 211564 205516 182022 212204 106711 195181 214004 99821 132560 149731 0 154608 230102 17824 0 0 230102 230243 147145 10196 211564 154868 171690 154289 0 103719 80413 230717 132560 0 230102 230243 0 37388 0 142080 81322 0 211834 17824 0 0 103719 132560 52931 103931 21178 211564 222374 199229 107326 211564 221179 115973 0 14728 39211 211564 89263 0 25330 106711 211564 121959 14728 58657 0 25330 103719 211564 232891 0 3144 154289 211564 21179 51297
2794 158988 78665 211564 2794 158988 78665 26706 103719 122184 110829 2794 179762 81322 95140 0 175409 103719 211564 115368 158980 195359 158989 172635 14728 23832 178112 154289 158988 14728 10000 211564 104295 181560 25330 16982 155389 154289 158988 215203 121387 17827 229078 220736 16982 8412 214004 158989 88542 57699 211564 78665 62328 10000 7973 2729 139506 162859 143430 37388 60454 154289 171272 0 14728 104620 232108 58165 214342 154289 47948 214004 1
57825 177739 13837 79419 33871 57825 177739 32619 132800 3051 2616 103719 0 106298 106711 14397 13837 79419 231107 177142 230959 55486 166834 79479 211564 23897 176528 154289 211564 147865 79419 122906 149885 177739 229078 65013 157515 154289 211564 221237 154289 222592 37388 211564 23897 176528 232108 211564 0 165184 103719 211564 77282 183176 154289 211564 2794 149885 65012 94900 232553 204931 33355 0 232108 211564 176528 230711 212000 58708 211564 186339 80460 0 4158
0 0 0 0 32619 20929 2597 103719 35202 149657 235368 106711 179879 13837 79419 58757 70392 211520 166799 1365 189828 103719 211564 147865 79419 122906 149885 0 229078 65013 157515 154289 0 221237 37388 211564 59772 0 232108 211564 0 165184 103719 211564 77879 183176 154289 211564 2638 149885 65012 94900 13123 166799 103719 211564 149885 232108 211564 59772 0 230959 94900 232553 204931 0 0 14728 0 232108 94900 13123 166799 79479 211564 23897 176528 81322 2764 214004 2794 14728 211564 149657 235368 109419 103719 2794 10196 211564 2794 9975 43448 83155 94900 15599 211520 94900 229078 179884 81322 170924 79419 94900 179879 103719 2798
27316 0 27501 180767 0 32619 132800 389 2611 103719 0 11598 106711 14397 13837 79419 154328 90478 230959 55486 166834 79479 211564 23897 176528 154289 211564 147865 79419 122906 149885 0 229078 65013 157515 154289 20746 221237 37388 211564 23897 176528 232108 211564 3726 165184 103719 211564 77879 183176 154289 211564 2767 149885 65012
127034 42521 127034 42521 106711 131069 37015 49856 103719 127034 107266 229078 130085 103719 2619 14728 26434 160800 154289 87301 127034 103719 2768
127034 84653 127034 84653 106711 37015 49856 155736 191559 103719 89266 127034 107266 106711 160800 154289 211564 87301 90017 14728 155733 37030 220575 79479 216118 79479 127034 211564 49856 229078 147145 103719 99013 154289 211564 127034 84653 0 49856 211564 170563 155745 154289 37030 103719 127034 28439 2312 14728 2512
0 37030 0 37030 106711 37015 49856 155736 103719 67390 127034 107266 106711 160800 154289 211564 87301 90017 14728 155733 191559 79479 216118 79479 127034
31042 216653 31042 216653 106711 37015 49856 155736 191559 103719 67390 127034 107266 106711 160800 154289 211564 87301 90017 14728 155733 191559 79479 216118 79479 127034 107266 106711 211564 155745 154289 211564 67390 127034 216020 191551
0 0 231205 0 0 106711 14397 21208 232548 197631 48053 81322 225715 0 0 106711 155389 154289 211564 154882 14728 143422 204029 232548 48072 103719 0 79419 97888 0 0 229078 80153 103719 2584 37388 0 0 211564 186152 234772 211564 209622 26434 189998 154289 221131 0 2593 211564 77879 43448 229078 156301 37388 211564 225715 79419 19833 14728 0 166799 211834 0 106711 211564 155471 209622 230742 229078 149622 178611 14728 166834 214106 103719 211564 0 211564 97151 175970 103719 21208 232548 79419 225177 103563 79479 211564 48053 17824 211564 235488 166801 211564 48053 94173 189950 200504 103719 211564 189950 63276 154289 232548 79419 103719 21205 211834 235488 166801 39206 0 211640 196129 2794 211564 48053 94173 13123 209637 79479 0 0 14728 0 230742 166834 103719 178092 215389 219707 232548 55327
0 174149 0 106711 196936 215473 7973 709 116867 67390 154289 0 174149 211564 232812 0 49534 81322 211564 104181 21179 216682 0 230959 126212 103719 211564 17827 211520 106711 152375 0 66466 0 211564 183361 21179 11019 79519 36156 151115 77302 190004 0 47948 214004 211564 0 97197 212204 25234 0 154289 211564 130919 177455 0 230742 229078 36156 105890 211564 97329 212204 36146 202124 178725 214106 211564 25234 92143 5632 36147 155337 211564 195797 232108 107433 158183 0 0 116429 0 14728 214219 30869
0 0 143813 211564 0 0 143813 106711 167814 160934 103719 211564 23832 171690 154289 158988 211564 0 0 0 229078 80153 37388 0 0 0 0 124165 214004 171676 167814 166706 79479 211564 0 162859 154289 23832 103719 2637 103719 0 0 0 211564 160934 229078 53704 155337 211564 25337 154289 211564 167814 164526 154289 0 7685 0 0 14728 0 0 0 0 211564 0 154289 211564 15961 143813 103719 0 23832 211564 0 154289 211564 160934 106711
108379 113194 162863 160934 108379 113194 162863 160934 0 106711 167814 160934 103719 22148 113194 103719 158988 113194 211564 130919 42473 154289 167825 154289 0 106711 22148 113194 103931 86094 0 108379 113194 162863 160934 229078 79769 155337 2428 110829 2625 10196 0 211564 43574 103719 167814 195835 154289 22148 113194 37388 167819 154289 186152 188807 154289 212409 220575 211564 0 154289 211564 80154 154289 22148 113194 0 144339 0 114977 211564 172826 154289 0 79760 229078 214004 171676 166706 214004 211564 162859 212564 230742 212000 39206 203220 79479 211564 104105 14728 0 154289 211564 197680 211564 77879 51485 154289 108379 113194 162863 160934 229078 95534 103719 0 155337 58381 2631 113982 211564 59433 170579 103719 139727 211564 42521 52820 154289 2730 136992 69054 211564 77879 170203 154289 211564 160934 195338 211699 211564 160934 154356 201307 107433 232862
12187 0 12191 115721 0 152302 3671 2477 110829 2616 229078 39216 170924 102041 98182 123266 231788 94900 166799 189828 103719 211564 147865 98182 122906 150025 232108 211564 44926 30308 94655 14728 149657 235368 175931 156298 0 106711 117085 79479 53708 211564 94335 216771 215715 103719 98182 230711 94900 230204 105890 214979 193753 214004 37298 94335 37164 230711 94900 80147 155389 94900 125211 94900 52784 152082 10054 107266 211564 193753 158185 130085 58113 232108 0 14728 185390 211520 102493 94900 189276 87318 103719 211564 149841 83155 94900 166799 94900 233011 111067 86505 97401 211564 94335 80748 154289 43817 0 152082 155471 189276 212475 87318 37164 80175 10255 211564 214979 132622 122898
0 113194 211564 0 113194 106711 211564 104135 113194 221167 154289 211564 0 90017 211564 0 158988 107433 156275 106711 63040 14728 191132 81322 211564 0 97464 211564 104135 33829 154289 211564 0 214004 47227 211564 156275 0 211520 108379 14728 113194 106711 152082 160800 154289 211564 179339 154289 104132
141611 0 141611 0 17824 155389 154289 212475 61621 115941 154289 143498 79479 141613 211520 103922 0 143498 230711 211564 230964 141612 87519 103719 211564 186152 62317 14728 0 143498 230711 211564 141612 0 125207 214756 0 143498 79479 141612 106711 230711 211564 32083 28439 20433 232135 141612 143805 212116 154289 211564 20433 19128 183176 23761 211520 17824 20524 37388 200343 211520 39206 202990 22689 14728 79958 14397 73831 154289 212204 143498 106711 202997 211564 195257 73831 154289 225477 79479 141612 14728 153879 28439 111067 218938 20433 198218 73833 154289 141613 211520 17824 125207 212204 103922 101018 150922 14728 158284 102493 211564 141612 94173 142930 211454 218938 20433 211699 212110 85439 142930 49996 0 111067 155389 142930 20420 106711 9054 197529 152375 211834 17824 212475 20433 125207 103719 229254 98088 230717 211564 218938 101018 20433 17824 32895 20524 214004 211564 42521 158284 20420 178778 232108 101018 211834 229078 155389 115916 154289 202997 37164 103719 229254 211834 17824 218938 115941 154289 202997 14728 80175 157248 115941 154289 225477 38675 0 0 19128 193952 27236 211564 20433 103719 43007 90017 155990 141613 125207 229254 39206 0 103719 195875 61621 229523 0 14728 0 202997 0 0 0 14728 0 0 202997 230711 211564 218938 20524 20433 143805 21857 14728 215447 211564 42521 20420 20119 211564 186152 213307 0 202997 230711 211564 218938 20524 20433 63539 152082 143805 21857 14728 215447 211564 42521 20420 20119 211564 186152 213307 0 111067 125207 211564 147143 187959 0 106711 230711 211564 218938 20433 143805 21857 14728 215447 67181 157248 0 212204 143498 106711 125207 0 155337 47873 87591 22689 14728 79958 155471 96237 14397 20420 106711 211564 0 14728 211834 17824 218938 105240 154289 155389 0 102493 163529 98461 221873 211640 93203 103719 81351 154289 211670 14728 172993 211834 218938 77630 103719 194776 14728 27362 211834 0 215447 14728 21857 81322 211670 96237 211564 213575 154289 211564 77630 17824 211564 20524 20433 14728 211564 0 106711 211564 42521 20420 0 212204 143498 106711 125207 163529 106711 228483 155337 0 230717 211640 0 106711 211564 42521 20420 14728 211640 76325 17824 211564 218938 20524 20433 141613 232108 142930 211454 212475 20433 17824 73569 142930 49996 14728 94564 73569 142930 0 230742 17824 198253 38675 0 141250 67181 149657 0 141194 106711 25292 61621 49469 154289 211564 195875 193952 7978 211564 142930 20433 103719 211564 141612 211564 142930 229523 212000 39206 26117 49478 79479 143422 141613 232108 20433 211564 152743 154289 168985 0 79479 211520 141612 106711 0 230753 125548 141613 155990 141613 232108 211834 20433 103719 202677 125542 94564 0 0 141250 222475 0 136045 211564 0 154289 141612 39206 26117 38508 37388 216365 211564 32083 125207 200362 212204 106711 222422 26439 125207 200343 32065 179398 70598 214004 202990 107266 157515 14728 107266 13123 207902 70598 214004 0 107266 214176 211564 70598 148625 214004 202990 155990 0 211564 32065 106711 59866 155337 211564 0 154289 211564 32065 230742 106711 179268 37388 211564 200343 51045 14728 211564 177706 134087 155990 42473 154289 134087 154289 211564 218938 20433 20524 214004 68769 70392 0 37388 211564 79799 222419 214004 0 211564 70598 148625 214004 41747 225477 103719 211564 32065 106711 106711 166517 51045 106711 80966 14728 179272 211564 176309 20119 230742 211564 32065 106711 0 214176 14728 172477 16505 10253 211564 121956 211564 75813 212204 176309 26488 106711 211564 70598 179395 214004 172900 14728 172474 211564 32065 214176 211564 177705 134087 106711 211564 218938 134136 154289 211564 20433 144655 214176 14728 63247 37388 211640 9079 222475 173989 136045 211564 79799 211520 60212 211564 200343 106711 73802 211564 186152 19128 211564 0 136045 225105 73879 155471 42817 0 155990 70598 124361 17824 12795 212116 154289 211564 70598 124361 19128 201875 155337 120673 230717 163529 39206 155471 87301 221873 155990 64834 155389 0 20119 213307 111067 19128 211520 163529 39206 201077 155337 211564 199163 28439 0 197529 211564 32065 39206 152082 94564 14397 70598 28439 70598 124361 212204 149657 79799 26488 230717 106711 173989 152743 155990 70598 124353 211520 39206 207868 223470 154289 211564 201361 211520 70598 124361 39206 155471 87301 221873 155990 64834 155389 124353 20119 213307 106711 117085 19128 190516 183824 230742 201367 211520 211564 155471 12795 0 28439 70598 124361 17824 230717 59284 106711 211564 70598 216022 230711 125097 154289 42817 80966 97949 141612 211520 94173 225477 231007 143498 0 214004 211564 186152 80966 211699 211564 125097 85463 8085 105890 211564 141612 14728 211564 70598 81322 211564 125097 41751 211564 32083 214004 143805 103719 211520 199476 0 143498 37388 0 79479 125097 211520 85463 8085 189138 39206 210179 102493 42817 115916 154289 141611 32065 106711 211834 14728 134331 107266 10255 125993 154289 141613 211520 94564 211520 32065 99838 198218 141613 125207 95641 14728 0 94564 155471 155389 20420 14728 64144 94564 16352 32083 212204 135976 211520 212000 232553 8079 16352 125097 103719 211564 186152 229494 141612 232108 142930 211454 155389 20420 39206 211564 199476 77241 154289 44501 211520 222417 141611 0 103719 211640 203344 103922 104616 199530 0 14728 0 199530 0 232108 0 26870 142930 231111 222419 14728 94594 212475 0 154289 107433 158183 211949 0 17824 117085 19128 148448 0 138908 0 14728 75509 0 199530 211564 79278 106711 84653 125993 154289 211949 77241 14728 176858 232891 16898 148448 0 0 0 154289 199473 204070 19128 171501 75904 127786 127786 0 14728 229254 82092 222417 106711 153776 103719 211564 10599 170897 79382 163904 14728 44479 104313 138908 0 143422 168604 154289 211564 0 77241 106711 222419 103719 0 203208 154289 156271 14728 0 50051 75509 0 212204 77235 106711 124118 168604 212407 107266 94173 80147 222438 103719 0 203344 0 106711 222419 79479 211564 0 14728 0 203355 154289 0 156271 14728 29675 206745 154423 19128 0 209736 214004 0
80175 19471 213091 211564 80175 19471 213091 155990 19471 65054 17824 211564 97169 60716 0 154289 98942 117662 195406 198989 117893 14728 207753 211949 178112 230243 211564 77879 149731 0 52931 212000 17824 117085 26439 212000 92143 225177 97138 90060 176316 212000 26434 180765 225177 75799 14728 75799 0 28439 211564 67289 2572 14728 2627 152375 162859 187916 211520 12554 80175 0 17824 180765 0 12554 80175 19471 213091 94564 97169 68123 14728 0 232840 79519 49866 214004 157251 103719 211564 178090 211564 67794 204024 202517 154289 117893 14728 207753 26434 117085 19128 211564 140120 155337 211564 93148 181560 14728 211564 207753 140120 212204 95751 132560 60721 52931 212116 134960 212000 52784 26486 180765 214672 72448 211564 213082 0 0 211564 80175 213091 89529 180791 225177 174293 198218 154289 212204 229078 26439 211949 52931 124165 49852 49915 142930 14728 198218 154289 212204 229078 26439 212000 201307 214004 190615 142930 214004 157248 52931 211564 221179 201367 95751 66466 211564 48905 228806 26439 212000 61486 228767 211949 52931 214004 26486 49792 52931 221304 198218 157248 52931 12554 211564 19471 213091 216810 214004 74323 190615 212110 214004 180765 0 147905 212000 89529 180765 225177 174293 212000 92143 64699 67794 90060 79479 58308 67181 147863 229078 152082 59429 14728 162859 230243 152082 225177 80748 103719 211564 67289 234783 12554 154289 211949 52931 122199 26434 0 14728 162859 152375 212116 207753 14728 117893 17824 124674 0
0 0 106711 222419 214004 208059 7973 211564 52931 154289 34076 184115 104132 45210 14728 198989 10129 132560 0 212116 211520 12554 211949 52931 17824 20119 195181 200905 154289 67794 60722 230711 162859 233174 7973 211949 52931 212000 222563 233174 0 155990 211564 0 52931 211564 8809 229078 106067 37388 109703 148815 14397 67802 230959 232851 79479 0 0 103719 2747 94900 233215 14397 18923 211520 94900 38675 36146 28409 86941 67794 0 138343 14728 198989 117893 230243 211564 155471 157248 52931 232108 0 211520 17824 125207 211564 0 37164 148815 61448 152082 103922 211949 52931 26439 212000 230243 50970 13090 142930 60716 19128 212000 230243 13090 136992 154289 211564 0
0 0 211564 0 0 106711 34250 154289 63755 229904 232108 127053 0 92485 211564 34250 156426 103719 45210 14728 106711 14098 211564 67278 34257 0 0 230243 154356 177296 37388 211564 13837 0 48053 103719 2585
125993 154289 47117 160556 103719 204216 212204 106711 125993 154289 47117 160556 103719 211564 42738 52947 154289 204216 70687 211564 230964 154289 211564 63100 106711 0 211564 230964 154289 211564 63100 106711 0 211564 79776 106384 52947 32662 106711 0 211564 230964 154289 211564 63100 106711 0 211564 230964 154289 211564 32662 106711 0 211564 230964 154289 211564 63100 106711 0 211564 79776 0 144841 32662 106711 0
151431 143813 211564 151431 143813 0 106711 14397 105688 156296 90017 154289 52931 230959 63539 152082 228767 214004 26117 154356 0 81154 232108 155990 10255 16352 131069 169353 30847 90017 154289 52931 103719 2810 211564 143813 92143 0 136992 14728 2004 153740 52931 211564 90017 229078 201307 103719 27014 103719 2573 107266 229078 53704 37388 235667 170203 0 0 0 104132 77879 170497 139919 0 0 68470 189950 170203 0 0 0 85593 77879 170203 0 0 14728 104249 77879 170203 0 12554 78054 122868 27026 211520 60721 52931 193890 152082 95750 68769 211564 230384 155990 67411 0 103719 211564 48905 228806 212000 13123 27026 211520 60721 52931 193890 152082 26117 0 155990 49792 37164 193890 217615 214004 77580 61621 229494 214004 95750 211640 162859 211564 94558 58467 154289 2602 185390 211520 211564 172826 154289 211564 156296 106711 214004 95750 52931 113978 211640 211564 147865 104105 199082 210921 0 14728 190039 154289 151431 52931 103719 211640 203220 10255 0 0 148989 174865 14728 12554 79797 154289 79587 0 153862 0 105569 155990 0 19128 230072 19128 10255 89263 169353 14728 30847 167825 212204 135976 211520 212000 228772 214004 88529 211640 52931 232141 211564 0 155990 49792 52931 210190 211670 99821 211564 52931 154289 211564 151431 143813 17824 148458 218938 154289 211564 221179 147905 136992 14728 5305 154289 211564 232891 168624 28439 0 211564 151431 143813 106711 183909 37388 211564 189975 69054 20119 122153 204658 136325 19128 50964 160800 154289 211564 143813 232840 106711 0 20119 211564 221179 147905 103719 149657 235368 211564 43151 52932 13650 214004 211564 220274 106711 74195 214004 0 213307 14728 68286 214004 134604 50246 211564 151431 143813 211564 0 36717 13123 25239 20119 211564 220274 106711 211564 130919 105296 79479 62316 211564 232840 154289 211564 143813 209070 79528 0 14728 232862 90031
67794 60722 67794 60722 106711 211564 90060 154289 211564 201081 154289 126257 154289 52932 162859 81322 127786 168494 52932 214004 97138 180765 67806 230711 211564 126587 173945 154289 125014 106711 103644 211834 106711 142930 67794 60722 230711 197646 189138 203355 67794 60722 212000 127236 20119 127496 154289 212110 212000 228767 214004 117071 7973 211564 229466 154289 67794 60722 222419 37388 97868 212000 13123 228767 214004 117071 99821 60722 106711 93583 214106 212000 228767 214004 117071 231016 162859 0 199634 141962 0 212000 231473 131133 141962 142930 141962 103719 198218 52931 211454 103719 157251 212000 13123 228767 214004 117071 231016 162859 17824 28409 20119 131180 212110 214004 190615 103719 198218 52931 211454 103719 157251 79479 162859 232108 49285 0 155389 229494 214004 135993 67794 60722 106711 100355 60722 100355 60722 106711 225177 103563 14728 103929 211564 95014 154289 211564 162859 14728 211640 68126 212204 222563 87519 214176 232108 67794 90060 19128 162859 103719 52932 26486 0 14728 85439 28409 68126 212000 13123 222563 85439 180791 26439 95023 68123 232853 17824 142930 0 28409 20119 131180 212110 14728 180791 232853 39206 10054 95014 14728 68126 211564 100355 60722 104124 127246 20119 99821 127053 162859 126209 99821 230072 162859 176818 99821 132560 162859 87301 214004 188807 14728 99821 144135 141962 162859 131133 0 13123 127236 20119 211564 176309 154289 90060 230742 106711 99821 75799 52932 85463 180791
149731 0 52932 211564 210766 149731 0 52932 0 106711 0 47413 222419 37388 167814 189138 14728 0 214004 208059 7973 191779 52931 18574 211564 232891 0 17824 52931 230959 202124 17824 152082 60716 52931 37164 17824 63844 28409 211454 157248 60721 52931 0 94564 75799 90050 0 14728 74323 127496 103719 0 132560 212110 103719 211564 52932 43564 174293 19128 162859 81322 211564 52932 143805 214004 211564 47024 214004 207868 109957 103719 74902 0 222563 192509 198218 157248 49742 76214 103931 0 154423 177140 205281 81322 105688 156298 204070 19128 211564 0 14728 157248 0 205281 31446 99838 19128 71212 120458 14728 197646 201090 210412 214004 26117 194808 229623 103719 0 132560 75053 215693 205284 94564 0 201090 79479 0 211640 170897 14728 54111 211564 0 154289 109957 214004 0 0
205775 0 205775 0 106711 232548 197631 209622 81322 0 127801 21205 211564 232528 197631 209622 229078 79769 103719 2637 14728 106711 10196 0 0 231205 211564 143422 204029 209622 103719 21205 107266 166834 103719 211564 0 211564 214756 122906 103719 0 232548 197631 211564 189950 200504 205775 0 0 106711 166817 103719 211564 122906 67390 63276 211564 232548 209622 106711 189998 154289 211564 205775 0 230742 229078 80153 103719 2486 230753 211564 131807 17824 166817 103719 127801 47394 154289 127801 0 79419 211564 232548 209622 106711 225177 204029 103719 211640 77879 234772 212000 232553 211564 189950 122906 14728 171166 214004 211564 0 103719 211640 77879 234772 103719 211564 0 212000 176792 211564 5523 166386 157515 154289 209637 14728 211564 55327 77539 103719 211564 2750 189821 212000 176792 211640 77879 0 232141 127475 134331 14728 232108 931 817 87318 212000 26434 211564 0 209622 14728 232553 73650 43448 195338 212204 189821 103719 211564 2767 189821 212000 193860 0 87318 166801 154289 211564 200504 17824 136992 154289 211564 21208 147865 209622 19128 2195 134939 2798 147865 209622 219707 232548 55327 219707 232548 43447 122906
0 0 106711 34867 215785 155736 49856 211520 106711 160800 154289 211564 147865 74348 90017 107266 171686 161110 175322 191559 155337 211564 127034 0 14728 0 175349 125542 81322 0 202913 175349 201394 103719 211564 47071 154289 127034 214004 211564 151938 211435 83934 17827 154289 199016 72588 103931 0 14728 0 212204 183242 229078 38675 211564 0 80439 14728 229078 178894 211564 72588 0 80439 103719 2772 211564 130919 183242 81322 0 202913 214004 0 225411 0 106711 4421 143955 14728 211564 75814 0 110441 213307 81322 0 202913 214004 0 106711 5429 143955 86521 14397 21611 199553 154289 4546 143955 13227 211564 183242 39206 26117 64211 103719 4872 143955 86521 14397 21611 199553 154289 5055 143955 211564 125542 55486 94173 134918 199553 125376 154289 13227 211564 47394 0 0 69073 144639 221167 215797 230742 183909 155337 107266 17824 39687 154289 134918 199553 154289 26694 110829 2750 107266 215695 220575 211564 147143 0 175322 211564 55485 62330 106711 110791 0 211564 151816 154303 191551 17824 154289 68599 215797 162942 99700 0 49570 14728 123016 0 202913 9080 150392 191559 155731 28439 0 0 0 9080 143107 161939 191559 155731 28439 0 0 201122 0
0 54321 201394 0 54321 201394 106711 220635 201394 155337 211564 0 125542 155337 211564 127034 220635 206730 107266 106711 149841 214004 0 230338 14728 0 0 1002
0 0 56424 195058 186830 0 117085 19128 0 155990 0 110534 32619 155337 76226 2593 103719 0 57630 0 34076 106711 34079 79423 211520 39206 166784 155337 68769 194518 154289 211564 77235 19128 231788 155990 94900 39206 166784 19128 0 94900 166834 79479 211564 199278 209622 76135 24625 154289 120370 125074 211564 214756 63276 154289 79419 103719 199229 94900 166834 79479 211564 34076 147865 79419 209622 20119 105688 124353 0 110117 186830 103719 2754 14728 155337 132800 2772 94900 130085 97782 58290 79479 186830 20119 2004 234783 154289 10337 94900 189276 97782 77879 87305 10255 0 0 229817 10196 97782 58290 155337 17007 1573 2794 0 189276 78054 87318 79479 186830 26274 0 103719 211564 34079 55327 122199 211564 48053 233011 231648 211564 55327 0 88365 177506 0 79479 229657 134013 103719 97782 42270 10196 0 163136 79479 34076 2004 209622 20119 211564 2772 2004 232891 55327 155337 110829 3457 2794 0 229078 190513 103719 211564 200504 79479 211564 34076 209622 37388 149657 94901 48275 0 0 79479 81153 134331 10255 222374 209622 155337 20929 389 2794 94900 189276 155337 97782 58290 103719 231648 79479 34076 155337 132800 3530 2798 94900 189276 218863 103719 231648 10255 189316 20119 211564 70001 200857 103719 211564 204636 154289 2805 0 229078 33055 37388 211564 199278 48053 76135 24625 79479 5390 139506 0
0 89315 201394 0 89315 201394 106711 220635 201394 155337 211564 0 125542 14728 63100 125542 155337 211564 127034 220635 206730 107266 106711 149841 214004 0 160580 0 14728 0 0 0 125542 191559 155731 214004 212204 201394 67289 0 14728 122184 0 102493 211564 63100 125542 106711 47950 0 215797 231473 202463 96237
0 202913 175349 201394 0 202913 201394 106711 130919 127034 210776 107266 106711 155732 37388 0 12554 0 191559 18706 14728 0 81322 211564 201394 107266 106711 211564 130919 127034 0 79479 0
127034 201394 90017 211564 127034 201394 90017 106711 90017 154289 2195 175349 201403 103719 42521 127034 212000 17824 160800 154289 211564 147865 175322 149370 143422 17824 210776 201403 135966 211520 212000 17824 20119 211564 70392 154289 211564 175349 125542 211564 201394 90017 106711 193952 155337 212968 19128 127034 0 19128 154289 2810 211564 90017 106711 130085 221873 154289
0 172470 0 172470 0 0 123182 0 152302 389 2507 17007 2805 28409 117085 19128 0 172470 229078 14397 13837 75781 60296 192713 106711 117085 79479 80158 0 172470 103807 230742 131156 47972 232108 34686 49300 161520 26439 211564 33845 94173 26631 225177 168604 232108 180765 162859 0 94173 26631 38675 211564 174133 154289 0 0 123182 0 150178 0 229078 32619 155337 152302 389 2507 103719 0 149657 235368 96131 75861 229078 181821 0 14728 96131 143469 229078 0 0 130849 147143 0 192713 229078 211564 138926 45081 232108 14397 154879 195761 147145 133786 0 14728 235494 195761 147145 78707 0 96131 143469 0 229078 14397 95479 214004 211564 201081 154608 80000 0 63294 181821 14728 133505 0 0 103719 2521 0 230204 214004 211564 0 188807 103719 149657 235368 47071 12974 232108 0 195761 0 103719 2547 192713 88734 81322 140467 168798 188807 103719 0 50775 192713 20580 211564 49066 188807 0 49066 103719 149657 235368 47071 37164 123266 10196 155389 0 214004 232840 19128 0 19819 103719 230338 226394 14728 122199 19128 227322 20119 211564 225306 99511 103719 211564 35164 103719 2551 192713 133505 163785 172470 211564 88927 154289 172271 110351 172470 212000 143807 214004 159341 26126 230717 0 201307 96131 47978 49856 0 172470 103807 103719 2585 0 14728 163785 230243 63294 192713 133505 0 0 198502 10196 192713 123294 43566 96131 147143 214004 0 0 37164 96131 47978 49856 114443 211564 0 172470 120417 0 51319 214004 126209 103719 159341 26126 0 61505 81322 39284 103719 2633 0 94173 212475 45105 81322 96131 133501 214004 163785 163785 0 14728 0 163785 126243 103719 0 149657 235368 232108 97782 231238 0 14728 78054 45105 0 0 0 7425 14728 0 0 55486 126243 103719 230338 159341 26126 78746 232108 96131 100713 96049 14728 212475 45105 0 0 14728 0 0 106711 55486 95757 157515 103719 78746 232108 211564 0 172470 33845 172470 61505 155337 17007 2805 103719 96131 98682 103719 159341 26126 38615 81322 147963 41751 20119 10337 6440 0 14728 163785 191707 103719 159341 26126 78746 193828 10196 211640 133501 163785 158184 191779 78746 47063 0 14728 232108 81461 81322 211564 0 0 155686 110744 201077 155337 225411 0 111067 154303 232980 21607 103719 159341 26126 103719 211564 53044 154289 232862 20119 211564 110744 201077 0 80147 211520 0 110744 130085 0 154289 96131 47972 190159 214004 97028 211564 110744 0 192713 60294 0 193119 65312 130085 154289 34686 49300 170592 52708 0 80147 211520 55641 127729 96131 65312 197529 192713 130085 142930 214004 190615 20119 96131 110744 201077 73592 192713 229078 190634 142930 0 211454 110744 14728 58417 214004 79099 155337 131180 14728 190634 230638 92143 26486 117085 19128 96131 0 103719 2567 0 26434 170203 154289 96131 158183 49856 0 172470 103807 211564 49856 130919 74910 229078 126612 103719 138498 78746 14728 211564 0 230243 170882 37388 211564 114734 230338 93203 170590 0 49856 103719 114734 230338 81322 211564 2572 214004 211564 67289 2607 0 34686 49300 47972 230243 225177 168604 232941 37388 180765 162859 204070 19128 77879 120714 107915 114326 14728 136992 154289 211564 181969 0 14728 230925 75338 99838 37388 2611 0 76498 192713 229078 152082 94594 19128 144135 81890 19128 192713 222419 214004 14728 179879 47960 64834 96131 71076 47978 37084 103719 2633 211564 181071 214004 211564 0 172470 33845 230243 33055 37388 0 232920 103807 212000 0 0 232108 211564 99158 154289 34770 22689 211564 33845 26439 212000 111067 127729 0 211640 143481 14728 195766 127729 0 14728 212000 228772 214004 34765 211564 125542 22689 8412 214004 0 96483 0 106711 152082 106172 103719 211564 57919 214004 57919 183958 154289 211564 49856 37164 192713 51320 214004 63539 212110 125207 0 149657 60300 0 14728 49048 214106 211564 49856 94173 6170 0 172470 194790 202505 13123 117085 19128 225411 202505 191779 49856 179801 202505 190640 214004 104112 158184 202505 14728 106711 103719 131069 59841 202505 204070 19128 0 127357 14728 209463 0 14728 0 132879 155337 58381 2950 2794 0 232920 103807 229078 33055 37388 158228 104313 103807 12974 232108 232548 47978 211564 49856 13123 131156 137055 47978 45105 47978 0 47972 193668 109471 0 0 180173 103719 2794 14728 0 211564 49856 201307 0 49047 103719 2794 0 172470 94173 130085 199447 49048 232108 0 170605 155337 211670 14098 211670 0 59284 0 0 83239 59284 59284 59284 14728 59284 0 192713 94173 95534 0 155337 96131 74824 158779 214004 227470 155337 230742 0 231473 85439 211640 158183 170605 125929 0 0 90727 211564 154354 0 0 14728 107433 191231 217501 0 107266 230964 149657 154868 232891 187916 0 172470 47978 106711 145387 107370 79479 0 232548 211564 145225 154289 125054 75781 97888 103719 0 26126 78746 175834 14397 74058 81322 20929 2794 212564 134939 2798 7973 211564 47978 14728 60300 154289 0 172470 145225 62330 0 0 201356 0 172470 75781 106711 178573 214004 211564 13837 74224 107266 106711 0 214004 159341 26126 52947 214004 78746
199163 194223 49374 62446 211564 199163 194223 49374 62446 153875 230711 199163 194223 49374 35061 221873 230711 107266 229078 0 211564 20403 155337 76226 2754 211564 41747 154289 211564 62446 229078 211520 165298 154289 0 35061 81322 211564 74426 81645 208510 212204 130085 98463 103719 211564 194223 231777 66466 107433 71163 99560 83793 71018 211564 231777 41756 107266 214004 34131 221873 12554 154289 211564 162859 155337 31256 61505 230711 107266 35061 221873 160927 154289 49374 230243 80147 8816 211564 201354 154289 211275 211564 88542 154289 211564 221179 201367 94173 214312 162859 230959 77580 160927 154289 211564 199163 194223 214004 179984 211564 160927 214004 211564 88542 102493 212000 63539 152082 86505 211564 160927 22689 212000 134939 74823 123283 162505 73569 214106 160927 17824 202124 26870 80147 12554 154289 211564 80147 160927 17824 55486 103719 36146 158184 37388 147682 147682 106711 217624 214004 85439 12554 154289 211564 160927 212000 228767 214004 77329 157515 211564 41747 154289 211564 8341 212000 99148 85468 211564 160927 22689 231473 95750 211670 63539 212204
0 14728 0 0 14728 0 17824 197646 90031 79479 49066 203336 212407 198253 97138 188829 94564 211670 214672 212000 74091 143430 103719 211564 221179 201367 14728 73312 211564 232827 0 14728 0 17824 122246 79479 35254 14728 195761 14728 222419 214004 193919 0 28439 136992 212000 13123 0 230733 211564 90017 106711 79479 137055 155990 232548 0 17824 155471 79479 232548 0 17824 170482 79479 137055 37164 124118 154423 0 39206 26117 79479 32895 137055 14728 232548 0 14728 0 154423 94564 90031 20119 132560 61621 188829 67181 0 155990 0 106711 86509 218938 155990 212475 89307 124221 214004 38657 211696 79479 73831 0 13024 0 155990 0 13024 44874 155224 214004 210179 211564 61617 28439 90031 20119 61621 188829 38675 43744 67181 43741 106711 86509 15713 191644 154289 89307 124221 79479 73831 131807 103719 211564 0 0 0 230959 87519 214004 211564 221237 154289 127635 20119 0 106711 160800 154289 211564 0 73789 0 44874 43741 43744 198253 94564 99745 155337 155990 148448 211564 39179 154289 211564 49066 211564 136992 20575 211520 136992 39206 126209 103719 0 14728 0 154423 160851 103719 49799 191551 0 14728 0 17824 154423 73940 135966 162859 230959 228767 214004 110116 148622 214004 26117 106151 214004 63539 197529 212204 106711 64211 66466 170800 38675 0 66466 184061 162859 230959 228767 214004 110116 43741 231473 208059 214004 55485 136992 102493 211564 136990 212116 211564 163529 0 106711 87949 77990 79479 211564 90017 212000 231473 85439 14397 0 38675 29048 214004 110116 211564 43741 102493 211564 163529 0 8322 212000 26486 0 211564 0 163217 106711 213307 230711 211564 0 106711 152082 235012 81807 136990 14728 134939 123001 155990 26117 177977 136993 20119 16352 213307 198253 136992 154289 211564 43741 231473 172946 211564 0 212564 216650 198253 212000 17824 211073 155337 211564 97888 154289 211564 0 212000 17824 217624 214004 110116 229657 22900 232108 211564 0 124221 155337 107266 20119 12554 213330 155990 163145 172247 191551 198253 211564 216650 17824 54535 57195 155990 0 102493 211564 216650 17824 54535 107266 106711 38675 0 0 106711 102950 103719 4758 201367 10196 211564 0 163217 211564 0 26488 81807 136990 154289 211564 43741 14728 0 155990 0
0 143681 63755 211564 0 143681 63755 106711 34250 154289 63755 81322 206238 211949 63814 17824 0 230742 135976 211640 48354 154289 82007 106711 130085 221873 154289 212475 49314 30308 230835 14728 0 212000 17824 84893 127846 14728 87949 232108 45105 0 143681 63814 17824 225177 121947 63814 229904 81322 5969 214004 931 169292 4015 214004 5261 115795 19128 9550 212000 230243 77879 222419 214004 172474 0 14728 232851 19128 12554 75621 63814
77761 67784 77761 67784 106711 7973 211564 68258 154289 77761 155337 211564 67817 230717 107266 153879 211564 179765 154289 77761 17824 203340 14728 13123 230638 41751 211564 77824 103719 132560 67817 77761 95767 113978 211564 92051 95023 73833 154289 204070 92054 17824 211564 151901 13837 169593 14728 0 67817 14728 211564 198989 10132 0 103719 211949 67817 77761 95767 0 211564 92051 103719 0 166408 132560 166611 14728 216423 94564 9021 14728 148622 77761 214004 90046 230072 155990 79479 211640 190142 214004 0 102493 211564 77824 17824 202475 65656 232608 14728 58075 166611 0 0 14728 216423 211520 41450 77761 67382 231473 201304 90050 230711 212204 17827 77548 63743 41450 77761 107266 231473 131133 211564 0 121956 14728 142930 56977 14728 26117 93715 214004 51429 103719 211564 221179 201367 39076 94564 130085 162859 27025 211520 0 17824 13394 22852 79479 147986 212204 49534 81322 211564 154868 27020 211520 67817 90046 215448 200818 206730 14728 0 125207 77824 202463 211520 14728 60445 211564 93926 154289 147986 37164 229614 94564 195338 122962 211520 103719 198218 17831 77761 106711 148625 214004 131133 211564 206730 232840 171268 77761 13123 95767 0 154289 132560 92054 211564 166611 14728 15337 103719 211949 92054 94564 9021 214004 171475 211696 81322 77761 14728 198253 145387 94564 77761 214004 205555 202124 77761 39206 115700 162859 155990 36880 64834 36147 152375 51436 36907 17824 198253 64211 214004 94564 77761 230717 107266 106711 148625 37164 64144 124165 107266 87301 230717 107266 39206 41747 56973 214004 162859 155990 211640 171272
0 0 211564 0 0 90017 103807 155990 111067 0 0 106711 14397 106126 24257 14728 0 77852 212000 17824 106172 232108 86941 106126 24257 0 106126 131825 14728 157248 77557 191559 130939 232108 0 47753 212000 17824 13123 117085 214004 26117 170487 58115 103719 211564 221179 201367 216358 190039 133257
211564 171690 211564 171690 106711 149787 211520 191547 211564 34867 49374 171690 103719 39211 211564 171690 229078 80153 103719 2408 211564 159988 229078 33055 103719 2486 37388 0 75344 211564 149787 183969 56743 14728 106711 211564 143422 176818 149787 103719 211564 171690 154289 34867 49374 232108 211564 223551 204687 49570 103719 189950 166386 211564 149787 13123 92143 174983 201394 147145 0 14728 107266 0 107433 124797 103719 76226 154289 2532 10196 211564 39216 34930 52265 214312 107266 214004
211564 223551 204687 211564 223551 204687 106711 149787 211520 191547 211564 34867 49374 171690 103719 39211 211564 223551 204687 229078 80153 103719 2461 211564 149787 183969 56743 14728 106711 211564 189950 143422 176818 149787 103719 211564 171690 154289 34867 49374 232108 211564 171690 49570 103719 77879 166386 211564 149787 94173 211564 121959 0 103719 223551 13227 107433 200888 154289 0 94173 0 127496 103719 177149 234783 211564 223551 204687 106711 152082 160800 154289 211564 204687 136143 43138 230742 94173 149789 103719 214979 157336 231860 38583 14728 68066
0 0 106711 47071 103719 85075 107266 229078 80153 103719 211564 5035 42593 37388 0 154289 0 103719 211564 1357 42593 107266 26434 70173 0 229078 177083 103719 211564 2943 42593 0 94173 211564 0 0 166578 19128 154289 2750 211564 47071 92143 839 162859
0 211564 0 106711 0 199473 195181 214004 211564 0 0 0 155990 104135 0 106711 211564 121959 126257 0 107266 106711 147910 214004 198989 19469 14728 199004 19469 211564 199473 106711 125995 19128 227714 155337 211564 0 177506 125993 195338 2614 168624 0 17824 200818 103719 230072 17831 14728 17824 36146 221873 103719 77019 17831 230742 92143 26631 0 211564 0 106711 211564 208096 199473 154289 231379 41659 211564 0 0 106711 38675 0 14728 211564 0 0 106711 38675 0 211564 64035 79730 154289 211564 0 0 0 106711 38675 0 155990 0
190129 0 211564 210766 190129 0 0 17824 191779 63040 90031 154289 74432 190129 166611 0 211564 154882 80054 73683 154289 166611 154289 212204 219051 106711 81322 221982 60807 202767 14728 212000 0 160871 66466 211564 0 14728 163333 163230 0 58487 66466 211564 137819 71679 14728 92143 143430 62416 37388 211564 70392 154289 211564 53890 212407 198218 80054 0 166611 190173 214004 94564 205556 105890 0 213330 103719 209081 211564 50229 154289 211564 0 87519 22689 214004 211564 122184 2652 42593 230711 0 38953 214004 0 211520 132560 0 80071 0 0 0 92143 0 76214 125207 0 34867 0 130085 211564 54102 62570 211520 198218 154289 211949 0 230243 19830 232108 190142 14728 50307 211520 211564 0 14728 190142 27219 214004 211564 186152 166611 104837 107266 229078 202124 212409 211520 212000 230243 105648 28439 211564 0 14728 0 14728 72448 103719 211564 70703 232891 212000 230243 177831 214004 19128 190129 0 155990 0 214106 143422 0 178004 211670 19128 26870 155471 0 178562 214004 0 14728 211520 211949 147158 17824 0 37164 211564 147158 94564 149634 203315 122199 66466 211564 2943 42593 211564 50229 154289 0 229078 74170 214004 103922 223845 137819 90031 154289 190129 166611 232108 0 0 198218 0 13123 103925 190129 166578 90031 232108 71076 123012 204070 19128 0 14728 107433 178575 230742 229078 47577 202997 211564 50229 211564 190129 0 230243 37388 75509 211564 67278 190129 166611 14728 145387 94564 103925 211564 14683 154289 211564 122199 166611 212000 17824 200321 8816 175921 154289 0 14728 132560 0 214106 233011 178004 0 19128 126136 142930 211454 0 88711 197529 63743 211564 50229 154289 0 94564 16352 223467 214106 132560 0 202124 222417 211564 210766 103719 14397 104581 190997 79479 211564 190129 166611 211520 17824 152082 0 0 0 155990 0 0 155990 0 0 155990 0 212204 106711 160871 222422 79479 74432 190129 166578 90031 231007 178571 17824 221276 229614 39206 38657 211670 0 232108 151115 0 154289 26870 47196 13123 79479 0 155990 0 211564 210766 0 106711 222422 0 79479 60213 0 0 170740 170882 37388 190129 166611 230742 17824 154423 80147 103719 0 14728 137819 80054 0
110079 0 181821 110079 0 32619 20929 2547 103719 0 112589 106711 179879 13837 79419 183958 22689 230959 222419 214004 166784 79479 211564 149657 235368 109419 14728 229121 0 154289 211564 149885 94900 229078 150178 211564 61558 94900 232553 204931 33355 0 232108 211564 229121 0 230717 94900 229078 13123 211564 145657 14728 106711 136990 154289 211564 0 181252 154289 75314 94900 229078 104275 105890 211564 170723 79419 92751 154289 75314 103719 2631
0 0 106711 211564 121959 14728 28289 84918 154289 211564 74432 190129 0 211564 0 18568 103719 211564 199016 95867 18574 211564 26732 154289 211564 163333 3844 0 234783 10531 211640 63093 8816 191779 51303 123146 0 0 214004 204277 211564 199016 51303 230243 155357 214176 103719 195440 205000 87873 211949 166611 230204 155337 214004 26486 211564 64051 69229 154289 211564 199016 78690 212564 211564 179678 154289 211564 163333 37164 62416 103719 12927 12554 166408 20119 211564 70392 154289 211564 163333 0 211564 155471 0 216665 177401 17824 225177 67278 216665 123012 81322 0 104132 73569 211949 177401 17824 198254 0 0 214004 0 14728 49983 0 154289 163333 14728 216665 202767 20119 0 13227 143422 141226 0 0 0 211564 0 154289 0 105890 122199 160927 154289 211564 216665 14728 103719 198218 40999 105890 211564 111010 211949 17824 140533 25239 155337 0 154289 195181 123012 204070 19128 212397 154289 0 0 155990 0 0 230243 212746 155389 154289 211564 131069 41338 154289 211564 70392 134087 73582
0 211564 0 17824 90017 154289 190129 166611 232108 212475 84649 211640 73729 178571 17824 220447 37164 107266 106711 152375 47565 211520 212000 17824 178562 214004 67181 157248 211564 212475 84649 17824 143422 0 14728 141611 203344 0 211520 0 14728 0 0 81322 67181 157248 142930 177151 211454 81322 0
172470 172470 134939 177812 214004
14964 14150 128032 14964 128032 17824 199278 0 24053 79769 37388 0 0 14728 128032 0 212000 105966 211640 77879 42078 103719 2754 0 229078 32619 155337 17007 2609 14728 128032 0 155337 191188 3598 2609 212000 126212 103719 0 120370 0 14728 212000 230204 214004 211564 186152 188807 155337 134939 3457 2754 212000 68028 211640 77879 11886 230742 92143 1163 198390 211564 195440 198311 58065 0 26434 211564 204636 198357 103719 199229 212000 197964 142930 211454 5056 51761 18574 211564 232891 211640 189950 11886 229078 38675 0 138485 0 14728 107266 229078 68028 155337 2757 211640 212164 11886 229078 0 58065 0 107266 92143 930 198390 14964 233215 191764 154289 211564 198390 14728 128032 233215 78054
229011 0 229011 231512 0 108565 3244 2544 191188 2754 229078 14397 13837 181955 195421 14728 145279 117085 79479 103931 97782 202719 14728 198254 54102 155808 154289 125014 103719 97782 129066 0 233215 132560 198390 211520 230243 0 14728 154423 167814 132560 75359 145280 94564 185390 212000 125211 0 232840 103931 107934 0 35356 0 31305 66762 14728 148814 235488 97782 143422 75359 198390 103922 0 154289 127034 122683 91117 14728 141962 0 211564 0 212283 0 14728 110087 203064 221873 211564 24053 12554 154289 211949 17824 81322 97782 212164 14728 143422 75359 11886 0 33417 2600 0 94173 233190 132560 198390 211520 230243 177396 37388 157248 18983 211949 103922 168494 168494 0 135912 214756 4546 97900 37388 125465 0 8343 125207 0 0 174983 0 14728 0 64834 211564 231678 0 198253 177396 155990 186564 53187 198390 94900 125211 214004 195400 31305 66762 0 155337 95125 64394 14728 123835 48787 77879 229614 207868 132147 94900 229078 154423 90672 155337 122184 150392 232108 57825 0 14728 211564 122184 193919 232108 57825 0 0 122199 186564 232108 0 155337 97900 198220 211564 98182 198357 232108 161567 0 14728 136992 154289 211564 41979 156101 94900 92143 127496 154289 170762 103719 97782 125014 103931 63293 0 14728 204332 20571 94900 13123 92143 0 154289 63667 14728 212204 115718 97401 94900 61448 152082 117071 94900 92143 39284 221763 63667 52784 152082 95750 97401 0 229078 32619 103719 44926 102978 97782 160489 230243 214004 231512 0 190012 109457 14728 28499 51738 195218 0 81322 185924 121016 47071 222592 212000 198502 143807 214004 0 38615 37388 211564 10337 154289 1163 0 198253 226585 102634 202853 230717 94900 203340 141226 47402 145265 0 160489 63294 230711 94900 229078 1795 234783 154868 10196 211564 63293 94900 65507 157515 154289 97138 188807 14728 143807 81322 127460 15050 214004 149657 235368 214004 26486 79217 195421 103719 2600 0 178602 97782 143422 168604 14728 54103 0 11886 0 33417 174983 201403 154423 166799 211564 198390 154303 211564 11886 72448 0 154289 127034 0 154289 127034 14728 0 33417 230243 32895 73833 154289 30308 100453 110144 7973 22852 212110 211564 11886 13123 92143 211564 198390 0 211564 0 212283 0 14728 122683 91117 14728 141962 230742 230243 32895 0 100453 198390 7973 0 182346 202407 147145 211564 11886 155389 154289 211564 143422 103563 11891 103719 211564 2591 212000 185390 211520 94900 148814 235488 107934 0 14728 35356 0 230243 80175 154289 211564 28289 149657 18983 214004 0 103719 211564 2591 10196 0 33417 229011 0 172270 22852 128118 0 103719 57137 188807 103719 2604 212204 11886 92143 211564 155471 157248 198357 177396 37388 0 211520 176792 211564 29415 214756 390 42817 86366 42817 86366 106711 180613 14728 31076 198357 233190 37388 12635 0 212204 11886 229078 58594 214004 114251 0 230959 38733 97443 182919 0 0 106711 233178 230959 233180 145993 152298 14728 0 176896 125211 0 202517 94900 137914 0 103719 14397 0 172946 214176 37388 211564 110435 161567 148900 79479 0 212204 0 95751 0 152082 65385 214672 144135 11953 229011 0 61448 152082 125207 214004 87301 214004 211564 63660 14728 149622 230204 214004 155389 230711 94900 229078 14397 9535 26694 166817 20119 211564 68066 79217 145265 76926 103719 2750 94900 201307 76313 0 14728 201307 214004 94564 46062 0 230711 0 214312 97782 0 97782 170762 97782 0 177324 190154 63660 230711 94900 77548 226585 155389 211564 63660 61155 97401 232108 0 229011 0 61448 152082 228767 214004 85439 216361 79479 97782 39284 102493 107266 139097 113978 97401 81322 131180 145265 197529 105240 94900 201307 214004 131133 97782 77539 11886 213771 211564 231678 94900 92143 127496 154289 81154 230959 95751 97401 131133 211564 11886 211949 81154 103925 35356 0 64144 0 107934 0 213390 0 110005 228606 57825 0 29462 31305 212364 0 94014 214398 0 66687 0 14728 157251
0 110079 0 110079 106711 211564 212164 121959 166317 49856 25239 103719 211564 221179 201367 107433 94961 17824 103719 0 114397
0 0 211564 156149 0 51211 211564 195875 205558 199473 154289 0 0 0 106711 211564 130919 84918 14728 211564 90017 19128 230964 134939 26117 38675 0 212000 17824 196936 0 0 154289 211564 14793 143689 154289 198989 13835 2729 139506 234783 10531 211834 230243 20119 122983 191764 84649 103719 198989 13835 214106 111067 212475 84649 178719 212000 126209 103719 0 79636 14728 0 178112 154289 211564 97138 14793 0 230243 8058 81322 198989 13835 221763 211564 89263 13837 105504 212475 139506 234783 10531 14728 17824 170173 152375 155471 103719 211564 151987 160800 154289 211564 51297 0 0 94564 127491 89991 214004 211564 211949 14728 157248 0 106038 211520 77459 211564 186152 67779 0 149634 211564 175932 154289 0 0 14728 0 0 0 0 0 17824 7973 211564 195912 154289 196936 176288 1365 48173 127053 232108 212100 125344 127053 167575 197424 14728 196634 0 207659 212000 17824 121949 40536 26870 8871 100582 154289 105106 0 14728 196936 225128 212000 94564 196936 74584 14728 168494 194737 14728 100575 103719 211564 67289 73572 14728 20119 150392 222475 211640 95038 14728 127053 191012 0 214004 0 170375 212000 190173 214004 199634 144135 154289 211640 126243 103719 220635 36962 14728 155337 205399 0 121949 26439 154289 211640 0 0 92051 212000 17824 225177 168503 117085 177149 203344 204277 211520 212000 134939 26117 142930 49742 211454 92143 26631 212409
0 211564 0 106711 0 154289 0 0 131770 107266 50990 103719 78054 0 126257 156158 230742 51200 143422 154289 211564 232891 0
0 120686 55327 211564 0 120686 55327 106711 211564 55327 49928 103719 21208 232548 197631 107266 229078 77879 166799 103719 211564 2593 189821 220575 211564 0 154289 211564 225715 79419 19833 19128 120686 55327 195338 211564 2631 189821 211564 120686 55327 106711 220575 211564 0 154289 211564 0 21208 79419 19833 14728 106711 38675 0 81322 2757 213219 2772 211564 49928 229078 38675 0 10196 211564 130919 200123 154289 211564 55327 0 81322 186043 211564 55327 106711 166799 232108 4015 209637 103719 78054 183194 211564 210381 136992 154289 211564 0 14728 3051 209637 81322 211564 150673 76252 201367 207868 160800 103719 211564 77879 183176 211564 209637 230243 65201 10196 126587 19618
0 0 106711 14397 74432 84918 154289 170520 216402 166578 212000 230243 211564 77879 121947 121387 166611 14728 131069 160800 154289 211564 48302 79636 217345 78690 212000 230243 100219 157787 14728 211564 0 230243 154423 157787 103719 61222 198253 38675 85864 48053 0 212000 17824 8901 47953 214004 211564 0 0 211454 214004 0 212000 0 66466 211564 0 203588 154289 211564 0 0 139506 234783 234783 10531 211564 50403 230243 217345 205950 14728 175361 79649 154289 100219 181560 206730 144135 121956 211520 211564 13630 25330 211564 181560 166459 230742 229078 211564 95049 154289 211564 0 202992 8816 0 5057 116867 81322 67411 39211 214004 211564 219928 14728 229078 5970 116867 231107 212204 233011 131133 211564 0 25330 121956 211454 16352 230518 155337 67320 214106 211564 175388 206730 49017 7973 92711 212564 211564 0 14728 229078 179185 37388 51638 0 47770 211564 0 79649 70414 230711 211564 121387 124353 229078 175430 37388 211564 170245 154289 211564 87873 51297 10255 0 41756 211564 237304 154289 51182 214004 26117 175430 211564 70392 154289 211564 48302 135997 133306 211564 70392 154289 211564 0 163217 45210 229078 214672 75509 21857 214004 26117 10000 14728 211834 211564 0 79649 51319 79479 15713 5055 139506 234783 105890 211564 67289 163333 0 92143 208073 212025 0 211520 176163 0 14728 230243 214827 232108 54471 154289 0 33832 0 48114 154289 123012 211949 123012 230243 127053 14728 147633 195181 214004 121947 30431 154289 89059 14728 230243 0 211564 47951 158585 61231 122885 0 123266 155337 211564 217565 14728 201763 19128 211564 166578 89529 171676 198218 154289 211564 143422 105557 14728 49742 80071 103719 0 0 14728 0 48302 59927 211949 80071 127236 144135 125207 213606 215672 155990 0 196141 211564 0 155990 122885 0 230243 50024 154289 89315 0 213705 0 37388 211564 0 53197 14728 26870 0 232108 0 138849 0 212564 230742 40103 62197 81322 211564 11019 0 105890 166611 0 211564 0 154289 0 233011 94564 26631 89315 221304 141226 216423 230742 94564 0 151431 35294 155990 89198 24788 0 94173 26631 0 214004 85864 96166 211564 0 170882 225177 126136 102493 16352 232608 143422 203204 205281 38953 81322 212025 24788 178090 212204 178090 178722 18574 211564 217565 19128 0 122715 211520 61448 152082 0 154303 125207 211520 154289 143422 141226 216423 19128 211564 216402 89529 211564 122885 0 74170 214004 0 211564 104008 231151 154289 211564 217565 211564 33832 154289 212204 166578 70414 103719 50455 203210 0 61448 152082 170881 190142 125207 132560 141226 166611 105240 107266 0 37388 135976 154289 200166 0 17824 219051 154289 0 216402 182663 80054 80147 103719 0 182022 212000 230243 211564 182671 154289 48302 79636 0 216423 204070 19128 0 14728 0 67181 217565 92143 80175 154289 212397 182671 0 106711 79730 0 19128 211564 84918 14728 199473 154289 211564 166578 0 211564 182663 39485 26117 102313
0 65762 0 58065 0 14728 49856 154423 0 106711 14397 13837 44479 49856 0 0 65762 0 80153 107266 103719 110829 2202 19128 91114 139425 0 229078 211564 232891 212164 121959 44479 49856 25239 155337 133257 0 14728 150724 25239 155337 180093 103719 2772 107433 202268 170402 106711 50019 154289 211564 0 110217 104297 21611 103719 211564 2943 42593 0 60716 132560 0 204070 19128 0 0 0 0 0 0 0 0 0 77114 0 0 0 14728 0 0 60716 0 0 79479 211564 51647 104318 14728 122199 142930 0 81153 0 107266 60716 206660 0 14728 158908 103931 0 0 0 33872 154423 26486 0 79479 105223 0 229078 156422 105425 214004 26117 215696 37164 174293 38953 105890 49742 222388 107266 106711 100219 44479 49856
0 0 0 0 32619 2950 108565 2602 103719 0 0 106711 199278 195421 94900 203340 103719 211564 188807 0 0 0 232108 211564 79799 165594 76730 12981 94900 233215 198357 79479 97401 38675 130386 12981 103719 2754 94900 130085 97782 77879 11886 195316 0 58065 0 230742 92143 930 198390 103719 58381 211564 186152 234772 94900 130085 218938 149657 198390 0 14728 0 230742 230243 225177 204029 103719 2757 155389 154289 97782 198390 0 120370 128465 0 229078 45828 214004 179257 120370 0 0 0 155389 234772 122199 94900 130085 97782 189950 195440 11886 0 68889 0 0 0 94900 197964 142930 211454 2730 51761 154289 107266 198218 234783 122199 94900 130085 212475 11891 142930 152378 94900 166834 103719 50260 18574 199229 14728 198989 13835
0 0 0 106711 206071 49856 130085 37388 0 0 230959 106711 168604 79479 131180 0 107266 201307 103719 134939 2772 107266 106711 55486 211564 49856 211520 53704 14728 0 0 37164 13123 60729 157248 83195 155337 191188 1573 2806 138865 33055 0 79479 29445 63935 10196 211564 58113 229078 130085 0 0 15599 211520 94900 233011 26117 123016 0
0 141610 0 0 0 106711 75344 154289 0 154289 211564 156149 0 17824 50988 154289 155471 218938 0 199473 211564 218938 199473 154289 0 0 17824 176157 14728 168503 220714 0 131770 154289 211564 60256 154289 230384 21178 0 0 199634 143422 154289 211640 213307 220635 49570 214004 211564 205399 155471 153820 170740 143430 10196 175409 212000 17824 30772 211640 74584 94594 26486 177706 214004 0 123783 220575 211564 196141 14728 212000 94564 151115 74426 67317 111067 158917 154289 213532 98465 97022 220575 212025 92485 212000 63539 152082 61671 163315 36962 77471 211564 218315 103719 26813 211670 19128 212000 143805
0 0 106711 203686 154289 0 230742 103929 100381 0 14728 0 107266 13123 103929 198218 74432 100355 178575 204070 19128 0 14728 0 107266 0 12554 212397 0 204070 19128 0 211520 18568 10196 211564 200049 81322 211564 157248 89263 16557 33529
76135 0 76135 0 106711 232548 79419 48053 81322 0 21205 211564 48053 166834 103719 211564 0 211564 97151 47394 103719 21208 232548 197631 211564 189950 200504 106711 166817 103719 0 122906 19128 2729 134939 2798 103719 0 147865 209622
0 0 106711 49768 107266 106711 80147 103719 211564 178090 0 103719 211564 0 59841 103719 211564 230338 154289 80413 211949 17824 211564 154354 195761 47024 154289 0
0 78030 0 78030 76226 2490 2428 134939 2798 229078 14397 106513 167818 230959 229078 218863 0 154289 106471 81322 110829 2608 214004 76226 2609 14728 10253 81322 58381 2609 214004 132800 2616 78030 229078 69054 214004 0 0 103719 2580 14728 103719 2585 214004 0 0 19128 77591 0 0 94900 191538 19128 79587 9994 139919 81322 2594 214004 2599 78030 229078 211564 122864 154289 77591 0 28439 2599 14728 2616 94900 229078 211564 198311 154289 0 78030 211564 77879 139919 79479 74426 9994 154289 211564 106513 80748 201354 79278 104105 81322 211564 221179 115973 103719 2484 20119 211564 213307 154289 97782 58165 78030 229078 211564 170203 154289 211564 105264 154289 105688 14728 73314 9994 92143 49388 103719 211564 106513 213330 14728 153820 130085 16799 155337 210151 171017 0 78030 229078 32619 103719 65815 103719 2490 105890 225177 167816 8871 75344 97782 75861 229078 0 78030 14728 229078 211564 139919 79479 74426 9994 20119 211564 213307 154289 97782 198311 29953 78030 190942 92143 26631 8871 103719 0 0 66466 211564 106513 228806 154289 104105 14728 92143 26631 155389 154289 211564 80156 154289 0 146532 0 211564 160934 79769 214004 205281 211564 15173 216372 154289 2482 230742 53704 211564 106513 80748 201354 13227 190942 77329 155337 211564 170723 194518 154289 106471 167814 63246 0 78030 92143 178722 81153 232108 15961 179347 204070 19128 26994 131807 0 0 139919 103719 0 58065 0 88542 14728 75861 154289 0 54547 34643 211564 75338 154289 161443 0 14728 71985 0 230243 13123 80967 226589 214004 211564 78030 99723 78030 143469 211564 79776 0 229121 0 229078 147879 14728 179344 154289 220058 171514 60193 96131 198311 233011 122199 60208 97782 167814 153634 19128 211564 53711 154289 0 106471 230717 211564 151938 171516 154289 97782 143469 75344 215715 14728 211564 199016 41571 154289 97782 75861 52784 76309 71598 20119 98682 0 78030 229078 68123 20119 211564 0 0 49066 14728 221237 49066 65815 0 81322 230742 94900 88734 232108 22660 154289 18998 58903 103719 2543 122199 179990 214004 49973 164141 230742 94900 153776 103719 2584 94900 229078 58661 105555 103719 211564 167825 154289 211564 199278 47117 228806 14728 232891 228806 102710 34686 203331 230959 52850 14098 97782 0 103719 0 97782 82202 167814 181537 43873 0 230959 13123 116951 109923 0 211564 126235 57780 154289 34867 18445 154351 180767 0 76472 203331 230978 78030 133505 103719 2544 79278 97782 221237 68126 103719 2544 94900 201307 232862 232108 0 0 211564 201354 11110 154289 106471 14728 26434 14397 21271 155337 211564 202772 67794 166571 154289 216118 66466 212204 213307 94900 233215 132560 149787 18927 229078 211564 106513 0 79479 211564 67802 130312 14728 229078 70354 214004 233174 155337 147865 8428 14728 67797 37388 211564 76214 68037 103719 211564 106513 213330 94900 178722 103719 0 0 221763 2567 230711 10196 0 203355 154289 211564 67797 154289 106513 104318 103719 216975 49066 65815 94900 26434 0 103719 67797 20119 0 78030 229078 13123 173933 19128 0 81322 211564 115967 0 154289 106471 0 78030 229078 0 214004 71014 167825 14728 107266 229078 204278 37388 191779 136992 154289 0 0 103931 43873 0 14728 138545 0 211520 94900 193890 110116 211520 160934 220066 78030 130085 97782 71163 105890 160934 167825 220575 211564 0 154289 77591 0 94900 20524 97443 214004 211564 124674 231777 154289 77591 0 230742 0 18574 211564 111067 197680 171013 233190 37388 0 0 78030 229078 69054 214004 0 0 103719 2580 14728 198502 36156 221873 97782 167814 170954 78030 229078 69054 214004 0 0 20119 211564 2585 84653 69057 79479 211564 65815 198989 67390 51083 211564 186152 234772 94900 153776 97782 164300 79479 0 122199 172270 220575 211564 213769 166571 103719 106471 94900 26434 14397 103563 77329 12927 103292 103719 211564 160644 160934 14728 97782 124674 102295 230243 190178 19128 0 214004 211564 50941 122864 124615 0 61617 103719 167814 0 14728 78030 0 79479 211564 77591 0 122869 179761 103719 0 0 28439 211564 218938 137055 103719 97782 122869 9091 214004 211564 2593 77591 0 0 0 103719 52075 0 177831 214004 211564 0 80258 230959 193890 26117 0 157515 154289 211564 160934 177817 190178 37388 132560 19128 14397 20531 155337 78030 68289 214004 0 97401 19128 122864 10196 211564 2594 84653 69057 77591 0 38953 214004 169353 103719 48314 88542 232108 211564 120482 160934 232108 124615 0 19128 0 78030 99149 211520 94900 233011 207868 157787 19128 139919 79479 77552 160871 10196 87949 163135 103719 169742 58203 232108 211564 8894 139919 79479 77552 85064 0 99838 211564 168939 230204 214004 0 184287 232108 78030 26489 139919 79479 79587 9994 107266 229078 40977 154289 97888 0 107435 19128 78030 75861 92143 95534 211520 168992 103719 88542 123146 37388 124615 0 75861 0 77286 234783 67276 97782 16918 214004 0 99710 211564 94961 154289 211564 59841 154289 79587 9994 233011 94564 100219 68252 155337 78030 158183 40279 14728 211564 82202 154289 77591 0 0 229078 0 154289 78030 124674 102295 14728 27026 211520 94900 92143 60300 155337 211564 122869 66466 97782 163217 103719 79587 9994 78030 60716 87949 178570 232108 124615 0 14728 12554 211564 210572 211520 92143 74092 28439 211670 103719 155885 62416 211564 139919 182302 92143 43566 127496 195338 97782 75861 57919 106471 229078 151115 127084 136990 154289 211564 49756 154289 147905 37164 103719 2594 92143 110117 211564 73314 67794 49799 0 152375 117085 19128 211564 73314 221131 73037 78030 19128 79587 139919 229078 80748 81322 16352 0 65941 214004 157248 139927 0 154289 211564 67806 102493 16368 97782 213307 20119 211564 59841 154289 79587 9994 95751 97401 214004 8599 211564 122869 154289 211564 160934 97782 0 225776 70598 14728 0 103719 80931 232553 97401 14728 212564 97401 106471 201447 103719 73314 9994 75509 0 211564 52932 195912 14728 0 211520 211564 77879 106513 170202 154289 211564 73314 52820 103719 2597 229078 152109 204024 103719 2599 211564 147865 48314 154289 77591 0 14728 120482 204192 0 69065 58707 103719 211564 84653 69057 124615 0 179540 19128 160934 122864 14728 78030 229078 45828 214004 204016 97401 103719 97782 149657 182302 19128 122864 154289 211564 155885 14728 160934 122864 94900 191644 7973 0 14728 0 77591 0 94900 103292 16914 84653 214004 0 12554 154289 212204 0 51759 81322 0 0 220575 78030 77591 0 74225 176078 181429 103719 205281 14728 168612 37388 211564 152302 2609 69057 107266 95534 155471 78054 189840 77021 211454 0 0 211640 47955 73595 132988 221763 2798 20119 213330 0 0 229078 148458 218863 19128 121947 232108 77591 0 103719 211564 0 29228 211454 0 0 14397 0 8601 37388 211564 213307 154289 211564 2608 84653 69057 77591 0 92143 160934 129782 211520 52784 67382 134331 0 0 211564 160934 232553 5752 189840 14728 79769 140007 48314 88542 232108 211564 120482 160934 14728 211564 205281 154289 152743 154289 104109 0 78030 229078 69054 0 155337 3843 110897 2608 214004 211564 205482 154289 132560 78030 0 0 184287 180767 36835 14728 214398 0 79776 77591 0 0 81322 211564 37977 218938 81930 170762 74829 78030 66466 97782 77879 163217 151938 106471 14728 211564 0 67794 195835 171513 132800 103719 205281 154289 211564 30851 100545 0 103719 110829 2608 229078 58125 232108 37388 78030 0 155337 155389 153817 230717 94900 232108 178575 154289 211564 100545 203055 94900 177977 214004 136322 211564 75344 154289 31325 0 143924 211564 154351 0 154289 211564 171709 106415 100545 0 14728 211564 77879 214004 61497 155337 212204 203055 12974 232108 211564 195761 154289 176630 0 230959 92143 61505 155337 2950 134939 66466 211564 136325 218938 154289 212263 0 195766 133786 14728 0 35061 64834 14728 123266 211564 136325 133786 0 201356 211520 94900 63844 152124 94900 19535 79479 0 78030 211699 156151 0 214004 178867 211564 75338 81322 211564 136325 78030 179655 229078 103719 211564 232827 154289 0 0 214004 122704 12554 211564 0 79479 211564 100545 0 155337 211564 179344 143813 14728 214004 204277 14397 103291 0 70392 214004 211640 139389 39070 211564 67794 54038 229078 13123 127496 232956 211454 78030 92143 76174 77591 0 92143 214004 0 107433 166577 79479 209388 103719 211564 183909 214004 211564 69057 14728 0 138908 35981 229078 105966 12927 103292 211564 110829 35981 190174 0 0 79479 88542 59866 155337 104109 0 205281 99838 211564 189950 35981 105966 37388 110079 0 123146 214004 211564 88542 193640 58707 103719 0 0 155337 211564 73572 154289 3530 108565 2609 225772 97782 58707 19128 127480 154289 205281 78030 94918 214004 0 14397 0 214004 19507 211564 170203 161443 0 214004 62992 211564 0 14728 38657 84653 69057 230711 94900 88365 211834 94900 229078 214312 211520 190942 155885 77334 14728 198218 104109 0 103931 0 0 122864 14728 73789 43873 0 34506 0 14728 0 25004 92143 130085 191406 154289 210091 38733 0 211520 211564 170203 0 214004 88969 211564 0 212204 233011 79519 78030 214004 179536 19128 0 14728 12790 211564 0 214004 0 198226 69626 79479 211564 168992 211564 170203 106711 185390 214004 94564 0 178509 204070 170245 178008 107266 19128 89930 0 14728 88971 211564 0 103719 211564 203865 84653 69057 103719 76226 2609 77591 0 127491 155471 218938 189840 14728 230243 157515 154289 169353 99838 212164 84653 69057 232135 68600 142532 103719 152302 2609 179761 103719 78030 26870 179986 19128 0 79479 189950 213307 94929 77591 0 48314 232108 232862 131082 58646 67794 0 64053 78030 189950 210766 19128 230072 19128 97782 77879 211564 0 154289 0 0 103719 156149 214004 177705 97138 147865 58274 148625 77852 51429 154289 172247 199637 14728 120482 80147 212204 93681 214004 8314 211564 81153 178570 211564 0 60716 232108 0 61380 200343 204031 21752 49016 154289 211564 48314 79479 142930 211454 80175 234783 60375 0 28439 157248 139927 14728 0 211564 88542 214004 205555 77591 0 228772 214004 0 211564 67806 37388 51439 172247 199637 14728 0 0 103719 156149 214004 177705 211564 172247 35981 0 211564 135997 171319 37388 78030 139919 79479 77552 11660 66054 230243 49975 0 214004 211564 120482 160934 230742 229078 220575 70883 170245 81322 107433 205281 25234 214004 130954 172247 191559 211564 218938 160885 103719 88542 80147 211696 103719 0 168939 212000 202475 211564 77557 54038 81322 0 37164 52784 152082 207868 211564 0 8856 211520 233011 84686 67794 90060 232108 0 67794 90060 14728 121947 188064 220838 211564 78030 88542 229078 58661 221452 232108 211564 172247 211564 0 0 155885 9054 214004 211564 0 154289 211564 88542 37388 207931 0 0 14728 0 125542 103719 155881 73650 204278 177896 14728 0 19128 0 79479 189950 213307 78030 0 0 154289 106513 197680 214004 53703 230638 94900 38675 211564 151431 147863 154289 214572 14728 57857 97782 20568 214004 105965 63293 229078 58708 103719 177824 13227 94900 61448 0 106471 0 122672 51445 170723 13813 15961 47459 230742 229078 201356 214004 0 211564 181060 214004 125014 154289 211564 0 232108 65941 178004 214004 211564 71580 181060 214004 125014 154289 211564 143469 229078 9054 214004 211564 106513 51091 10255 78030 9608 103719 147865 177824 78030 191644 221873 211564 149657 106471 80014 103719 2610 230742 35272 214176 179266 154289 211564 51092 167814 160885 103719 211564 179339 14728 211564 147879 0 81322 211564 151901 13227 211564 0 160885 0 97782 0 214004 110116 14728 211564 80014 0 0 223845 79797 154289 19833 28439 151938 106471 14728 211564 179339 230243 178509 0 37388 34867 170497 139919 132953 211524 211564 80014 171677 211564 0 79479 211564 0 154289 191417 148740 28439 211564 106513 14728 34867 88547 230742 0 103719 211564 15173 10591 154289 152302 2612 212204 10591 171677 79479 136053 37388 230742 211564 179339 154289 106471 52784 26117 0 37388 211564 34867 88542 220575 132953 211524 178008 211564 0 154289 151938 106471 14728 229078 0 155878 37388 0 103719 151938 106471 231007 0 12554 179540 211640 189840 103719 211564 34867 160641 103719 171513 149657 69059 230243 179395 214004 26117 95534 103719 151938 106471 103719 230742 211564 0 127491 211564 189830 154289 0 14728 0 214004 0 0 154289 211564 0 230753 211564 10591 229078 0 14728 50368 37388 0 107266 229078 185390 214004 26486 211564 25337 79479 60721 217584 14728 49742 8856 28439 211564 88547 230742 103719 213307 233011 220066 34765 7973 211564 0 202913 58467 154289 2633 14728 211564 122199 179344 14728 0 0 103719 2614 78030 216810 214004 0 97782 37977 37164 42817 139927 103931 152089 25047 0 177977 214004 143805 81322 97782 95014 14728 197646 230062 0 211564 0 157539 154289 211564 37977 43574 82092 0 78030 21271 211564 149657 171032 59440 160934 229078 122389 20119 211564 186152 213307 37388 0 0 157515 154289 211564 63279 232135 0 0 0 107266 203201 14397 103291 45771 232108 132560 0 77591 0 205284 230959 92143 213607 154289 211564 75039 214004 81839 9091 211564 67794 54038 14728 230959 0 79479 0 0 167770 81322 78030 190154 107433 205281 25234 220575 20531 81322 211564 181060 155471 202957 211564 0 154289 78030 77591 0 49038 214004 34131 232108 211564 120482 160934 16954 60375 211640 122864 47948 0 232108 211520 160934 0 37388 67794 54038 78030 216810 214004 179433 198218 154289 97782 0 214004 177896 211564 201354 14728 94900 171319 103719 211564 204636 154289 2614 177824 214004 43564 211564 51091 214004 12790 79479 63293 211564 171319 13813 229078 0 103719 51449 14728 211564 132560 0 123283 43574 148625 230243 152082 47577 170179 0 0 155878 211564 177824 12974 232108 211564 182381 41566 46303 14728 121402 105560 232949 7973 171272 181071 211564 58707 154289 211564 177824 0 211564 75846 154289 211564 88542 103719 108565 2616 211564 120482 160934 136992 154289 211564 88542 232119 81322 211564 88542 157787 0 65941 214004 35981 0 78030 51319 19128 0 94929 140007 77591 0 88542 14728 171319 211564 0 0 0 211520 120482 92143 30861 79479 198218 80175 234783 0 0 179986 214004 169353 103719 132800 2616 10196 77591 0 230243 95135 58708 103719 211564 2616 84653 69057 211564 171032 59440 232553 198218 1365 189840 130939 81322 77591 0 13227 0 61448 152082 94564 14397 157794 131082 230711 107266 38953 214004 227470 211564 104109 197654 0 214668 89442 227471 10255 78030 37164 0 155337 0 190154 0 19128 211564 124132 154289 218938 0 211564 176960 79479 212204 229078 89442 163535 179344 0 14728 97782 155885 214004 211564 15173 10591 0 229078 69054 0 155337 211564 41255 227470 154289 211564 0 0 78030 179879 19128 122864 154289 77591 0 103292 10196 211564 69057 37388 211564 0 154289 43873 0 19128 0 214004 26117 179185 37388 11660 66054 97782 21296 12554 103719 125014 16801 103719 2629 103292 26489 28289 94900 179879 49975 81322 167825 20119 211564 2631 84653 69057 97782 231238 109923 0 97401 66755 103719 2640 10196 127053 102989 10196 211520 78030 233215 229826 49388 73650 187511 103719 211564 106513 213330 14728 0 231111 20119 98682 14728 8026 155337 172247 9994 94900 38953 157515 154289 179881 214004 39070 79479 234988 227470 103719 211564 189950 106513 177824 155337 211564 73037 216372 154289 150117 95534 103719 2750 94900 95534 211564 168992 154289 43494 154289 211564 147865 221237 154289 106471 81322 2638 214004 2772 103719 132800 2731 78030 229078 155337 211564 31256 154289 62335 154289 69057 230711 107266 50436 211564 232891 77879 172247 69057 73595 95534 157787 211564 105707 230742 229078 211564 18190 59433 170487 230742 229078 232553 37388 11592 88156 103719 211520 170487 0 0 104006 142930 211454 5056 157787 211564 2637 170487 78030 214683 122873 160800 103719 211564 39070 79479 211564 189950 177824 155337 211564 73037 216372 154289 0 103719 2772 94900 18006 79479 106471 214004 51318 232108 73314 105386 78030 94173 26631 0 154289 211564 177394 154289 211564 0 0 123146 88542 195338 2638 155337 211564 67806 14728 211564 147865 0 94900 229078 80967 54100 103719 97782 49388 103719 211564 106513 213330 154289 211564 127480 154289 0 211520 153875 14728 211564 104525 41748 37388 211564 209388 55698 14728 0 172247 199637 104007 154289 211564 42358 213082 71679 103719 2772 78030 177141 149657 0 39982 211564 77879 14728 155471 155389 214004 26117 172743 37388 211564 201354 195338 14397 67794 0 97900 211564 52932 103719 2768 103719 2794 78030 16801 155337 0 214756 4546 0 125993 103719 67289 2640 107266 229078 180060 211520 198218 195875 234783 67276 0 14728 0 24273 233215 154303 0 154289 12927 0 0 37388 78030 79278 211564 49016 154289 211564 11053 0 49856 90834 0 21678 103719 230742 94900 229078 0 43156 154289 0 20119 211564 213307 163785 0 229078 13123 79776 62330 154289 0 14728 92143 191538 19128 20650 84653 220575 78030 170618 214004 78030 0 97401 19128 106471 136990 154289 211564 73314 49712 211564 0 0 106115 212204 134601 14728 49866 211564 216368 37388 0 154289 78030 232108 211640 216368 154289 43873 0 212000 80147 151115 73683 154289 16352 0 104073 211564 0 95035 73683 19128 214004 211564 50964 0 211520 78030 230204 214004 73569 190634 97782 75344 98682 214004 0 211564 58274 214004 211564 28289 154289 97782 7859 211564 0 50307 103719 211640 179229 103719 204633 107266 233011 16796 211520 103719 0 97782 0 232108 211564 24247 64978 78030 0 154289 97782 155471 203909 0 147153 97782 75344 98682 20119 0 181722 171272 230742 233011 152375 26117 232980 50964 204566 154289 141962 19128 103719 143979 0 40977 211834 229078 203909 0 155990 0 193952 103719 64978 78030 40977 99838 103719 51397 232108 143979 0 40977 64978 78030 40977 106172 211564 68255 0 154289 97782 19780 103719 156149 214004 8599 191708 230719 143979 0 19780 230243 179808 226461 0 155337 134939 2798 107266 229078 179231 211520 78030 229078 191418 102939 103719 65815 99511 211564 0 0 114348 191033 97782 0 14728 38675 97401 14397 105269 94900 229078 172946 155337 0 155337 2428 134939 94900 61505 10339 6560 103719 211564 0 0 221237 99511 103719 65815 170203 133786 0 60209 97401 19128 131807 0 103719 211564 97888 154289 211564 201354 230959 51064 0 214004 131133 106471 28409 166386 79479 12554 107433 162859 97782 0 233186 63045 227051 14728 0 0 12554 49478 214004 131133 97401 155389 154289 157480 147865 0 7978 12554 0 78030 229078 217501 172247 191533 192713 185390 127053 10196 94900 0 8871 167825 0 51319 214004 0 214004 172247 125014 212564 97782 0 233186 14728 188781 97782 229826 49395 103719 211564 106513 213330 230243 72582 176834 79479 212397 230959 198841 70817 155337 211564 107199 14728 0 154289 211564 57919 0 0 114348 185390 64978 78030 229078 217530 178739 131807 230959 130085 217530 178739 51418 214004 106471 14728 211520 97782 0 0 14728 0 79479 125014 231473 26117 140475 37388 73651 94900 92143 14397 72845 0 79479 230638 52784 26117 8600 103719 167825 235471 52784 152082 213606 97401 157515 14728 97782 27020 211520 167825 14728 59429 233011 232840 79479 161904 79776 0 14728 77591 0 122864 110079 0 185390 78030 233011 201077 157515 19128 131807 230959 43566 106471 14728 211520 94900 92143 43566 0 214004 103719 211564 179339 214004 151938 106471 14728 214004 73312 14728 211520 94900 187834 211520 106471 52784 63539 28289 103719 73312 102493 107266 51415 0 214004 87318 14728 0 154289 157248 136992 97782 58165 153875 66466 211564 212164 57919 154289 174133 69426 102710 226577 214004 211564 179339 154289 106471 14397 73582 60294 214004 133240 211564 0 154289 211564 151938 106471 161904 170800 230742 0 78030 26706 232108 211564 15173 10591 103719 179655 214004 97782 58165 211564 174133 185390 154289 78030 229078 0 214004 95034 212204 143107 149757 154289 211564 58165 154289 0 78030 217501 201370 94900 130085 122156 51418 214004 161904 14728 231473 26117 89272 140475 34867 170497 139919 57825 38990 230959 229078 13123 103719 106471 185390 154289 97401 229235 97401 19128 203331 154289 167825 176333 211454 198226 106172 103719 167825 14728 94900 13394 203201 135912 19128 198226 230959 229078 201370 19128 230072 19128 167818 198226 230959 229078 103719 167825 79479 12554 211564 181060 176968 14728 198226 230959 130085 100219 51418 214004 211564 161904 170800 34770 0 79479 12554 211520 92143 93582 103719 211564 161173 14728 212116 211520 214106 154289 12554 57957 232108 211564 201354 226577 14728 211564 228935 178570 28439 34841 14728 106471 211520 94900 39206 190122 211520 198218 154289 97782 232840 26870 49974 211564 79278 88547 230243 123146 37388 78030
0 0 106711 49768 107266 106711 80147 103719 211564 0 178090 103719 211564 0 59841 103719 211564 230338 154289 80413
0 0 0 106711 49768 107266 106711 80147 103719 211564 178090 0 103719 211564 0 59841 103719 211564 230338 154289 80413
0 0 106711 49768 107266 106711 80147 103719 211564 178090 0 103719 211564 0 59841 103719 211564 230338 154289 80413
0 0 106711 49768 107266 106711 80147 103719 211564 178090 0 103719 211564 0 59841 103719 211564 230338 154289 80413 0 106711 218900 232108
27081 27081 106711 49768 107266 106711 80147 103719 211564 178090 0 103719 211564 0 59841 103719 211564 230338 154289 80413
0 0 106711 49768 107266 106711 80147 103719 211564 178090 0 103719 211564 0 59841 103719 211564 230338 154289 80413
0 0 106711 49768 107266 106711 80147 103719 211564 178090 0 103719 211564 0 59841 103719 211564 230338 154289 80413
0 0 106711 49768 107266 106711 80147 103719 211564 178090 0 103719 211564 0 59841 103719 211564 230338 154289 80413
122843 0 122843 0 106711 49768 107266 106711 80147 103719 211564 178090 0 103719 211564 0 59841 103719 211564 230338 154289 80413
0 0 106711 49768 107266 106711 80147 103719 211564 178090 0 103719 211564 0 59841 103719 211564 230338 154289 80413
120370 0 120370 0 106711 49768 107266 106711 80147 103719 211564 178090 0 103719 211564 0 59841 103719 211564 230338 154289 80413
0 0 106711 49768 107266 106711 80147 103719 211564 178090 0 103719 211564 0 59841 103719 211564 230338 154289 80413
0 0 106711 225963 103719 211564 0 106965 199229 107266 106711 155337 211564 106956 154289 0 230742 106711 103719 211564 151901 0 106711 168604 215375 17827 107266 0 211564 0 155990 211564 0 0 2652 42593 14728 106711 155337 211564 0 58065 0 0 211564 144841 145225 211564 145265 76926 14728 152767 18807 74065 211564 168759 154289 0 94173 127053 0 14728 231107 26133 120370 0 58065 186339 0 94173 191644 154289 0 232108 54736 229326 14728 191644 154289 169975 41853
0 0 106711 225963 14728 47117 160552 103719 0 70687 103719 2747 211834 230243 0 162859 126257 103719 0
0 0 106711 225963 14728 47117 160552 103719 0 72588 70687 103719 2747 211834 230243 0 162859 126257 103719 0
0 0 106711 225963 14728 47117 160552 103719 22526 204216 70687 103719 2747 211834 230243 0 162859 126257 103719 0
0 0 106711 225963 14728 47117 160552 103719 22526 204216 70687 103719 2747 211834 230243 0 162859 126257 103719 0
0 0 171210 0 106711 225963 14728 47117 160552 103719 22526 204216 70687 111067 214004 211564 230338 154289 106384 103719 2747 211834 230243 0 162859 126257 103719 0
0 0 106711 225963 14728 47117 160552 103719 204216 48341 204216 70687 103719 2747 211834 230243 0 162859 126257 103719 0
0 0 106711 225963 14728 47117 160552 103719 204216 48341 204216 70687 103719 2747 211834 230243 0 162859 126257 103719 0
0 0 106711 225963 14728 47117 160552 103719 79636 95090 204216 70687 103719 2747 211834 230243 0 162859 126257 103719 0
0 0 106711 225963 14728 47117 160552 103719 0 70687 103719 2747 211834 230243 0 162859 126257 103719 0
0 0 0 0 106711 225963 14728 47117 160552 103719 22526 204216 70687 103719 2747 211834 230243 0 162859 126257 103719 0 0
0 0 106711 225963 14728 47117 160552 103719 22526 204216 70687 103719 2747 211834 230243 0 162859 126257 103719 0
0 0 106711 225963 14728 47117 160552 103719 0 63100 72588 70687 103719 2747 211834 230243 0 162859 126257 103719 0
0 0 106711 225963 14728 47117 160552 103719 22526 204216 70687 103719 2747 211834 230243 0 162859 126257 103719 0
0 0 106711 225963 14728 47117 160552 103719 22526 204216 70687 103719 2747 211834 230243 0 162859 126257 103719 0
0 0 106711 225963 14728 47117 160552 103719 22526 204216 70687 103719 2747 211834 230243 0 162859 126257 103719 0
170270 200764 133786 170270 200764 133786 106711 225963 14728 47117 160552 103719 22526 204216 70687 103719 2747 211834 230243 3052 162859 126257 103719 170270 200764 133786
0 0 106711 225963 14728 47117 160552 103719 22526 204216 70687 103719 2747 211834 230243 0 162859 126257 103719 0
0 0 106711 225963 14728 47117 160552 103719 22526 204216 70687 103719 2747 211834 230243 0 162859 126257 103719 0
0 133257 0 133257 106711 225963 14728 47117 160552 103719 204216 48341 204216 70687 103719 2747 211834 230243 0 162859 126257 103719 0 133257
0 137943 0 137943 106711 168992 0 154289 95140 137943 107266 106711 154423 222419 214004 60208 0 14728 0 0 137943 106711 25292 212442 137943 37164 20119 196838 0 107266 13123 94173 10401 14728 203165 226984 95140 0 25376 0 14728 95140 90854 0 232108 219092 95140 137943 0
163904 0 163904 0 106711 198035 211520 106711 130939 130085 154289 40103 107266 106711 195181 214004 0 37164 107266 106711 82723 81322 163904 0 106711 130085 81322 48302 163904 0 39206 26117 222419 19128 14397 104297 81645 37164 211834 17824 225177 215512 37388 25239 155337 150162 14728 0 230742 131133 212204 0 163904 0 106711 13123 222419 103719 211564 13327 104318 14728 103719 211564 95086 216368 154289 201575 14728 106549
0 0 106711 225963 14728 47117 160552 103719 138908 204216 204216 70687 103719 2747 211834 230243 0 162859 126257 103719 0
0 0 106711 225963 14728 47117 160552 103719 138908 204216 204216 70687 103719 2747 211834 230243 0 162859 126257 103719 0
0 0 106711 225963 14728 47117 160552 103719 138908 204216 204216 70687 103719 2747 211834 230243 0 162859 126257 103719 0
0 0 106711 225963 14728 47117 160552 103719 204216 48341 204216 70687 103719 2747 211834 230243 0 162859 126257 103719 0
0 0 106711 225963 14728 47117 160552 103719 198989 0 60805 70687 103719 2747 211834 230243 0 162859 126257 103719 0
0 0 0 0 106711 225963 14728 47117 160552 103719 0 72588 70687 103719 2747 211834 230243 0 162859 126257 103719 0 0
0 0 106711 225963 14728 47117 160552 103719 204216 48341 204216 70687 103719 2747 211834 230243 0 162859 126257 103719 0
0 0 106711 225963 14728 47117 160552 103719 67924 55232 70687 103719 2747 211834 230243 0 162859 126257 103719 0
0 0 106711 225963 14728 47117 160552 103719 138908 204216 204216 70687 103719 2747 211834 230243 0 162859 126257 103719 0
0 0 106711 225963 103719 0 230338 235378 70687 103719 2747 211834 230243 3144 162859 126257 103719 0
0 0 106711 215473 14728 47117 160552 103719 33653 230338 235378 70687 103719 2747 211834 230243 5132 162859 126257 103719 0
223525 0 94153 0 223525 0 110534 110829 930 2513 76226 3530 2805 229078 14397 13837 165077 0 229078 32619 103719 0 127635 155337 110829 930 2513 94900 143807 214004 0 211275 20119 10337 195875 94900 61505 155337 76226 3530 2805 81322 32087 39284 103719 79943 232980 211275 10339 6279 19128 14397 99013 202913 103719 79943 232980 211275 229078 147145 10196 97401
0 0 106711 225963 14728 47117 160552 103719 204216 48341 204216 70687 103719 2747 211834 230243 0 162859 126257 103719 0
0 0 106711 225963 14728 47117 160552 103719 0 223225 0 70687 103719 2747 211834 230243 0 162859 126257 103719 0
181821 0 181821 0 32619 76226 2619 103719 156012 38615 106711 14397 13837 79419 0 79479 211564 149657 235368 109419 154289 211564 147865 79419 122906 149885 0 229078 0 37164 166799 49066 79419 20119 0 201354 221237 0 229078 13123 155337 211564 182970 154289 211564 0 0 37164 229078 55657 26694 215793 39065 26439 212000 58417 214004 201492 232108 211640 55485 0 20119 211520 213307 8979 0 0 94173 13123 166799 79479 211564 208335 25844 0 103719 2794 14728 211564 60591 125794 103719 2804
181821 0 181821 0 32619 110829 2639 106711 14397 13837 45081 8887 143826 170883 143826 62330 189438 14728 49511 94900 229078 103719 61289 154289 0 115465 191406 19128 0 109056 94900 229078 103719 0 103719 2804
0 0 106711 50113 171008 211520 106711 222419 79479 168759 0 77583 157515 12554 211564 229523 50113 0 232108 157248 50118 155337 149370 107266 229078 233190 37388 88149 129035 107266 39206 13123 63539 157248 115941 154289 0 212204 106711 26439 0 106711 155678 198954 197529 132560 162859 39206 95750 233174 107266 214004 131133 107266 28409 0 232878 155337 143422 155736 206745 107266 232878 155337 125759 138865 231721 129599 156826 0 14728 0 143422 162859 222417 107266 155337 125759 37164 132560 162859 222417 107266 155337 231721 96237 17824 198218 212110 0 39206 63539 0 13123 77589 157515 157248 212110 7973 50118 107266 39206 77580 157515 0 147158 129599 9095 14728 211564 115916 154289 50113 107266 106711
17007 3340 2798 214953 157528 103719 122184 17007 2798 211834 229078 131069 214953 157528 211564 232974 103719 97888 0 214954 65507 64834 12974 232108 1163 0 214954 14728 3144 0 214954 211520 229078 131069 214953 157528 155337 211564 73572 154289 17007 3340 57195 0 201307 79789 8816 18220 151924 211275 14728 199004 154773 211564 0 211699 137489 105890 134163 0 125542 154289 191782 212704 211564 191782 212704 170882 214954 211699 95140 175361 79769 151985 154289 211564 125542 154289 191782 212704 14728 214954 14397 0 214953 203201 0 18220 14728 14397 0 214953 203201 99560 200362 225963 18220 122199 211564 191782 212704 14728 214954 143807 105890 210507 14728 140505 155337 17007 3457 211564 191782 212704 14728 214954 143807 22689 105890 211275 154773 14728 18220 155337 211564 73572 154289 17007 3457 57195 0 79769 157787 211275 212397 0 170882 57195 214954 125207 0 155990 0 211699 212397 0 143807 105890 154773 14728 18220 211564 0 125542 154289 191782 212704 143807 22689 105890 210507 14728 140505 155337 17007 3530 211564 0 143807 105890 210507 14728 140505 14728 211564 0 125542 154289 191782 212704 143807 105890 11598 211699 211564 0 143807 105890 11598 14728 170882 0 214954 1163 0 214954 14728 3144 0 214954 211564 0 125542 154289 191782 212704 143807 105890 114397 151901 40568 14728 198989 40568 155337 17007 3598 211564 0 137489 105890 225177 121947 0 125542 14728 143807 105890 114397 14728 211564 0 211564 154868 0 125542 154289 191782 0 143807 105890 226394 133800 59073 149657 109339 14728 149657 235368 211699 122199 211564 149657 0 125542 143807 105890 226394 133800 59073 149657 109339 14728 149657 235368 211564 202524 170882 198218 214954
34506 0 34506 93949 0 32619 76226 3598 2560 103719 0 154548 106711 179879 13837 79419 166800 14728 48275 94900 106711 147865 79419 122906 83155 0 79479 80246 0 229078 211564 154328 0 79479 211564 139975 225886 0 103719 2639 94900 48277 211564 2731 23897 176528 230711 212000 232553 204931 33355 0 94900 229078 77789 19128 94901 48275 154289 211564 176528 155337 58381 3942 2767 94900 202124 178725 81154 232108 23897 176528 158185 201986 0 94900 94173 185390 211520 0 61448 230638 94900 27026 229078 28289 79479 211564 176528 0 229078 203345 0 37388 7610 200213 10196 26870 77789 37388 211564 176528 94900 26434 65012 0 79479 211564 149885 149370 66466 211564 2768 149885 65012 94900 106711 13123 14397 0 155337 149885 215203 8323 94900 94173 171677 155337 14511 79479 211564 149885 0 49477 14728 149885 65012 0 229078 65013 103719 211564 924 183176 154289 211564 2599 149885 65012 37388 211564 186339 80460 0 99838 94900 229078 55657 37388 211564 0 14728 211564 56904 53236 94900 149622 166799 103719 211564 149885
0 0 0 0 152302 3244 0 20929 3598 0 229078 0 0 143422 230072 117085 79479 80158 211564 38615 140498 94900 229078 81322 0 103719 199229 94900 229078 209598 154289 164526 103719 199229 14728 138343 103719 211564 0 103719 0 0 26434 94901 154289 211564 140492 103719 23346 38615 14728 201307 211564 77879 14728 155471 0 140490 211834 198502 10196 211520 94900 201307 140490 186339 61515 58065 0 211564 77879 199278 140490 103719 0 38615 0 201307 150673 140498 103719 0 38615 94900 229078 94901 154289 211564 38615 140498 14728 229078 25239 103719 0 211834 106711 201438 154289 97401 103719 0 92751 81322 38615 94900 229078 0 37388 168524 110079 161567 102710 103719 2619 14728 0 103719 2807 37388 168524 80456
0 45749 0 155644 3598 106711 49047 154289 193790 165301 79479 165079 211949 165301 230243 233190 37388 0 45749 28439 2278 14728 2279 212000 230243 172270 103719 211564 138926 154289 2280 111067 10196 211564 50025 231897 0 201492 155337 211564 106972 154289 0 232108 85064 186406 45749 229078 89272 104550 37388 110055 189877 22648 103719 211564 50034 154289 211949 0 211564 213769 134939 94564 26631 216718 214004 22648 3244 0 14728 0 103719 211564 230072 0 125207 22648 45749 110445 212564 211564 46871 154289 0 211564 0 26726 103719 131069 14728 70392 103719 140000 155389 154289 211564 230072 155420 106711 0 151115 1573 150178 0 212204 150177 177835 214004 211564 0 0 154289 155389 152106 103719 211564 8388 107266 0 67289 145265 127754 154289 211564 0 154289 0 15713 230072 152743 106711 0 151115 232108 107433 0 0 45778 103719 211564 8388 211564 0 17824 12554 225177 61621 132560 17824 225177 193790 197529 211564 20403 43574 174293 14728 212204 39206 131133 211564 157794 203208 190173 0 14728 0
221131 0 0 221131 0 0 106711 232548 197631 48053 81322 0 221982 21205 107266 229078 80153 103719 2604 14728 229078 211564 77879 48053 230742 106711 172750 232548 197631 48053 211564 0 154289 211564 209622 17824 177506 14728 230835 211564 48053 229078 80153 103719 2604 14728 201307 166817 103719 211564 97151 122906 81322 2604 213219 2768 212000 166799 67181 189821 103719 211564 97151 47394 211564 189821 2768 212000 166799 79479 211564 77879 213307 103719 211564 122906 37164 149841 189821 2772 212000 52784 176790 211564 43448 14728 230243 171166 214004 211564 0
206482 151115 0 26665 206482 151115 103719 131069 155644 5861 0 106711 206482 37388 128204 223525 26665 211564 50025 26706 131180 0 79479 211564 206482 103719 2211 211564 206482 229078 49974 103719 2213 103719 211564 225963 154289 0 151985 154289 225715 107266 229078 77879 163140 103719 225715 21205 155337 3051 58381 2213 103719 211564 211577 14397 59977 231205 232108 211564 0 154289 211564 206482 151115 103719 140000 211564 165079 50258 151115 103719 131069 211564 45765 75478 0 0 50248 18047 50024 103719 2173 14728 0 81322 211564 134087 103719 131069 154289 2212 211834 17824 78054 143814 103719 211564 206482 211564 143814 103719 156149 17824 0 129499 151431 0 0 76314 221974 18709 103719 211564 52932 0 0 0 37388 211564 0 0 0 0 0 211564 0 14728 0 211564 192959 198357 10196 211564 202524 211564 77879 143813 106711 103719 198323 79730 107266 106711 0 14728 0 107266 0 211564 50025 76314 19128 94900 18708 103719 211564 52932 211564 189950 143813 106711 103719 198323 79730 26665 0 102313 211564 29834 199473 103719 211564 189270 0 78955 0 0 14728 0 47343 211564 212164 143813 106711 211564 0 143813 154289 211564 206482 107266 0 211564 52932 79217 57137 14728 107266 70555 0 230711 211564 52932 79217 152137 211520 0 17824 201315 214004 75233 211564 80217 143813 0 226298 0 201315 232108 111067 77019 65511 154289 175361 14728 36146 214004 0 211834 106711 154289 53044 212677 19128 230072 19128 125134 97138 231727 14728 192793 154289 175361 211564 77540 106711 103719 198323 0 79730 211564 77879 68599 25055 79730 0 154289 211564 105970 154289 230742 211564 202524 229078 211564 130919 160800 211564 77540 171267 26734 103719 211564 150724 24421
0 0 106711 155389 154289 211564 232891 89263 84992 178112 107266 106711 221055 103719 147963 97888 14728 85014 26439 154289 107433 14710 156417 19128 160800 154289 211564 205000 87873 107266 106711 211564 84992 17827 230742 51211 211564 0 0 107433 106965 17824 12554 198989 154289 211564 23613 125542 117085 19128 211564 228502 125542 10196 12278 0 228502 211564 130919 167814 71081 17824 21178 104249 14728 149657 236481 211564 130919 106965 17824 0 178090 106711 153888 107266 0 21178 149657 236481 211564 106956 154289 149657 90818 14728 148805 106965 103719 211564 158552 153881
0 0 2463 211564 0 0 2463 106711 79419 48053 81322 186043 107266 229078 80153 2463 14728 106711 211564 154882 79419 48053 103719 186043 211564 48053 229078 79769 37388 172695 81322 148449 188807 103719 2463 211564 48053 229078 154356 79769 14728 166799 211640 77879 134331 10255 76135 0 211564 77879 134331 229078 127491 37388 149634 26694 211564 189950 232891 228806 211564 0 2463 229078 211564 143422 204029 79419 48053 103719 186043 2513 2517 14728 2521 212000 176792 211564 77539 154289 211564 21208 13596 43448 37164 52784 152082 231648 0 0 112936 0 71999 0 14728 9418 0 166801 154289 0 230243 160800 154289 211564 2519 155160 200504 230717 21205 176792 211564 189950 166386 20119 12554 212000 176792 0 43449 103719 186043 10196 211564 228806 157248 48072 125207 205775 21205 186043 152375 177506 36292 186043 155990 195956 0 230243 142930 204029 37164 211564 0 229078 211564 77879 209622 81322 186043 230742 176792 211564 97151 47394 2555 13123 103719 211564 2573 14728 2604 189821 212000 166799 103719 211564 97151 63276 12554 214176 211564 0 166799 150673 189828 103719 211564 170924 122913 37164 2619 212000 230243 178611 81322 211564 63276 14728 166817 73595 195338 211520 213307 103719 13596 122913 211564 2767 189821 229078 211564 122153 103719 211640 224742 211564 0 0 0 107266 229078 0 14728 229078 152375 38675 0 0 211564 0 145387 166784 214176 232108 211564 0 186043 20119 212204 166156 103719 0 103719 21208 79419
0 0 0 106711 215473 155337 211564 198989 48339 154289 189316 28439 0 14728 230338 0 103719 0 79776 183361 0 0 106711 152375 203986 154289 0 0 229078 155357 160800 154289 121947 72652 158184 37388 211564 200764 0 155990 0 75344 212000 230243 86509 0 154289 0 201447 79479 211564 215473 20119 211564 70392 154289 211564 1789 42593 211564 77879 233190 177394 154289 211564 215473 229078 103719 211564 67289 1357 42593 66466 211564 138926 154289 211564 1789 42593 211564 215473 215695 232108 211564 127786 52931 14728 0 185924 14728 48302 103719 211564 1996 14728 2192 42589 212000 26706 214004 215693 232108 211564 23893 52931 0 88365 218938 150179 185924 0 14728 126136 98498 230711 211564 48302 139761 211564 120714 0 166142 47950 204126 222417 154289 211564 93671 12927 202475 211564 215473 229078 110117 232108 211564 183361 0 154289 0 103719 2501 121947 160927 154289 211564 97871 215473 230243 172477 64834 103719 211564 2552 14728 2571 79479 149657 99752 162859 126257 103719 211564 215473 230243 7906 214004 171475 198218 17831 143422 152089 211564 1996 42593 14728 211564 2424 42593 99745 154289 159507 91957 155882 211564 93671 211949 94564 26631 0 14728 170192 79479 82202 84693 214106 0 0 14397 104220 43753 232135 211564 33142 32505 154289 148805 0
0 0 106711 225963 14728 47117 160552 103719 22526 204216 70687 103719 2747 211834 230243 0 162859 126257 103719 0
0 0 106711 225963 14728 47117 160552 103719 22526 204216 70687 103719 2747 211834 230243 0 162859 126257 103719 0
0 0 106711 49768 107266 106711 80147 103719 211564 178090 0 103719 211564 0 59841 103719 211564 230338 154289 80413 0 106711 218900 232108 0 106711 201304 154289 211564 5956 200905 154289 211564 2798 215356 58065 80413
0 0 106711 49768 107266 106711 80147 103719 211564 178090 0 103719 211564 0 59841 103719 211564 230338 154289 80413 0 106711 218900 232108
0 0 106711 49768 107266 106711 80147 103719 211564 178090 0 103719 211564 0 59841 103719 211564 230338 154289 80413
185459 185459 106711 49768 107266 106711 211564 169934 154289 211564 0 59841 103719 34886 185459 0 154289 211564 0 106711 218900 232108
0 200764 133786 0 200764 133786 106711 225963 14728 47117 160552 103719 22526 204216 70687 103719 2747 211834 230243 0 162859 126257 103719 0 200764 133786
0 0 0 0 106711 49768 107266 106711 80147 103719 211564 178090 0 103719 211564 0 59841 103719 211564 230338 154289 80413
0 0 106711 225963 14728 47117 160552 103719 22526 204216 70687 103719 2747 211834 230243 0 162859 126257 103719 0
0 0 106711 49768 107266 106711 80147 103719 211564 178090 0 103719 211564 0 59841 103719 211564 230338 154289 80413
0 200764 133786 0 200764 133786 106711 225963 14728 47117 160552 103719 22526 204216 70687 103719 2747 211834 230243 0 162859 126257 103719 0 200764 133786
0 0 0 0 106711 225963 14728 47117 160552 103719 22526 204216 70687 103719 2747 211834 230243 0 162859 126257 103719 0 0
0 0 106711 193790 163217 154289 213307 230711 37084 8882 65511 170407 79479 87994 65495 162859 127464 211640 109957 197529 220838 104007 104525 14728 105554 176316 231473 87301 64834 14728 49856 192523 127464 223467
125993 154289 47117 160556 103719 55232 212204 106711 125993 154289 47117 160556 103719 211564 42738 52947 154289 55232 70687 211564 230964 154289 211564 32662 106711 0 211564 79776 0 103719 0 52947 32662 106711 0 211564 79776 40419 52947 32662 106711 0 211564 79776 0 144841 32662 106711 0 211564 79776 0 222122 63100 106711 0 211564 230964 154289 211564 63100 106711 0
0 0 132782 0 92751 32619 17007 2580 103719 187706 133800 106711 14397 13837 176115 0 63362 177394 170883 49511 8887 14728 176884 210151 163540 230959 106711 28409 117085 37388 97782 200905 147143 0 0 94900 106711 170740 28289 117085 79479 97782 2620 198357 111067 81148 0 0 106711 98999 19128 26870 211564 48033 170548 154289 97571 99145 0 0 94173 178602 203345 11886
134586 0 134615 0 134586 0 32619 132800 709 2575 103719 0 52947 233503 106711 14397 13837 167818 14728 106711 211564 55485 0 88549 154289 233503 94900 67382 232553 10255 79776 43156 154289 211564 233503 59433 160934 124099 0 103719 211564 69057 14728 26434 211564 88549 0 106711 133505 214004 40558 0 14728 212000 94564 45105 214176
96311 0 96311 0 32619 58381 1163 2541 106711 14397 13837 37088 167818 14728 24396 139919 94900 131824 191779 37086 158184 37388 0 204070 19128 0 115967 14728 0 166317 230742 94900 175834 81322 2614 214004 2637 94900 229078 13123 94901 154289 211564 76252 179480 24247 103719 112589 47071 140516 0 201307 232862 103719 167825 103719 2634 94900 185390 211520 170203 47823 95014 40275 166497 229078 22852 79479 37084 198218 162859 53743 97401 232108 202479 47823 95014 40275 166497 94900 0 175834 79479 170203 103719 211564 2731 0 211699 175834 79479 211564 190869 103719 85075 103719 2757 37164 94900 127491 94900 229078 87591 214004 183909 79479 170203 103719 211564 179344 0 154289 2804 0 232553 52962 154289 211564 179344 202855 0 103719 58381 2798 0 123266 211564 170205 174806 212204 229078 26439 191779 232548 8472 97401 154289 191869 0 0 106711 10132 13837 14728 106711 81322 137047
130046 58065 0 133074 0 58065 120370 0 52924 154289 120370 0 155990 0 229078 80931 233178 192713 106711 49749 117085 19128 130046 58065 0 192713 229078 32619 2424 132800 0 103719 160548 14728 61505 211834 155337 3457 134939 0 103719 0 192713 172270 211564 152282 120370 0 58065 0 211564 170555 154289 0 230742 106711 178007 19128 155389 154289 211564 77879 172102 152298
0 58065 120370 0 133074 0 0 58065 0 130046 58065 120370 0 152302 0 3244 58381 2212 192713 229078 32619 103719 160548 20119 211564 75344 98682 211564 0 58065 0 117085 19128 0 0 170618 214004 96131 133501 214004 86054 65762 0 0 58065 120370 0 103719 211564 43701 154289 211564 0 58065 0 155337 17007 709 0 211564 52962 126212 211834 79479 211564 77879 77019 234783 154289 211640 133501 212000 92143 80175 45105 33529
121016 0 147865 160580 121016 0 147865 160580 106711 147865 160580 103719 198989 21178 0 116867 151901 154289 9121 211564 160580 171491 211564 17827 18574 121016 0 230742 106711 121947 65656 185924 121016 53197 14397 17827 154289 5970 200532 115807 211564 121016 106711 160800 154289 121947 0 223381 211520 13123 103929 199631 90929 121016 0 94173 26631 77461 232108 229254 218863 103719 211564 122153 1574 234783 211564 121016 77461 103719 2794 14728 20655 121947 152743 154289 29856 103931 1574 0 0 212204 29834 39206 155471 34250 155337 106965 103719 78655 185924 121029 14728 94564 155471 34234 103719 198989 21178 191764 213330 103719 211564 122153 5969 234783 211564 122153 117085 34254 229078 20119 121016 0 103719 2731 66466 65656 213330 211564 0 126209 20119 211564 0 121029 228298 79479 211564 185924 121029 214004 78653 121016 0 229078 62562 37388 68156 110079 0 103719 2280 79479 132560 234783 107266 229078 27026 211520 121016 0 229078 121947 0 185924 121016 103719 211564 151938 0 175932 212204 185924 121016 30861 16352 161331 214004 211564 105603 211564 77879 73314 214004 85439 212564 212204 25017 229078 89442 81322 211564 151901 103719 132800 2316 122199 103719 2316 14397 74202 220575 27501 0 0 14728 131069 0 103719 211564 151901 13123 54350 211564 151431 25017 148448 141226 0 0 0 121016 229078 8901 130085 221873 154289 195875 121947 185924 121029 121016 0 121016 0 121016 0 121016 89442 121016 0 198989 14728 121016 0 107435
0 0 106711 211564 216682 154289 0 211520 0 100381 98813 14728 12554 14683 154289 98813 186898 22689 214004 211564 200049 81322 211564 16557 212204 0 106711 152375 57719 20119 78054 214004 68599 139506 234783 10531 232108 0 19128 114734 80054 124118 80967 222388 103929 211564 218938 199473 170173 154289 211564 84918 159507 211564 49742 0 14728 211564 0 103719 212204 40977 211564 0 0 106711 211564 100355 33829 103931 84918 98813 14728 107433 47948 178575 37164 152082 159507 12554 199473 103719 212204 216682 40761 211564 186152 80175 30926 230742 39206 26117 0 28439 199473 0 0 0 0
0 0 106711 203588 154289 211564 0 170490 107266 106711 222419 37388 198218 0 214004 103922 211564 222006 0 16557 103931 211564 84918 98813 102493 14397 0 228777 214004 103929 0 103719 211564 216682 0 211699 107266 79280 211520 203588 106711 148625 214004 172946 0 14728 100381 103719 37164 212204 106711 152082 131082 225763 20119 170173 14728 211564 130952 225763 106711 102493 222419 211564 90017 103929 0 195875 214004 68599 139506 234783 10531 73569 214106 211564 84918 98813 94173 152082 26631 171268 58796 26439 211834 229078 151115 176960 214004 212116 107266 233011 73595 94564 16352 9080 136992 40397 0 61448 152082 73569 0 214004 58795 98813 230711 94900 77879 53704 107266 79479 100381 103719 211564 2424 42593 211564 62570 154289 0 35272 211564 77879 9079 211564 84918 98813 229078 86509 107433 0 147143 214004 204277 211520 107433 136990 199473 39206 26117 47415 19128 100355 157787 211564 58308 154289 211564 2943 42593 211834 230243 80054 77589 154289 169742 14728 67289 100355 199473 81322 122184 0 14728 67289 0 213330 0 80054 19128 98813 135976 0 154289
204636 159016 211564 204636 159016 106711 159016 103719 26857 45210 107266 106711 130939 64053 37388 0 97329 5537 138083 97138 14728 211564 0 121016 107266 53201 14397 0 154289 200532 115804 212475 174042 154289 230742 106711 229254 211564 159016 106711 220854 232891 96290 195797 28439 0 14728 0 211564 173748 70102 0 53704 211564 83548 154289 47565 0 204636 159016 74399 211564 17827 154289 211564 121016 14728 40764 157515 157248 103647 25239 155337 211564 97329 14728 107433 121514 66466 211564 189950 155824 228806 2313 211564 83548 14728 107433 36147 230243 60446 37388 211564 12692 79528 28439 2380 14728 2404 107266 229078 0 37388 70102 0 14728 178894 211564 204636 159016 79479 222417 37388 70165 0 0 107266 229078 56974 103719 2430 37388 211564 105688 0 79519 66466 211564 0 154289 211564 33393 181445 14728 3244 234783 122199 107266 26434 172247 160580 103719 2487 211834 17824 132560 36147 103719 211564 204636 159016 103931 211564 47990 92751 211564 210326 154289 35955 0 14728 211564 189674 154289 232006 210326
0 0 211564 0 0 0 0 106711 151379 0 81322 21178 107266 106711 219051 154289 229254 29834 117085 19128 0 211564 29834 85463 107433 147143 81322 211564 177506 34172 24053 80147 155337 34254 9550 212204 106711 0 155990 49975 8058 103719 151431 9550 14728 0 107433 178724 76202 17824 0 30308 14728 230835 14728 211564 74584 17824 57477 35294 211564 0 0 201115 28439 4208 48173 208073 107266 106711 38675 211564 0 154289 21178 14728 211564 0 0 155337 0 106956 212407 152082 178562 214004 217501 0 212000 199634 144135 154289 211640 125014 155337 211564 48339 103719 181560 0 14728 155337 212990 78320 37164 212000 34250 103719 211564 60244 230711 211564 229254 50403 17824 204359 212000 122704 230835 35294 155990 30308 68398 103719 149286 0 103719 211564 186406 0 0 34250 155337 106965 53704 230711 65656 185924 121029 77459 232108 229254 66466 78653 212000 49502 214004 211564 121029 214004 67456 211564 0 194025 0 211564 68398 154289 211564 194025 39206 124909 103719 211564 65656 121016 26565 79479 132560 234783 221763 211564 175409 75233 103719 2730 234783 154289 0 191708 103719 21178 0 0 94564 155471 26631 177396 19128 34254 155337 2729 153823 103719 198989 21178 230717 211564 0 17824 125995 19128 227714 199473 212000 94564 155471 34234 191764 213330 103719 211564 122153 5969 234783 103719 2794 211834 229078 100219 34254 73582 20119 121016 0 147865 160580 230717 142930 211454 1574 29856 83940 19128 211564 121016 77461 79479 155471 211564 189950 213307 103719 1574 234783 211564 68398 14728 0 17824 154423 67461 37388 195066 0 103719 2731 230711 211564 0 230243 34254 155337 121016 0 148458 12554 211564 0 230243 67461
34626 0 62780 34626 0 62780 106711 193790 102989 154289 124118 211454 155389 142521 211520 94173 0 206506 212204 52784 26117 125207 94594 188598 206506 79479 155471 14397 99700 37164 107266 39206 26117 16352 0 62780 204070 19128 0 155990 0 63667 60208 212475 219063 154289 0 211564 77879 219051 106711 41748 37388 198218 115916 154289 0 202983 211564 189950 219051 94173 151115 117085 41747 198218 172106 27025 107266 52784 26117 81322 0 204070 19128 38263 0 155990 16352 219051 154289 65564 211834 106711 151115 117085 55408 37164 201494 21857 81322 0 65391 134939 127801 211564 181447 154289 34626 0 62780 211564 212164 219051 106711 41748 37388 0 14728 222563 10009 143481 7973 80175 229829 10196 94594 22583
50434 62780 50434 62780 42078 106711 137278 62780 103719 230742 163529 0 59134 0 211564 181071 154289 157251 212000 17824 219093 10401 14728 0 214004 97900 162859 0 201528 106711 49742 198218 162859 232108 42078 17824 191837 0 212000 63539 152082 76309 22852 155990 90804 7973 0 162859 14728 154423 70773 63844 197529 132560 162859 232108 42078 87301 155337 214004 60714 0 163540 62780 73658 230959 94173 0 170366 92143 42078 211564 42078 10000 163529 77589 211520 8842 157515 86516 211670 20587 73569 212407 107266 106711 148702 20587 212000 17824 177146 14728 103719 218527 212000 76309 107266 86516 211670 190997 154289 103560 198218 181447 74909 17824 0 45081 0 14728 211564 127480 154289 75344 136990 14728 155990 160475 15961 211827 106711 177324 103719 40999 230717 211564 0 106711 0 97138 171306 154289 162859 230959 94564 42078 13123 94564 157248 137278 62783 143422 49749 20587 0 62780 230742 131156 211564 10009 154289 42078 232956
0 0 106711 215473 103719 211564 0 63100 154289 0 169534 103719 104132 211564 0 105264 154289 209758 14728 189121 94173 4546 8779 39179 7973 68599 115807 81322 0
0 84638 0 84708 17824 90017 154289 178562 84708 211520 60530 211564 25291 203208 14728 156392 154289 15337 0 106711 193790 79479 0 0 84708 17824 54102 79479 211564 171267 0 154289 190236 203210 154289 15337 66466 67289 0 60722 123400 0 14728 231804 103719 81461 78538 155990 211564 61621 225127 0 103719 100381 0 84708 17824 49983 154289 84708 231007 171501 0 214004 211564 0 178112 154289 208850 84708 211564 208850 84708 211699 0 155990 0 42311 170802 214004 62307 211564 77539 60722 154289 211564 156285 103719 198218 156290 72448 225128 211564 223845 0 84708 17824 225177 47948 214004 155389 15713 155337 211564 46056 103719 90031 155990 48114 211564 156149 154289 211564 84708 155337 211564 46056 106711 211564 186152 19128 211564 74354 154289 211564 84708 103719 211564 60721 69894 211564 77879 84638 106711 74349 103719 211564 81351 154289 211564 60721 156285 211564 176960 79479 212204 48270 106711 152082 235012 49975 220714 211564 61165 7978 193961 211564 178570 28439 211564 84708 14728 171498 74354 103719 78538 211564 0 171498 0 106711 97169 195181 103719 143422 15337 232108 223816 103719 109144 14728 157248 199473 103719 9079 0 154289 104220 0 171501 17824 195181 103719 132560 199473 26439 154289 212204 107266 106711 212409 0 84638 48114 73737 81322 195440 0 84638 225411 0 84638 0 0 84638 48111 232108 20119 122983 191764 61621 0 84708 229078 170740 170173 103719 211564 49742 14682 154289 12554 0 15337 100381 94564 215203 154289 4421 0 84708 103719 48114 155337 80175 46057
39206 26117 0 39206 26117 0 106711 211564 212164 11886 130085 37388 13837 177399 18972 0 56095 211564 11886 94173 218842 198390 103931 212475 195447 39206 26117 0 106711 56095 77879 195440 107266 229078 178602 134939 2424 2794 39206 26117 0 92143 87949 180139 81322 54116 211564 198357 161941 20119 152743 68599 155337 211564 29415 99560 390 14728 176792 107433 97151 161939 20119 152743 78054 155337 32895 211564 106513 195447 43971 14728 149657 236481 195447 43971 211564 145265 225626 106711 56095 163145 232108 22790 57129 212566 145225 56095 106711 77879 216193 103719 85864 38281 26870 229235 37388 162859 103719 211564 20800 19128 212000 230243 217624 214004 190122 211564 176157 53725 0 56095 192713 211699 72226 14728 0 211564 145225 192713 94173 171166 39206 26117 0 37388 163145 107266 20119 191779 166408 103931 163135 155337 34841 88365 208021 14728 211564 54116 92143 148702 176358 14728 180139 211564 198357 106711 13123 160800 154289 56095 189950 232891 215356 0 95049 215356 230959 158193 145725 95049 106711 56095 189950 195440 107266 229078 178602 154016 3051 2794 56095 60209 107266 19128 215203 57116 215658 232108 51625 102279 56095 230959 158193 145725 95049 106711 48053 198357 211520 199424 154289 136325 169146 127722 155337 211564 57116 78672 211564 198357 216817 152082 214004 0 214004 174226 230959 158193 145725 95049 106711 107266 127722 155990 106711 107266 18807 29406 121158 154289 7973 212409 211520 60375 107433 26256 211564 157794 198895 154289 230959 158193 145725 95049 106711 0 14728 0 211564 225626 201320 232108 56095 19557 0 155337 0 103719 0 192713 228351 221873 14728 0 155337 211564 0 79278 56095 87519 214004 0 96131 0 106711 230835 208510 214756 230835 33417 193832 0 92485 0 0 14728 95140 137943 109471 230753 103719 211564 0 188292 56095 195459 19128 192713 195815 155337 211564 67958 154289 0 14728 0 96483 79479 160934 230711 211564 45821 49534 155337 56095 16807 0 103719 211564 0 154289 0 0 103719 127786 87646 0 214756 30308 0 159905 30308 0 232108 193892 0 14728 29205 92485 155357 18707 20119 211564 132410 160934 192713 106711 77879 190178 57137 0 154289 29205 232643 207261 103719 51322 10196 56095 57130 232108 144639 162859 155337 211564 57116 78672 55657 76211 56095 103719 12554 170618 188292 155990 57137 232108 157251 103719 211564 132410 203355 211564 225626 77655 232108 56095 22689 103719 96131 0 155357 10253 0 221873 73650 182784 94173 107433 0 106711 56095 212164 195440 107266 229078 195440 155337 110897 924 2798 107266 229078 130085 37388 167603 103719 2619 0 225105 106711 155389 140065 14728 3671 189962 193809 211454 167603 154354 198357 98557 177401 106711 65941 214004 178601 56095 53187 103719 110897 2798 230753 145265 225626 106711 103719 211564 232878
0 0 106711 49768 107266 106711 80147 103719 211564 178090 0 103719 211564 0 59841 103719 211564 230338 154289 80413
0 0 106711 49768 107266 106711 80147 103719 211564 178090 0 103719 211564 0 59841 103719 211564 230338 154289 80413
0 0 106711 49768 107266 106711 80147 103719 211564 178090 0 103719 211564 0 59841 103719 211564 230338 154289 80413 0 106711 218900 232108
0 0 106711 49768 107266 106711 80147 103719 211564 178090 0 103719 211564 0 59841 103719 211564 230338 154289 80413
0 0 106711 49768 107266 106711 80147 103719 211564 178090 0 103719 211564 0 59841 103719 211564 230338 154289 80413 0 106711 218900 232108
0 0 106711 49768 107266 106711 80147 103719 211564 178090 0 103719 211564 0 59841 103719 211564 230338 154289 80413
0 0 106711 49768 107266 106711 80147 103719 211564 178090 0 103719 211564 0 59841 103719 211564 230338 154289 80413
0 0 106711 225963 103719 211564 49768 154289 0 107266 106711 103719 211564 178090 0 103719 211564 0 59841 103719 211564 230338 154289 80413
0 0 106711 211564 147143 154289 191779 166408 103719 211564 232891 103719 70687 103719 189316 103719 228448 103719 211564 221179 201367 103719 39211
85064 218541 18972 85064 218541 17007 2286 3671 132674 2455 229078 14397 70703 121514 18972 14728 75627 94900 229078 13123 38675 60002 110079 51039 218541 229078 32619 103719 0 60002 103719 70687 211699 143807 214004 60000 232108 97782 75344 97782 75861 212263 218541 229078 0 14728 0 18807 232878 197529 94900 0 97782 198311 214004 122961 18807 14728 145265 218541 130085 171025 130939 37388 97443 14728 26434 170924 158902 14728 18807 209598 218541 126212 103719 60002 12554 97782 125014 103719 2337 94900 133505 69425 0 2278 2430 14728 232851 19128 160800 75627 175434 80175 45105 20119 0 75621 103719 0 221974 216529 10196 69425 58165 103719 2430 94900 143807 214004 116228 0 14728 122199 133505 76472 18972 113352 201992 197074 2353 212000 191644 221873 98682 103719 0 14728 94900 61505 211834 103719 2455 97782 198311 231512 0 218541 2342 13123 26434 75359 121514 154608 158902 143422 154289 218541 158906 17824 154289 60002 230717 94900 126212 212000 193919 154868 70703 52943 26694 211564 49570 154289 0 97782 232840 229078 0 103719 152194 14728 29917 218541 229078 136990 154289 211564 18807 49727 154289 60000 18807 82970 14728 211564 47071 94173 32895 97782 14728 97782 198311 158906
161904 154289 0 211564 161904 154289 0 106711 160800 154289 211564 161904 154289 0 107266 106711 211564 63677 230742 70555 211564 68608 234783 228806 28439 199229 14728 211564 149316
0 0 134939 135953
49770 154289 211564 0 59841 211564 79278 106711 125993 154289 211564 0 49770 154289 211564 0 66958 103719 80413
0 0 106711 49768 107266 106711 80147 103719 211564 178090 0 103719 211564 0 59841 103719 211564 230338 154289 80413
0 0 106711 49768 107266 106711 80147 103719 211564 178090 0 103719 211564 0 59841 103719 211564 230338 154289 80413 0 106711 218900 232108
0 0 106711 49768 107266 106711 80147 103719 211564 178090 0 103719 211564 0 59841 103719 211564 230338 154289 80413 0 106711 218900 232108
164275 0 164275 193119 0 106711 229494 154289 0 104587 212204 106711 64211 37388 0 211564 164275 154289 40723 229438 103719 204070 206730 211564 0 154289 211564 229438 63743 152082 40761 16352 104587 12554 104587 106711 170173 103719 211564 164275 154289 211564 194779 103719 132560 40999 212204 12799 214004 28409 222417 211564 0 21499 102493 229614 212116 154289 229438 19128 0 125542 125207 0 229438 0 199476 14138 154289 213330 189950 14728 229614 39206 43564 20119 230742 160800 154289 211564 0 107266 106711 103719 187916 102493 107266 106711 20119 211564 214756 154289 107433 0 14728 229614 103292 43564 107266 214004 211564 32967 154289 107433 0 212204 106711 38675 164275 193119 229614 39206 222417 211520 43564 214004 40761 104587 37388 68769 43587 155990 152082 43587 211564 229438 73650 213307 107266 85463 214004 211564 214756 154289 107433 0 229614 39206 190881 68769 155420 155990 0 212204 106711 38675 29510 164275 193119 0 102493 229614 43564 211564 164275 154289 211564 229438 19128 107266 176794 211564 214756 229614 39206 94564 212204 179257 102493 229614 64144 43564 107266 20119 211564 214756 229614 39206 94564 212204 179257 229614 39206 222417 50113 14728 174983 214004 218527 211285 105890 229438 125207 212204 14728 211699 190881 107266 174983 14728 50113 126002 214004 212204 229438 43587 155990 152082 43587 39206 77329 157515 211564 156418 137831 26870 191033 14728 218527 107266 22689 105890 211285 29510 164275 193119 0 39206 26117 222419 214004 190881 50113 57699 8816 174983 229466 174507 0 42817 231970 0 201090 222417 164275 0 230742 212000 198253 52962 232108 0 80966 0 214004 85439 97150 57699 176316
0 17661 170706 211564 0 17661 170706 106711 86509 67181 234772 37388 211564 0 80149 107266 106711 79479 208022 14728 194807 17656 230959 94173 53704 89263 171069 212566 97782 155990 96131 125014 108871 0 14728 97782 231238 0 26706 211564 21842 103719 2602 211564 0 75344 161789 79479 211564 170706 107266 106711 211564 214756 170706 103719 17661 14728 107266 106711 154423 38675 211564 151137 170706 154289 17661 211564 52932 174806 178656 155990 167814 102295 154289 211564 17656 17824 152082 103563 231851 85439 222373 14728 42825 231851 177140 136092 211564 22689 154289 211564 136092 94173 211949 232827 103719 122246 0 0 70703 0 222658 14728 26383 211564 102279 49534 81322 211564 182381 17656 0 26694 2616 125379 68035 96049 142767 189579 38953 232108 211564 170706 141962 133625 0 94173 26631 211564 73989 62330 195338 2772 211564 62330 19547 132560 162859 103931 161173 231851 0 54116 14728 157251 106172 103719 17661 214004 204277 168985 231851 16352 124804 17656 39206 13123 16906 79479 211564 170706 26694 152302 73650 234772 103719 2619 88149 0 16900 79479 211564 21842 97443 14728 73592 232553 107266 78054 214004 150673 111051 136992 136322 67289 211564 149841 234772 26694 0 211564 231849 103719 200343 211564 77879 231849 229078 164439 110092 211564 21842 229078 79479 5055 234783 154289 0 14728 0 193952 37388 211564 132560 145226 211578 124759 99745 83558 14728 52262 203210 211564 2757 122423 0 0 229078 211564 77879 76506 170706 231849 0 0 26434 211564 235496 231849 103719 2794 20119 10337 4758 211564 143422 177149 231849 103719 2808 106711 45112 17656 0 0
0 0 0 0 0 0 32619 152302 709 2538 13123 117085 19128 0 0 155990 0 106711 77437 167818 94900 26434 211564 1789 225504 170203 154289 211564 164452 155337 110897 3843 2794 170366 94900 229078 135016 154289 0 47071 81322 2614 214004 2639 14728 10253 81322 2747 214004 2794
0 0 106711 49768 107266 106711 80147 103719 211564 178090 0 103719 211564 0 59841 103719 211564 230338 154289 80413 0 106711 218900 232108
0 0 106711 49768 107266 106711 80147 103719 211564 178090 0 103719 211564 0 59841 103719 211564 230338 154289 80413
0 0 106711 49768 107266 106711 80147 103719 211564 178090 0 103719 211564 0 59841 103719 211564 230338 154289 80413 0 106711 218900 232108
0 0 106711 49768 107266 106711 80147 103719 211564 178090 0 103719 211564 0 59841 103719 211564 230338 154289 80413 0 106711 218900 232108
0 0 106711 49768 107266 106711 80147 103719 211564 178090 0 103719 211564 0 59841 103719 211564 230338 154289 80413 0 106711 218900 232108
0 0 106711 49768 107266 106711 80147 103719 211564 178090 0 103719 211564 0 59841 103719 211564 230338 154289 80413 0 106711 218900 232108
0 149657 198989 228448 0 106711 225177 196936 215473 103719 149657 198989 228448 21178 7973 210381 162859 126209 103719 0 230742 106711 7973 0 115807 151901 154289 35063 97329 107266 106711 36156 28229 0 155337 0 53764 147145 37388 211564 74302 43873 0 10196 97782 231238 103719 2293 0 14728 97782 90017 92143 26631 216193 20119 0 212000 38675 0 86804 148449 155337 170187 53764 79479 191764 142532 230753 212000 0 79479 175361 87646 229078 80147 20119 0 230742 26434 211564 42544 79479 211564 11797 0 103719 211564 2371 218938 157248 148449 87646 215490 11797 14728 143679 0 230243 7509 26439 154289 211564 120587 154289 229254 66466 211564 161939 154289 211564 0 0 92143 168624 154289 142930 211454 3845 162859 37388 2401 143422 162859 92143 123266 214106 211834 17824 155471 77019 36147 123266 211564 99577 211564 0 167757 201394 14728 211564 178725 154289 211564 168992 154346 211564 0 229078 36156 154289 126587 186527 103719 2406 211564 77539 53054 191629 229078 103719 2482 211564 36146 94173 26631 179724 14728 106711 222419 19128 126587 145225
196141 39284 196141 39284 106711 211564 210766 211520 106711 222419 79479 12554 22852 79797 154289 90060 154289 211564 196141 103719 73652 222417 162859 154423 208059 7973 0 37164 211834 17824 157248 79797 154289 196141 39284 214672 211949 17824 222563 147145 10196 211564 219051 154289 42311 211520 90059 0 143422 196141 0 60714 103719 211564 0 225177 154423 218244 39206 26117 190178 197529 107266 106711 154423 168985 214004 60497 196141 39284 20119 14397 67289 200905 225177 77019 162859 232108 196141 39284 231473 61497 154289 211564 62609 212407 107266 39206 26117 0 0 205552 176316 17824 0 211454 79479 151431 196141 39284 13227 230711 0 106711 61155 20119 14397 67289 200905 216368 106711 67380 14728 142930 162859 205555 196141 39284 106711 211564 143422 49749 61155 219051 154289 39284 0 14728 151431 196141 0 49478 17824 142930 49742 211454 128514 34172 0 14728 171427 39284 0 106711 124118 49742 211454 32895 25207 42311 0 14728 0 42311 0 37164 107266 106711 211564 143422 191417 79479 73831 103719 211564 219891 211834 230243 157787 709 149657 40999 154289 0 103719 2768 14728 157787 1 58184 107266 106711 211564 189950 143422 49742 39284 103719 235488 9550 10339 1573 103719 211564 219891 143422 40999 17824 41748 37388 157787 214004 0 176652 81322 211564 204687 155990 0 151431 196141 0 17824 211564 143422 49742 196141 0 211564 131082 154289 211949 17824 25207 42311 0 211949 17824 222563 0 0 41748 37388 0 0 74341 214004 211564 204687 14728 63539 152082 210412 214004 200321
0 0 106711 49768 107266 106711 80147 103719 211564 178090 0 103719 211564 0 59841 103719 211564 230338 154289 80413 0 106711 218900 232108 27986 0 2560
0 0 0 106711 49768 107266 106711 80147 103719 211564 178090 0 103719 211564 0 59841 103719 211564 230338 154289 80413
0 0 106711 49768 107266 106711 80147 103719 211564 178090 0 103719 211564 0 59841 103719 211564 230338 154289 80413
0 0 106711 62609 154289 211564 149218 206730 41748 37388 163529 152082 85468 70888 0 226667 0 103719 211564 61567 0 106711 148625 214004 34131 64834 79382 204070 19128 87078 107266 106711 13123 80147 155337 211564 136998 154289 149507 206506 154289 0 103922 191782 0 14728 0 0 134939 13123 41747 170762 211520 9997 211564 0 206730 211564 149218 206730 145196 14728 0 206745 107266 106711 154423 80147 103719 162859 232108 97888 154289 65391 214672 144135 11953 155990 230959 64144 67456 95023 211834 17824 218938 115941 154289 0 230501 14728 65656 230501 0 130939 10009 211564 0 206730 65656 0 10009 211564 149218 206730 211834 106711 13123 176157 219051 154289 84719 0 212204 62609 106711 80147 103719 19469 211834 198218 162859 155471 67456 230835 180755 212204 62609 39206 131133 107266 93681 79479 163529 214004 63539 195254 212110 107266 39206 13123 41747 145196 214004 85439 229623 163529 232108 0 134939 13123 94564 95049 170762 155990 73569 58165 143422 154289 211564 213307 65656 0 14728 230501 0 207868 166386 20119 211564 186152 213307 103719 211564 186152 163529 230711 212204 207902 166386 211564 225565 106711 125217 214004 155471 85463 211564 206506 154289 155389 0
0 0 106711 14397 106956 107266 106711 80147 103719 211564 178090 0 103719 211564 0 59841 103719 211564 230338 154289 80413
0 0 106711 49768 107266 106711 80147 103719 211564 178090 0 103719 211564 0 59841 103719 211564 230338 154289 80413
0 0 106711 49768 107266 106711 80147 103719 211564 178090 0 103719 211564 0 59841 103719 211564 230338 154289 80413
100233 64888 100233 131385 64888 32619 76226 1365 2482 106711 127053 179879 13837 34928 210151 99534 149757 14698 218757 170883 21257 83155 193919 99534 14728 145265 50025 94900 229078 14698 154289 211564 218757 191406 2729 79479 2950 234783 94900 13123 99539 211564 214106 64888 229078 32619 103719 0 154548 155337 76226 1365 2482 97782 40279 233011 201304 103719 2541 14728 195338 211699 94900 92143 16801 103719 157787 390 210151 171021 14728 90672 201206 16799 94900 179879 103719 2640 94900 106711 55486 133505 214004 184184 0 195338 2540 14728 212000 94564 218938 45105 214176 33529
0 211564 0 0 106711 84918 154289 7973 390 199473 154289 160358 78828 166611 177149 84719 179442 94173 193952 211520 107266 106711 52302 166389 103719 211564 143107 87022 75344 0 211564 84918 106711 80147 212566 211564 210304 14728 217345 178112 154289 211564 232891 143422 199473 126209 103719 203974 14728 217345 178112 211564 84918 106711 176157 103719 51625 210304 47771 232108 155471 80175 199473 147910 214004 151938 73312 0 39206 26117 102313 37388 107433 212100 201763 212000 127236 0 232108 211564 123012 177706 214004 140065 188070 81322 138908 214004 67289 21443 211564 0 39206 170881 196936 81461 211520 207868 211564 186152 49285 19128 211564 0 14728 17824 7973 211564 195912 154289 49742 0 107266 94173 225177 127786 124361 154289 0 198218 199473 204070 19128 0 0 39206 0 196685 157251 204070 19128 0 17824 71077 59866 155337 211564 99534 166611 79479 0 0 78832 175921 103719 49285 81322 230835 214004 165767 214004 234862 214004 53685 198218 78823 103719 211564 67289 204636 157251 122199 59868 155337 211564 199473 211564 190142 17824 213532 14728 170882 103719 121947 14141 212000 94564 93681 0 14728 39206 205555 103719 211564 197874 79479 389 234783 155990 142930 0 190142 0 20119 155990 148448 211564 205399 154289 211564 197874 0 153879 232141 99534 37164 211564 0 145387 176790 89315 166578 174293 0 90059 215447 211564 197022 154289 148449 166611 102493 166578 106711 152082 176792 232135 214004 389 57957 154289 0 211564 0 0 231473 61497 26694 99534 166578 106711 176792 211564 0 19128 157248 166611 0 155337 79382 179482 103719 211564 69894 211564 0 17824 225177 196936 10196 0 0 107435 214004 166578 107266 0 107435 18574 107266 102493 211564 99534 51211 79382 222422 214004 0 211564 0 170885 0 211520 0 211696 105890 211564 99534 211564 156418 182663 154289 211564 0 103719 211564 197874 211699 61556 211564 0 39206 90046 14728 0 107435 214004 144639 166611 103719 217345 17831 107266 39206 90046 51326 14728 134939 176790 97138 105890 211564 0 154289 194062 14728 216423 103719 210304 47771 107266 106711 14397 15619 166578 179742 214004 127786 224320 211520 39206 26117 176792 37388 149657 0 67181 200343 0 106711 160358 155337 225177 231107 223834 154289 166611 103931 152743 154289 10599 14728 0 54295 199473 204070 19128 0 0 0 169130 0 0 217543 0 107592 14728 0 14098 157251
112475 106956 112475 106956 106711 21178 212164 106956 10196 209081 14728 0 106956 107266 106711 199052 154289 9121 103719 211564 201354 154289 198989 21178 20119 107433 47955 167572 214004 211564 130934 107266 106711 154393 81322 39719 0 211564 106956 106711 127053 14728 28439 14728 231107 107433 17827 53197 107433 48350 106711 127053 14728 97151 13253 106711 142930 211454 92692 154289 211564 106956 94173 149622 26631 47568 154289 224320 14728 174030 154289 107266 106711 0 103719 147865 160621 50937 160621 14728 78054 231398 171478 17831 211564 130919 171476 17831 17824 26439 154289 107433 107059 81322 130934 21178 80258 14728 174754 17824 8058 81322 14728 0 81322 71021 211564 106956 0 14728 0 154289 41629 106711 0 211564 112475 106956 112475 0 186406 0 199016 35294 0 0 0 49742 0 0 193790 0 14728 149657 236481 82007 189731 17824 147910 214004 211564 106956 19128 230072 19128 195875 25487 14728 81286 199473 211564 197983 70418 80147 0 69626 225127 199473 106711 196936 0 0 38675 211564 112475 106956 0 211564 0 49742 0 0 14728 0 94564 26631 105966 14728 202124 205555 211834 112475 106956 92143 147910 199473 154289 0 211564 112475 106956 0 99838 107266 26434 74432 28439 2202 14728 154354 73314 191708 103719 2277 163162 0 214004 0 155990 81322 100585 37388 0 155990 0 211564 105966 0 94564 0 197529 230072 155337 211564 106956 211520 211640 169945 79382 198954 211564 0 90981 106711 20119 181447 154289 126587 74433 0 94564 177151 26631 79521 214004 218527 214004 157248 124118 0 199473 160580 131825 94173 26631 189791 79479 198150 211564 106956 106711 131069 215375 20658
0 110079 0 0 155181 1163 191188 2403 1365 20929 2611 229078 14397 70703 152286 166845 14728 34928 84677 94900 106711 117085 19128 0 94900 172270 3457 152298 97782 28289 232878 103922 211564 87949 49854 2497 14728 14397 0 38733 2543 94900 13123 233215 197646 14728 126049 54108 0 229078 32619 103719 33653 14728 61505 103719 0
198992 42521 175349 201394 198992 42521 175349 201394 106711 211564 130919 215785 201394 103719 198992 107266 106711 191538 37388 77879 89263 230384 198989 230338 215797 0 199016 107266 94173 191559 0 79479 168874 14728 0 89263 0 127034 229302 149685 14728 157248 191559
185459 185459 106711 49768 107266 106711 80147 103719 211564 178090 0 103719 211564 0 59841 103719 211564 230338 154289 80413
0 0 106711 49768 107266 106711 80147 103719 211564 178090 0 103719 211564 0 59841 103719 211564 230338 154289 80413 0 106711 218900 232108
0 0 106711 49768 107266 106711 80147 103719 211564 178090 0 103719 211564 0 59841 103719 211564 230338 154289 80413 0 106711 218900 232108
49770 154289 211564 56292 59841 211564 79278 106711 125993 154289 211564 6005 49770 154289 211564 56292 66958 103719 80413
0 215797 228448 0 215797 228448 106711 215785 155736 49856 158184 37388 0 211520 155733 161110 191559 103719 228448 14728 211564 230113 0 107433 37082 201403 17824 14728 157248 201403 155337 211834 130919 125542 103922 14728 211564 49856 155733 211564 228448 14728 32497 175349 80439 81322 211564 49856 154289 211564 186152 147143 103719 58381 2754 212000 94564 130085 62307 191559 28439 151901 14728 198989 228448 14728 211564 0 154289 161110 191559 155337 80885 168834 154289 211564 223225 154289 0 125542 14728 0 223225 125542 107266 155733 155337 84014 154289 0 140963 157787 183242 123719 0 116867 232108 0 0 40768 14728 3051 161110 48279 0 215797 228448 155733 12927 12554 191559 103719 228448 232108 211564 73882 154289
125993 154289 49852 155736 215797 103719 211564 221179 115973 211834 17824 191779 49852 155736 215797 103719 211564 221179 115973 211949 103922 211564 155746 154289 161110 191559 230742 17824 176333 0 154356 177831 214004 19128 215785 155736 49852 155990 0 19128 63040 81322 80885 155736 49852 211564 79278 155731 211564 191559 211520 0 211564 147865 175322 149370 103719 89263 34841 211834 17824 13123 191779 96290 125575 14728 125097 175322 206745 152743 154289 155736 49852 94564 42137 214004 74091 79479 152743 154289 176968 103931 0 232114 154289 211564 80439 211564 147963 210766 154289 211564 80439 94173 0 24271 155990 211834 94173 26631 137492 103719 151938 106471 161110 215797 17824 202124 88542 220575 211564 0 154289 0 211564 79278 33872 17824 222419 103719 151938 106471
100245 30308 100245 0 30308 76226 3530 2380 191188 3340 2592 229078 14397 13837 110653 14728 167818 94900 229078 81322 0 11598 14728 203340 122624 20119 211564 221237 154289 11598 30308 229078 168494 19128 45081 14728 126212 195275 79479 143422 154289 97782 125014 30308 229078 103719 211564 18445 66466 232891 228806 103719 211564 2481 30308 229078 136990 154289 211564 0 0 0 30308 229078 136990 154289 211564 190869 81322 11598 81322 2492 214004 2519 19128 59431 30308 229078 203165 205283 154289 80537 182654 79479 170203 103719 2521 182654 172946 30308 155337 211564 221179 201367 205332 53054 30308 205282 132560 149657 58113 156298 230753 155337 211564 53054 30308 154423 27026 103719 0 211564 51091 73802 19128 107266 229078 233190 0 94900 13123 27026 211520 211564 0 13813 16901 214004 201367 19128 230072 19128 211564 76252 88542 94900 227471 10255 190263 103719 35294 31256 154289 68126 2560 30308 229078 211564 77282 127088 111072 103719 13837 97888 94900 191538 155337 211564 53054 79479 4208 234783 30308 61505 154289 203131 103719 2592 94900 106711 36821 20119 18276 147865 42384
0 0 106711 47071 103719 151987 106429 103719 211564 234772 2764 211834 230243 5305 162859 126257 103719 211834
0 0 17824 0 131770 103719 211564 156149 0 211834 17824 218938 126257 199473 80147 103719 198989 19469 212000 17824 13123 38675 79001 0 212407 212000 17824 152082 0 12554 0 17824 103719 130036 212000 39206 0 127053 63009 19128 212000 94564 212100 136996 202992 214004 211564 70555 154289 211564 207659 14728 67181 0 0 126209 103719 211564 217345 175361 79649 154289 199004 19469 211640 61567 103929 123012 14728 235488 193750 66466 211564 57919 212000 179678 97138 103719 211564 216423 0 214004 0 155990 97062 103719 216402 98465 20119 0 212000 26486 8871 0 81322 217565 214004 217565 125207 192793 154289 159988 31024 155337 211564 231678 211564 235488 17824 40720 0 214004 211564 78541 136996 0 175921 81322 36871 0 14728 199016 211379 214004 0 131372 195406 14728 211564 104250 106965 154289 0 14728 108821 212000 13123 153872 212566 32626 189950 0 199473 0 211564 199016 164452
130919 25670 208510 130919 25670 208510 0 13123 38675 25670 208510 106711 208510 211520 106711 222419 19128 211564 143422 169367 49450 224340 103719 141226 18381 212000 230243 130085 214004 179183 211564 136237 136237 14728 95140 208523 222419 103719 232891 228806 102710 232108 111067 155389 208510 125112 18414 130085 107266 67380 214004 172946 29228 91117 155337 208523 232141 9071 229906 125097 208523 17824 202124 222419 103719 198218 18381 211520 63539 152082 148622 121947 91117 0 17824 211564 130919 79519 103719 89991 77308 37164 85439 95750 81322 157248 49450 224341 14728 197979 230959 216266 103719 104422 49450 224341 212000 13123 85439 95750 81322 153730 155990 20531 11053 136237 208523 230243 211564 67278 0 0 201307 179190 136237 208523 230711 91117 155337 136237 208523 26434 169367 70888 214004 231648 10255 95140 208523 95140 208523 52784 152082 40761 18414 203165 70888 214004 231648 10255 136237 208523 211564 152608 229643 212463 14728 157248 15961 229646 103719 211564 48905 228806 130085 52931 9048 142930 171478 214004 205555 103719 12554 219063 154289 49450 229643 60297 130085 169367 0 214004 58707 211564 18414 211564 77879 199089 130919 25670 208510 229078 211564 5714 14728 211564 77879 13837 0 229078 211564 0 161535 37388 211564 122184 2589 0 230243 132527 37388 80413 230338 85246 34841 104132 108586 211564 222526 206066 206238 14728 211564 221179 201367 211564 199089 221131 130085 0 225177 174293 26439 107266 148625 211670 79479 211640 219051 154289 228806 211564 199089 221131 103644 211564 39478 37388 179190 211564 0 0 232108 14397 21361 0 212204 130085 211564 0 196938 230742 13123 131156 211564 208510 93715 214004 190122 155990 97900 211564 199089 221131 130085 140487 211520 52784 26117 193860 144135 75729 211454 157248 14053 10196 211564 48905 228806 13837 208523 174293 58708 106442 208523 103719 211564 90929 228806 211564 13837 0 230243 202124 152082 19128 87949 19128 20531 95607 20119 60450 106442 208523 198218 185390 211520 211564 0 52784 152082 202463 14397 70581 79519 81322 20535
0 0 0 0 0 0 108565 930 2334 2436 229078 211564 44991 0 154289 200653 0 0 20119 29953 94900 229078 38675 0 0 27453 0 0 94900 229078 211564 80154 154289 0 140490 94900 105966 97493 0 154289 0 14728 235216 103719 73312 14728 13835 94900 35272 97494 214004 211564 201447 154289 131069 232891 178656 66466 211564 70392 154289 211564 2652 42593 0 106711 50970 214004 26117 131069 79519 103719 211564 180168 154289 97494 103719 141226 104132 94900 106711 163162 28289 117085 79479 97782 0 199547 26732 232108 195766 14728 35259 154289 13835 212564 212204 94900 105966 97494 20119 211564 160641 154289 211564 232891 178658 20119 44926 103719 2401 0 0 229078 32619 103719 0 0 103719 0 155337 930 108565 2334 94900 229078 147145 0 0 97782 75861 0 0 229078 14397 20650 154289 0 97138 53054 97782 143469 229078 0 0 0 212124 14728 163540 230243 104550 37388 97782 160489 75861 37388 97782 0 139727 14728 211564 143469 37388 96131 178661 0 81322 97782 143469 94900 0 211564 169353 154289 190568 235488 0 229078 14397 74244 103719 136225 14728 52784 71014 211564 201354 154289 0 225177 67382 94900 187834 125097 230753 75255 19557 155357 94900 92143 226569 154289 35942 66466 97782 136225 66466 97782 45098 94900 92143 89263 0 79479 0 0 14728 142080 94900 229078 13123 14397 74244 103719 83195 14728 0 212110 73569 103719 97782 235488 10337 94900 193935 178739 122869 173944 97782 45098 81148 229078 0 0 103719 97782 235536 94900 226585 211564 0 0 14728 122199 94900 38953 103719 51182 232108 200653 0 200653 0 0 97401 14728 10196 97782 58165 0 123266 97782 99710 94900 214683 211564 142067 0 0 14728 201493 20119 211564 0 141852 232108 97782 142067 122199 94900 191644 157515 79479 215371 104132 94900 0 81322 166386 214004 166386 221763 94900 176792 0 14728 58417 214004 20575 211564 160641 154289 178658 20119 44926 94900 59201 211564 89263 199547 20119 44926 14728 35272 97494 214004 211564 201447 154289 131069 178656 0 26434 225177 168604 10196 0 0 20119 132560 166408 154289 13835 14728 70687 94900 38953 22689 214004 104132 14728 80153 211564 0 0 14728 140490 103719 2407 94900 13123 80153 211564 0 0 103719 0 148448 0 155337 132800 2428 2409 211564 0 229078 33829 154289 211564 0 134406 94900 50024 211564 75359 0 198357 0 0 0 155337 110829 2436 94900 0 221873 103719 211564 67289 143107 230204 214004 211564 43701 20119 0 134406 14728 0 79479 212475 99704 94900 209242 0 186743 88815 14728 211564 164526 154289 235216 214004 172695 122199 0 232108 49038 166567 0 49066 103719 211564 0 134406 20119 191764 0 230204 214004 97782 182630 19535 152082 214004 26117 63121 94900 61505 20119 389 230753 0 0 32309 155337 211564 80175 0 0 235216 0 235216 0 235216 14728 0 235216 17824 202124 190178 19128 81930 211296 79479 16364 105555 103719 211564 97493 169516 154289 235216 97782 124221 17824 154289 89263 126049 14728 199935 199926 94900 229078 13123 50970 225177 87949 195421 14728 167480 37388 211564 213307 154289 97782 58165 94900 92143 50024 132560 198390 103931 97782 76027 198357 0 143469 94900 222419 100453 79479 97782 209602 14728 229078 13123 14397 73871 51595 97782 121660 106711 225177 80748 78835 211949 12554 232878 230243 0 214004 79730 227306 191644 211564 49973 232878 154289 0 0 32268 213775 0 81322 211564 49973 232878 154289 0 0 106711 13123 225177 168604 0 0
0 30308 132764 0 30308 132764 106711 115916 154289 57477 125366 230742 229078 0 81322 0 103719 60002 70687 155357 55657 218540 14728 0 107433 193413 30308 205399 26488 225177 26377 203026 199422 0 30308 132764 106711 152082 132764 79769 37388 95086 37164 197132 190083 181955 93681 134087 154289 0 139794 214004 131133 18807 153643 0 30308 132764 39206 26117 55657 19128 134384 154289 211670 14728 172946 214176 232108 157248 77591 202437 60000 145225 94173 61165 154289 0 97329 130085 81322 0 30308 132764 14728 157248 139794 0 30308 132764 92143 26631 222419 79479 58537 172826 195338 211564 169975 10337 0 154289 0 229078 117085 214004 222417 0 30308 132764 96049 229386 166799 103563 182307 103719 211564 60722 154289 211564 126587 104318 154289 0 0 30308 132764 103719 211564 0 94900 229078 211564 220445 154289 60002 0 230835 229386 14728 92143 229254 139425 20119 0 103719 211564 229254 0 0 14728 157248 58537 107371 154289 0 230243 80971 215695 66466 211564 122184 2424 14728 67289 2652 42593 110079 0 92143 145225 103719 0 25544 211520 58125 103719 30308 132764 15470 0 40882 30308 132764 105890 165273 222475 61231 132560 18807 153643 154289 0 30308 132764 17824 49042 103719 126587 105278 103931 212397 154289 60000 145225 0 145225 14728 0 99710 103719 2772 100219 30869 154289 0 30308 132764 230243 80147 220635 103719 60000 211564 0 154289 211949 229078 0 26439 211949 30869 17824 223463 211564 182022 139097 94564 26631 7509 230711 14397 0 30308 132764 132528 143807 103719 211564 2371 0 30308 132764 106711 115916 154289 125366 230742 51211 198218 40103 14728 107433 160865 17824 225177 196936 107433 57477 49285 106711 81322 0 14728 155357 55657 14728 0 211564 205399 0 20119 77879 211564 181955 229078 0 81322 0 139761 14728 122199 103719 2271 81322 148449 0 166593 148448 0 0 30308 132764 39206 26117 132527 105890 0 0 14728 157248 195181 153643 155990 0 214004 131133 197132 78294 107371 204070 19128 0 14728 159988 229917 60000 145225 14728 18807 82970 94173 49048 154289 232851 14728 160800 107371 154289 0 30308 132764 8767 81322 14397 0 232882 158184 37388 211564 0 75344 212204 49047 13123 103929 165301 154289 202437 230742 230243 55657 14728 176842 214004 172946 105890 211564 30308 132764 22725 79690 14728 125313 154289 211564 223381 230243 219093 60294 223845 202437 230243 222419 232108 0 30308 132764 0 31076 14728 0 202437 17824 81322 0 0 81322 0 56862 103719 0 106711 115916 154289 0 14728 94173 177506 14728 230835 122718 0 31042 110079 81322 0 106711 115916 154289 0 14728 94173 172818 14728 234862 49314 29856 181955 94173 60286 130085 81322 211564 80071 103719 107266 66047 177506 106711 197529 223463 211520 107266 229078 202494 20119 0 99710 211564 0 60286 103024 193961 198218 154289 211564 49470 60209 96237 103719 211564 122184 0 60002 0 230835 229386 130085 85010 165270 31270 222475 0 30308 132764 105890 230742 157248 126587 182022 230243 0 211949 31270 193919 122718 154289 181955 103719 61621 160927 154289 211564 52947 60000 145225 94173 61165 154289 0 97329 130085 81322 0 30308 132764 14728 157248 139794 231512 133651 229078 155357 160915 232108 229386 14728 233215 211564 77879 189129 203355 154289 80071 97782 0 0 187959 211520 230835 229386 220445 14728 232853 20119 211564 30308 132764 139761 38675 198218 154289 211564 80071 54196 207690 26439 212000 212409 212000 230243 211564 178725 154289 54197 103719 2764 0 145225 33055 211564 30308 132764 49047 211520 92143 26631 123266 37388 110079 138545 0 94900 92143 199648 157787 5055 234783 214004 49039 211670 10196 77583 211520 97782 14683 92143 26631 106172 103719 0 30308 132764 132531
0 231398 211564 0 231398 106711 210766 211520 106711 222419 79479 175921 154289 17831 103719 209081 21178 211564 232891 96290 17831 103719 198989 230338 209081 230384 209081 14728 42521 97160 17824 211564 143422 230072 117085 99838 211834 17824 13123 157248 231398 17831 103719 209081 0 14728 211564 0 143681 231398 211834 106711 13123 14397 156275 117085 19128 211564 0 231398 197680 211564 232891 96290 17827 106711 155389 154289 211564 121959 50937 17831 103719 21178 53197 1163 116897 155990 12927 2729 154289 209081 211564 17827 0 155389 154289 211564 122153 0 154289 210304 231398 103719 211564 232891 103931 211564 179029 198989 230338 231398 211564 17827 26434 220854 232891 96290 195797 103719 2609 14728 107266 229078 74396 103719 2620 107266 106711 103563 79479 32895 107433 147963 223467 37164 13123 107433 55198 223470 19128 230072 178725 80147 103719 125366 41853 193919 211520 100381 94564 126212 103719 211564 17827 79479 230072 157787 2729 234783 211564 0 213082 229078 211564 121959 0 14728 211564 122153 126257 199490 154289 211564 75344 0 211564 122153 117085 199490 61505 103719 39949 103719 2519 211564 232891 121959 205558 40536 0 106711 211564 0 60763 107266 106711 211564 195912 154289 196936 63755 14728 39206 100575 13227 107266 106711 130939 0 107266 26434 74432 155337 211564 130934 198218 5538 234783 10531 14728 106711 152375 80147 155471 103719 209081 211564 79278 147865 160621 14728 179482 131133 221873 211564 0 231398 232891 96290 17827
0 0 0 0 0 32619 191188 2004 2584 103719 0 0 106711 184116 179879 170924 102041 98182 123266 231788 94900 166799 215203 154289 709 189828 103719 211564 150025 232108 211564 149657 109339 60773 232108 211564 68066 154612 232108 211564 164395 78994 14728 232108 211564 44926 30351 94900 143807 22689 214004 184115 103719 2750 14728 179879 94900 232553 211564 201148 55327 232108 211564 149657 109339 60773 103719 2636
139220 0 139220 0 32619 76226 1795 2609 103719 0 184116 0 106711 184116 170924 102041 98182 42544 94900 55486 166834 79479 211564 0 0 154289 211564 0 98182 122906 0 13123 166799 103719 211564 150025 79479 215203 154289 189828 232108 211564 44926 30351 14728 232108 211564 78746 159876 94900 229078 65013 37388 211564 44926 30351 232108 211564 696 157794 165184 103719 211564 2731 150025 65012
174133 104135 58732 211564 174133 104135 58732 106711 14397 103563 58732 214004 0 107266 76214 0 154289 30308 0 107266 201320 19128 79280
0 211564 0 155990 0 17824 160800 154289 211564 128514 212000 17824 211564 77879 0 33832 211520 151115 127084 94564 0 212000 17824 33832 154289 211564 0 211564 0 70392 37388 71021 211564 46886 0 38675 0
81807 0 122731 81807 0 122731 106711 91581 0 211564 143805 106711 72584 0 37164 106175 81807 218910 103719 211564 11019 107266 39206 26117 163140 0 0 155990 202677
134191 154289 172247 9357 134191 154289 172247 9357 222563 7600 0 106711 0 8211 134191 58903 86509 37388 221236 222563 107266 106711 21843 79479 203344 215447 9357 103719 211564 172247 190004 14728 151431 156298 222563 172247 167770 106711 160800 154289 211564 203355 9081 211834 134939 26117 203344 154289 0 28439 52931 107266 106711 222563 179395 214004 201304 63663 103719 172247 9357
0 0 106711 31042 0 80147 103719 208631 103719 211564 0 97371 148448 211564 47071 154289 0 14728 143679 0 107266 106711 147145 10196 211564 52932 154289 208631 230717 107266 106711 80147 107266 106711 115916 154289 139780 38675 0 230711 107266 106711 77879 0 0 106711 222563 177506 49324 107266 148638 214004 26117 95087 214004 5538 58904 42352 103719 199447 157783 214004 34765 157515 107433 172818 49324
69246 0 69246 0 13123 38675 0 17824 16352 154289 1795 199473 154289 176288 10132 131770 147145 79479 211640 127053 0 14728 78505 197424 0 12554 94564 196691 31446 196634 125344 14728 225177 127053 97464 123400 14728 76325 13227 212000 179461 0 212000 17824 152082 0 37164 0 211564 0 156149 0 127053 212409 214004 26117 178562 214004 0 212000 17824 8901 142930 47951 178562 214004 69250 211454 214004 0 13227 212204 229078 152082 117085 155990 73569 231111 27026 221763 211564 2627 69246 0 17824 210886 14728 17824 8871 66466 211564 57919 211640 67317 14728 74584 17824 121947 14728 230711 0 212000 183909 155337 211640 214146 0 12974 161367 212000 51120 14728 130954 198253 0 157787 0 230711 0 212000 143805 12974 211564 0 222475 211640 0 14728 211564 51064 143844 0 214004 218527 157787 122885 0 14728 197874 103719 189784 154289 170375 230742 50990 154289 196936 105106 72448 16275 14728 0 157248 18907 14728 0 0 122163 218938 142532 14728 0 51200 155389 155990 218938 230072 235488
0 0 13123 38675 0 106711 16352 154289 80175 199473 154289 75090 196936 0 96197 131770 103719 211564 156149 0 16352 154289 195875 199473 154289 196936 0 131760 0 147910 214004 10129 14728 74505 199054 19469 0 17824 230072 0 53726 232108 193790 207659 143422 135993 28439 3843 48173 127053 14728 229902 28439 114828 0 17824 137301 103719 211564 154868 211043 154289 211564 28956 14728 107266 106711 168985 211520 211564 95167 232812 79479 0 106711 211564 198954 154289 211564 147143 154289 170173 199229 73569 212407 0 17824 152082 147910 214004 199229 174754 17824 14728 211564 211800 201367 211520 67289 95167 74303 50970 211564 174754 214004 26117 223834 154289 0
0 0 135976 214004 43564 166408 107266 106711 209725 210766 103719 191779 0
0 227357 0 0 227357 0 32619 1163 191188 2598 103719 0 206238 106711 206211 170924 102041 98182 123266 231788 211520 55486 166834 79479 211564 0 0 154289 211564 206211 147865 122906 227357 0 13123 166799 103719 211564 150025 79479 189821 232108 211564 44926 30351 14728 13123 79479 211640 75621 209622 20119 211564 213307 211564 151778 0 94900 229078 65013 37388 211564 44926 30351 232108 211564 0 157794 165184 103719 211564 2731 150025 65012
179068 0 179068 83766 229514 0 32619 58381 389 2608 103719 0 120370 0 11798 106711 39216 102041 98182 123266 231788 94900 55486 166834 79479 211564 142601 39221 154289 211564 147865 98182 122906 150025 0 13123 166799 79479 211564 44926 30351 79479 189828 26694 26870 215695 214004 211564 38583 78205 79479 189950 183176 190516 20119 211564 2772 150025 71163 65012 0 106711 147910 13837 14728 94900 95767 157515 103719 132560 0 211520 95750 211564 147910 13837 162859 103719 11798 94900 13123 201307 43853 38675 0 0 230742 0 45105 81322 211564 0 0 147863 230959 94564 130085 168946 51419 103719 211640 188829 232108 212968 214004 38583 78205 83195 0 229078 215695 214004 211564 142601 39221 79479 0 0
0 0 106711 50394 103719 230742 198250 207902 103719 15713 203903 107266 106711 164968 155990 44479 164338 155990 170800 103719 230742 20433 141613 155990 106276 71014 103719 211564 104947 160800 38675 0 154289 83780 125896 155990 198035 134372 212204 106711 61621 170800 81322 0 141613 0 0 17824 87591 58646 105890 211564 227306 154289 211564 134372 105240 103719 211564 40977 154289 0 141613 202463 20119 211564 205399 154289 211564 134372 142930 84653 210766 106711 0 230742 53201 0 0 14728 106250 73896 157248 135972 154289 0 17824
0 0 106711 49768 107266 106711 80147 103719 211564 178090 0 103719 211564 0 59841 103719 211564 230338 154289 80413 0 106711 218900 232108
0 0 106711 49768 107266 106711 80147 103719 211564 178090 0 103719 211564 0 59841 103719 211564 230338 154289 80413 0 106711 218900 232108
185459 185459 106711 49768 107266 106711 80147 103719 211564 178090 0 103719 211564 0 59841 103719 211564 230338 154289 80413
0 0 106711 49768 107266 106711 80147 103719 211564 178090 0 103719 211564 0 59841 103719 211564 230338 154289 80413 0 106711 218900 232108
0 0 0 106711 49768 107266 106711 80147 103719 211564 178090 0 103719 211564 0 59841 103719 211564 230338 154289 80413 0 106711 218900 232108 39680 0 116867 81322 0 14728 155337 211564 49768 154289 0 106711 211564 70392 154289 211564 5523 200905 154289 211564 2798 215356 58065 80413
